0.357962012291,0.504986166954,0.486988991499,0.549920558929,0.577736437321,0.577414989471,0.506923377514,0.444052726030,0.323503941298,0.090341404080,-0.071057878435,-0.207012951374,-0.343218296766,-0.566795587540,-0.786794483662,-0.760183155537,-0.565603852272,-0.336659371853,-0.108328789473,0.114256642759,0.219799086452,0.280274927616,0.389635026455,0.435609579086,0.514232695103,0.624553143978,0.644362688065,0.600477814674,0.556033670902,0.399722367525,0.097411081195,-0.043316707015,-0.163257762790,-0.394197225571,-0.449962437153,-0.416280537844,-0.342422485352,-0.304877936840,-0.295820862055,-0.169324457645,-0.284690886736,-0.393183797598,-0.235982969403,-0.263887703419,-0.142217114568,0.163965180516,0.222465813160,0.249525725842,0.230326369405,0.176903322339,0.191820278764,0.167158290744,0.072324156761,-0.011234182864,0.115626066923,0.088851928711,-0.124538958073,-0.151787519455,-0.361564517021,-0.611670196056,-0.620671689510,-0.577462077141,-0.432462424040,-0.249382570386,-0.018556537107,0.211879342794,0.385876029730,0.581151962280,0.686138689518,0.757519543171,0.849728465080,0.979305505753,1.068155646324,0.989889979362,0.823321282864,0.545261979103,0.331280201674,0.135939195752,-0.124349281192,-0.141257226467,-0.153213024139,-0.182543963194,-0.108731627464,-0.220483690500,-0.375161796808,-0.448039919138,-0.419793128967,-0.399397492409,-0.437158644199,-0.236661717296,0.034517563879,0.257421076298,0.399481147528,0.458823442459,0.615483522415,0.555382311344,0.412078678608,0.274493008852,-0.030327580869,-0.118695564568,-0.188193157315,-0.293234556913,-0.461453408003,-0.844203174114,-0.941560328007,-1.003464937210,-0.999113261700,-0.746362864971,-0.595571160316,-0.340728819370,-0.220755636692,-0.106719926000,0.055927153677,-0.036270111799,0.104243792593,0.174874186516,0.292721599340,0.651724159718,0.694566726685,0.676167845726,0.501736581326,0.311398804188,0.125921443105,-0.202879995108,-0.208422034979,-0.317169666290,-0.272173434496,-0.097942747176,-0.267570286989,-0.154786556959,-0.211921304464,-0.311294376850,-0.209196656942,-0.346721351147,-0.122956432402,0.112632684410,0.239171028137,0.506679773331,0.468838155270,0.401733100414,0.399035722017,0.439041465521,0.485490202904,0.494493752718,0.468961507082,0.337256759405,0.377038210630,0.245573312044,0.003145711264,-0.143597185612,-0.431621521711,-0.480054467916,-0.502782702446,-0.518498718739,-0.333420336246,-0.255057871342,-0.131872102618,0.008863211609,0.091598391533,0.114923879504,0.225104033947,0.430379003286,0.543732106686,0.746821045876,0.720177888870,0.584559440613,0.417047321796,0.025231070817,-0.069850698113,-0.229812130332,-0.311154276133,-0.145755857229,-0.336185306311,-0.338258802891,-0.311402291059,-0.438772946596,-0.408444106579,-0.619559645653,-0.705945372581,-0.582681715488,-0.459352523088,-0.114282295108,0.103004492819,0.140900120139,0.229132235050,0.327791363001,0.335817813873,0.295870214701,0.367715507746,0.388839185238,0.340344995260,0.242216974497,0.013255391270,-0.265035241842,-0.534752786160,-0.625536441803,-0.733883678913,-0.949942708015,-0.840813934803,-0.557781636715,-0.392247915268,-0.251266986132,-0.085653357208,0.102815657854,0.198476567864,0.211448982358,0.274183779955,0.362556844950,0.496761888266,0.680943787098,0.755432248116,0.664341151714,0.506736338139,0.265298277140,-0.089247442782,-0.350292980671,-0.276434779167,-0.096683248878,-0.070915676653,-0.042440865189,-0.144768178463,-0.262166261673,-0.255726218224,-0.416015356779,-0.380344271660,-0.231370329857,-0.189396142960,0.050915960222,0.160626173019,0.234914079309,0.320422708988,0.172261804342,0.127956986427,0.110995687544,0.148478880525,0.274376392365,0.336382836103,0.422328054905,0.287898957729,0.070969603956,-0.176183521748,-0.518836081028,-0.592695415020,-0.662925243378,-0.696233570576,-0.537872135639,-0.523124456406,-0.362834513187,-0.094787262380,-0.004826929420,0.071535468102,0.075480885804,0.141237109900,0.340469986200,0.533025681973,0.630930125713,0.523261547089,0.412269145250,0.204243332148,0.031235110015,0.078316375613,-0.129801452160,-0.247507661581,-0.106667734683,-0.092433772981,-0.063471734524,-0.117294542491,-0.240502059460,-0.387297093868,-0.538851022720,-0.510082840919,-0.312645405531,0.015930937603,0.218529284000,0.451039254665,0.675903916359,0.649197220802,0.734880745411,0.652193963528,0.552910864353,0.653382241726,0.574833095074,0.541715860367,0.299502432346,-0.026983797550,-0.221957698464,-0.496412605047,-0.619246244431,-0.878475129604,-0.933032691479,-0.576542854309,-0.379564642906,-0.183401226997,-0.042799439281,0.014744708315,0.102144584060,0.179629251361,0.246608197689,0.323840409517,0.558356404305,0.544139504433,0.366961359978,0.330310374498,0.189820945263,0.048648953438,-0.295342713594,-0.513607025146,-0.406599938869,-0.522047936916,-0.415693461895,-0.272431820631,-0.381299704313,-0.300881415606,-0.351521670818,-0.505337178707,-0.555316090584,-0.529391169548,-0.424251705408,-0.324728041887,-0.087550595403,0.043057113886,0.046389210969,0.205389469862,0.320598423481,0.300166636705,0.226203352213,0.250537574291,0.332112729549,0.399448096752,0.351529717445,-0.069785423577,-0.356068223715,-0.372167229652,-0.471816867590,-0.357675343752,-0.257065415382,-0.293547719717,-0.111342035234,0.087260171771,0.168019726872,0.205844819546,0.263934642076,0.279101490974,0.270011782646,0.411503434181,0.557065904140,0.713406920433,0.768680214882,0.610487878323,0.451841473579,0.197680070996,0.048775173724,-0.020110229030,-0.158633902669,-0.052725974470,-0.043633736670,-0.126901045442,-0.098941095173,-0.214086487889,-0.285766929388,-0.344764977694,-0.388631045818,-0.319490134716,-0.127418130636,0.167811304331,0.217247143388,0.292949169874,0.392994374037,0.224933475256,0.164639458060,0.167572125793,0.120754785836,0.000910984643,-0.104724638164,-0.121580615640,-0.248200640082,-0.291267633438,-0.431511491537,-0.680011689663,-0.766857683659,-0.766047716141,-0.515356481075,-0.303568989038,-0.235959529877,-0.143508121371,-0.032981757075,0.138833746314,0.097782731056,0.153054341674,0.294292837381,0.296222686768,0.483253836632,0.489517062902,0.487303793430,0.509587287903,0.141497224569,-0.163468480110,-0.466371536255,-0.631626904011,-0.547234237194,-0.519792020321,-0.293409019709,-0.251433998346,-0.361000239849,-0.309129357338,-0.383732229471,-0.340365737677,-0.295143723488,-0.199081808329,0.094605103135,0.276842951775,0.470031797886,0.417383104563,0.262264758348,0.283900290728,0.172393068671,0.207804679871,0.237260550261,0.151757836342,0.228821843863,0.200902968645,0.094420269132,-0.078559331596,-0.295610278845,-0.457497209311,-0.533362925053,-0.372055113316,-0.236612245440,-0.115499168634,0.063838228583,0.205252543092,0.355109065771,0.316139996052,0.247038409114,0.246836766601,0.319290757179,0.464743375778,0.485787510872,0.563671290874,0.495008170605,0.290271729231,0.125542789698,-0.267420977354,-0.454471945763,-0.346245110035,-0.304218292236,-0.296066850424,-0.311360120773,-0.295404940844,-0.339412808418,-0.414403587580,-0.454106777906,-0.476749569178,-0.410547643900,-0.278790920973,-0.061604671180,0.073165945709,0.215157344937,0.399685114622,0.320517420769,0.283251017332,0.314418494701,0.247531190515,0.207779482007,0.121132642031,0.044188022614,-0.222615405917,-0.516415655613,-0.567636668682,-0.768060028553,-0.849565446377,-0.696166217327,-0.656691849232,-0.474200963974,-0.095708765090,0.176437735558,0.329483270645,0.551242053509,0.699680030346,0.752997100353,0.933791339397,1.048126459122,1.115851521492,1.104863286018,0.869040608406,0.629845798016,0.291883200407,-0.058078058064,-0.273541361094,-0.500197231770,-0.551199018955,-0.406434893608,-0.248368352652,-0.173858329654,-0.172712400556,-0.133548751473,-0.091333717108,-0.099709793925,-0.169725462794,-0.047165311873,0.256698727608,0.321702986956,0.347139358521,0.339085608721,0.171580567956,0.203364267945,0.190162733197,0.072595983744,0.073779478669,0.022099180147,-0.052217356861,-0.248258993030,-0.455216854811,-0.589613139629,-0.818540453911,-0.914543986320,-0.904428005219,-0.768950045109,-0.494096040726,-0.305931329727,-0.090411111712,0.117594756186,0.212973281741,0.255380630493,0.285177946091,0.275355637074,0.291446268559,0.436692804098,0.506913065910,0.458430200815,0.324091345072,0.191485330462,0.162945359945,-0.005713957828,-0.155503898859,-0.116296820343,-0.111487820745,-0.120336622000,-0.025402227417,0.066714011133,0.045346964151,0.070742659271,-0.024252843112,-0.196077272296,-0.080765552819,0.081249102950,0.384267717600,0.716200232506,0.701529026031,0.618875026703,0.503626227379,0.443446099758,0.391913473606,0.339662045240,0.548358142376,0.480103790760,0.187503784895,0.206420645118,0.098099946976,-0.214876919985,-0.340050518513,-0.484860986471,-0.671376466751,-0.487339496613,-0.220640137792,-0.098110727966,0.103311762214,0.105349890888,0.135189890862,0.289764404297,0.206372320652,0.350696712732,0.544627308846,0.494449615479,0.603006958961,0.558838307858,0.337075799704,0.176613405347,-0.192036315799,-0.428844273090,-0.457527875900,-0.629259824753,-0.499876499176,-0.310624688864,-0.460252583027,-0.459510147572,-0.499837130308,-0.683360636234,-0.681989252567,-0.610972702503,-0.431819975376,-0.118586435914,0.089854992926,0.234283551574,0.406751543283,0.424643427134,0.393438756466,0.343327224255,0.252669066191,0.291154175997,0.163011744618,0.105758242309,0.134743154049,-0.218572363257,-0.415124833584,-0.594186246395,-0.880819857121,-0.823473274708,-0.699020743370,-0.453993380070,-0.266190320253,-0.141149222851,0.138365551829,0.155767947435,0.175721928477,0.302649736404,0.363356113434,0.522913038731,0.697805762291,0.778020501137,0.749983251095,0.762172996998,0.564627408981,0.216904789209,0.035299748182,-0.188335016370,-0.123559676111,0.055979568511,-0.007263358682,-0.041892293841,-0.163705408573,-0.227179065347,-0.248262479901,-0.348071277142,-0.370025157928,-0.292726695538,-0.083841361105,0.026150083169,0.229326486588,0.478466033936,0.458460390568,0.458305716515,0.399696975946,0.424078375101,0.459435492754,0.354088783264,0.438367843628,0.373109817505,0.269117683172,0.099315546453,-0.363239794970,-0.562208950520,-0.688222050667,-0.851076245308,-0.733138203621,-0.546482443810,-0.461654871702,-0.207868695259,0.122888326645,0.096675656736,0.129150956869,0.173435196280,0.250533074141,0.633618175983,0.710607111454,0.825656294823,0.787231683731,0.422526389360,0.367794156075,0.088620632887,-0.149726033211,-0.202260673046,-0.332677781582,-0.283491790295,-0.255479663610,-0.200716033578,-0.233229205012,-0.184759080410,-0.236743569374,-0.525702655315,-0.367191612720,-0.191998794675,0.031971432269,0.364271044731,0.401241600513,0.523238599300,0.540016114712,0.558261632919,0.632692039013,0.551038265228,0.593507528305,0.481960743666,0.374893218279,0.355592101812,0.055440120399,-0.121119014919,-0.231410026550,-0.511474609375,-0.658302545547,-0.656409502029,-0.583482921124,-0.490207582712,-0.253439098597,0.050526358187,0.054832469672,0.041520845145,0.108287379146,0.140547275543,0.309547454119,0.423629283905,0.489844769239,0.448783904314,0.238505035639,0.135886073112,0.014286843129,-0.083160638809,-0.139927044511,-0.285506486893,-0.295972317457,-0.135749801993,0.001454067766,-0.059453673661,-0.154819756746,-0.269023060799,-0.455419093370,-0.436264306307,-0.416634023190,-0.396655589342,-0.239254787564,-0.115908630192,0.039616085589,0.095396585763,0.107946977019,0.172766074538,0.145030811429,0.207518905401,0.392604231834,0.474882185459,0.480000078678,0.514810800552,0.430405616760,0.295355916023,0.057312965393,-0.254640221596,-0.196024835110,-0.259909182787,-0.360423207283,-0.026734869927,0.030808962882,-0.020003305748,0.012660685927,-0.008958903141,0.222304567695,0.295592725277,0.289547592402,0.540880322456,0.696888685226,0.711481928825,0.775654017925,0.747542262077,0.381489068270,0.232792928815,0.311781316996,-0.007689494640,-0.035307936370,0.162475556135,0.055694703013,0.124783605337,-0.005897847936,-0.391932308674,-0.488791227341,-0.535285294056,-0.588354229927,-0.490738481283,-0.278256803751,0.004536436871,0.231328472495,0.297397017479,0.324131667614,0.364000260830,0.361121892929,0.467913031578,0.544660151005,0.461990058422,0.424441039562,0.234313398600,-0.096794031560,-0.293904453516,-0.544160783291,-0.682809472084,-0.613064885139,-0.644665956497,-0.495801359415,-0.252220094204,-0.229680970311,-0.137927293777,-0.004771076143,0.047256991267,0.043248523027,0.117812350392,0.360512882471,0.552405953407,0.668102741241,0.677935898304,0.597435772419,0.429578304291,0.106880016625,-0.170142382383,-0.282087862492,-0.259618848562,-0.289457738400,-0.281363964081,-0.130726948380,-0.130662903190,-0.213640078902,-0.373637914658,-0.601387202740,-0.603940784931,-0.464244693518,-0.297722876072,-0.026042677462,0.246426403522,0.307559490204,0.278240472078,0.281617403030,0.250462383032,0.356969207525,0.472275972366,0.440122216940,0.403950065374,0.246114760637,0.149609148502,0.040682036430,-0.377786278725,-0.550032317638,-0.545056402683,-0.656625211239,-0.480339705944,-0.241406574845,-0.074610836804,0.158164426684,0.253769248724,0.283734232187,0.376301467419,0.450951904058,0.483021557331,0.605185568333,0.696472942829,0.633810400963,0.653153717518,0.613116025925,0.310004532337,-0.012174785137,-0.170865967870,-0.269692301750,-0.257122933865,-0.092050209641,-0.107237696648,-0.209633022547,-0.270137339830,-0.367332279682,-0.346355140209,-0.403825044632,-0.483756244183,-0.338477134705,-0.111733622849,0.173925861716,0.423633664846,0.457934468985,0.344049394131,0.305232763290,0.356322437525,0.407980531454,0.396589636803,0.217045590281,0.128224238753,0.157509118319,-0.053443413228,-0.390877217054,-0.603324174881,-0.736894607544,-0.738076627254,-0.493968695402,-0.229939341545,-0.006479652133,0.220935821533,0.356347709894,0.457307845354,0.456754237413,0.572828352451,0.787607252598,0.717828333378,0.792428910732,0.919595062733,0.679407417774,0.537588417530,0.306233972311,-0.172982648015,-0.284149408340,-0.277019262314,-0.440022885799,-0.395538359880,-0.267559885979,-0.221283748746,-0.072883471847,-0.010478140786,-0.173134028912,-0.269276559353,-0.235245585442,-0.103817448020,0.022370688617,-0.010446721688,0.092453733087,0.183159992099,0.131841182709,0.193908363581,0.007166907191,-0.119606055319,0.021331463009,-0.078739777207,-0.042896289378,0.008170343004,-0.222203359008,-0.315954595804,-0.349415361881,-0.426624536514,-0.529533088207,-0.550664007664,-0.364525139332,-0.196701958776,-0.057114191353,0.080583915114,0.130883693695,0.125460296869,0.112035267055,0.186866804957,0.325096338987,0.429798722267,0.464719295502,0.477758467197,0.463136345148,0.289972066879,0.165533140302,0.162435606122,0.037834618241,-0.006476104259,0.089750498533,0.147756382823,0.124407537282,-0.020861163735,-0.051269106567,-0.068805620074,-0.242613375187,-0.265898823738,-0.204038232565,-0.087266333401,0.144597664475,0.225452035666,0.241049528122,0.369639962912,0.449694305658,0.470988720655,0.528454899788,0.483872801065,0.391748726368,0.355201482773,0.313881129026,0.303574174643,0.051558051258,-0.335136920214,-0.491099238396,-0.695423305035,-0.781259894371,-0.545185148716,-0.422383189201,-0.380815178156,-0.171699523926,-0.029383180663,0.061855617911,0.315629601479,0.338511973619,0.252578318119,0.521571457386,0.685884714127,0.614333868027,0.589225649834,0.494929254055,0.277370333672,0.005840878934,-0.178335413337,-0.308521300554,-0.484184741974,-0.496405035257,-0.345283895731,-0.320320993662,-0.406194359064,-0.491726875305,-0.654700160027,-0.676299393177,-0.544598758221,-0.517585456371,-0.317222148180,-0.071776218712,0.027361843735,0.297481566668,0.391243696213,0.290447592735,0.373430132866,0.393985599279,0.495683193207,0.624978423119,0.370970904827,0.123110987246,0.029092974961,-0.177916675806,-0.407205581665,-0.648789048195,-0.860373198986,-0.793978214264,-0.475467443466,-0.207213237882,-0.044689606875,0.091267466545,0.170418784022,0.284311085939,0.344943761826,0.295234054327,0.316806823015,0.356939971447,0.463152647018,0.592002630234,0.542950749397,0.492537319660,0.368286997080,0.085286870599,-0.064974240959,-0.148025423288,-0.163319200277,-0.098335951567,-0.201608181000,-0.283206164837,-0.325279563665,-0.414084583521,-0.398540645838,-0.483672082424,-0.515969812870,-0.287738054991,-0.053820651025,0.224500745535,0.426040858030,0.327674120665,0.243905618787,0.313970595598,0.332109093666,0.389115750790,0.464954853058,0.361221432686,0.253102988005,0.128777846694,-0.138400942087,-0.365592122078,-0.554195702076,-0.737246870995,-0.797248959541,-0.742772102356,-0.638061583042,-0.466498702765,-0.274304389954,-0.155146822333,-0.041134912521,0.084181502461,0.219670370221,0.433606803417,0.605064392090,0.719686865807,0.809700727463,0.691355168819,0.529929459095,0.429710358381,0.173605829477,-0.042482305318,-0.223044410348,-0.387930542231,-0.294421255589,-0.166914984584,-0.105967566371,-0.149800911546,-0.275497645140,-0.305007964373,-0.336947441101,-0.298457950354,-0.169385582209,-0.004329509102,0.212927952409,0.456733226776,0.652452230453,0.687776982784,0.643746852875,0.458413600922,0.311547160149,0.330359429121,0.311978101730,0.315274715424,0.176503121853,-0.061737500131,-0.276003777981,-0.505370855331,-0.644791066647,-0.677164435387,-0.499391317368,-0.354289144278,-0.290081709623,-0.180543780327,-0.094416864216,0.037847131491,0.011532127857,-0.023251401260,-0.061963461339,-0.102288581431,0.124407447875,0.280383706093,0.347130060196,0.229421213269,0.060454897583,0.050409924239,-0.128763005137,-0.204954028130,-0.352855384350,-0.419327259064,-0.102276667953,-0.063642852008,-0.054861027747,-0.037165652961,-0.256146103144,-0.417760521173,-0.615858197212,-0.669152796268,-0.495485126972,-0.296416878700,-0.087765552104,0.010515512899,-0.026800576597,0.010044618510,0.139706224203,0.171930596232,0.256350398064,0.376002699137,0.528650641441,0.800486803055,0.753364801407,0.523008465767,0.306529194117,-0.043769218028,-0.213782846928,-0.292165994644,-0.308474421501,-0.137991175056,-0.117751061916,-0.187056779861,-0.187908396125,-0.089755244553,0.046872504056,0.134219110012,0.371779382229,0.547573924065,0.681474506855,0.871641099453,0.747603893280,0.634504497051,0.670426785946,0.551826357841,0.282330006361,0.014086179435,0.001164182788,-0.019123958424,-0.093204654753,-0.107964240015,-0.281414508820,-0.396337598562,-0.545479238033,-0.706874608994,-0.684414625168,-0.674442887306,-0.494715839624,-0.253326654434,-0.046818550676,0.174739271402,0.145840048790,0.119669519365,0.190317943692,0.205861747265,0.266761898994,0.342366784811,0.393269509077,0.309150457382,0.162580400705,-0.016655094922,-0.301280051470,-0.472361356020,-0.658299744129,-0.783272206783,-0.681933581829,-0.591903150082,-0.360773146152,-0.229962810874,-0.308207064867,-0.208039239049,-0.204899877310,-0.140339434147,0.147605955601,0.272007584572,0.407059192657,0.528353631496,0.491704761982,0.425769567490,0.309572637081,0.145155891776,0.011334273033,0.065727695823,0.077430441976,0.008123829961,0.026013577357,-0.104740798473,-0.152246430516,-0.188497826457,-0.342327177525,-0.370856851339,-0.491730660200,-0.496632188559,-0.359883964062,-0.220781818032,0.060563910753,0.209173232317,0.246928676963,0.270364373922,0.350429296494,0.454299598932,0.402504831553,0.447536736727,0.474791795015,0.321673214436,0.125150159001,-0.099771454930,-0.268326580524,-0.451929062605,-0.661295711994,-0.663474380970,-0.437163412571,-0.328531414270,-0.333631426096,-0.246368736029,-0.165802925825,0.058554168791,0.224184378982,0.186997607350,0.325053364038,0.436816722155,0.441569864750,0.515748381615,0.540630280972,0.459115535021,0.312503427267,0.096702910960,-0.217011258006,-0.361157447100,-0.370361268520,-0.374760597944,-0.208742469549,-0.235758796334,-0.454005032778,-0.603856503963,-0.766310691833,-0.725481987000,-0.664654612541,-0.634578943253,-0.368521362543,-0.086812779307,0.182200029492,0.309929430485,0.350328326225,0.477625787258,0.377446115017,0.304850786924,0.331152051687,0.237709596753,0.114541657269,-0.061715696007,-0.093287214637,-0.292445987463,-0.607098102570,-0.578059315681,-0.588278949261,-0.465379446745,-0.236242622137,-0.129559382796,0.116187319160,0.220373049378,0.375885576010,0.570991218090,0.492200106382,0.502752006054,0.494612127542,0.558816909790,0.710507035255,0.611673057079,0.517842590809,0.315925598145,0.056329704821,-0.086557760835,-0.268009215593,-0.287424802780,-0.317457765341,-0.229286789894,-0.050114847720,-0.153736144304,-0.041754312813,-0.109638020396,-0.479055762291,-0.444748967886,-0.302553504705,-0.156256690621,-0.066056855023,0.031411029398,0.117006607354,0.018400253728,0.159716442227,0.119999900460,-0.031294409186,0.147572919726,0.138907954097,0.104407243431,0.065910480917,-0.111667238176,-0.241888299584,-0.433478862047,-0.608155846596,-0.717806518078,-0.678559243679,-0.566610932350,-0.441511780024,-0.154705956578,0.066327810287,0.150561034679,0.190096780658,0.189103305340,0.135906919837,0.239499285817,0.509929895401,0.587262988091,0.681524217129,0.683825552464,0.434652298689,0.261812925339,0.067289210856,-0.126438602805,-0.249072119594,-0.269930183887,-0.188005104661,-0.120117455721,-0.134084016085,-0.272695094347,-0.230639591813,-0.217439055443,-0.352812319994,-0.216912135482,-0.020402692258,0.204202353954,0.407812714577,0.501193106174,0.657016575336,0.646934926510,0.631611585617,0.588901221752,0.366290956736,0.344520032406,0.293284058571,0.131834954023,0.063907362521,-0.163329660892,-0.473710209131,-0.672094702721,-0.783061027527,-0.808558404446,-0.694812357426,-0.495269507170,-0.298011183739,-0.011739493348,0.171272680163,0.228726997972,0.359238058329,0.356678664684,0.364751160145,0.462168693542,0.487544506788,0.569509506226,0.566853523254,0.451686084270,0.228122264147,-0.100644893944,-0.334779143333,-0.533075571060,-0.500212371349,-0.364954411983,-0.432802945375,-0.444485187531,-0.473386734724,-0.395137667656,-0.235711053014,-0.335534185171,-0.297546744347,-0.196648791432,-0.164485499263,0.102311015129,0.289807319641,0.292246669531,0.349663704634,0.329733908176,0.091497302055,0.078616194427,0.199213981628,-0.016001194715,0.008573578671,0.106536045671,-0.096590906382,-0.118881873786,-0.222750157118,-0.469972372055,-0.552750349045,-0.523221611977,-0.385241031647,-0.176456764340,0.027893820778,0.099252089858,0.235777556896,0.444657236338,0.423146575689,0.426848828793,0.542452394962,0.637497842312,0.683847904205,0.678325057030,0.623862028122,0.352632343769,0.143824234605,0.070885226130,-0.146840140224,-0.288838863373,-0.338230460882,-0.333579480648,-0.253886103630,-0.282306939363,-0.249757319689,-0.219771623611,-0.426003336906,-0.498296439648,-0.359409779310,-0.220989927649,0.025244709104,0.226666972041,0.369665801525,0.519302725792,0.430351465940,0.396804630756,0.478057354689,0.406921535730,0.430628687143,0.344833791256,0.040216840804,-0.132687330246,-0.350813597441,-0.667648613453,-0.884346544743,-1.078089237213,-1.171035647392,-0.971398651600,-0.710538625717,-0.572658419609,-0.372190982103,-0.122214294970,0.152041628957,0.353012919426,0.360963404179,0.478893727064,0.626265764236,0.659296274185,0.752646327019,0.700934946537,0.502236068249,0.245733469725,-0.079234100878,-0.300925701857,-0.424332529306,-0.429479122162,-0.408445656300,-0.376906454563,-0.250351279974,-0.132561802864,-0.090945027769,-0.185330942273,-0.096467390656,-0.000635375618,-0.043492380530,0.287971109152,0.496750026941,0.546278893948,0.784313976765,0.807509660721,0.673356711864,0.551213264465,0.569988012314,0.443067729473,0.224353536963,0.286776483059,0.127879455686,-0.189649417996,-0.424630343914,-0.472901910543,-0.498072415590,-0.759982466698,-0.638304650784,-0.490465998650,-0.483910351992,-0.201095536351,-0.066939406097,0.042890138924,0.160417303443,0.210969239473,0.204206615686,0.183642342687,0.349094450474,0.312129318714,0.383427679539,0.447258532047,0.090352192521,0.024557773024,-0.104913257062,-0.412981987000,-0.387241691351,-0.432939708233,-0.412964284420,-0.337520331144,-0.514194786549,-0.481760501862,-0.376560270786,-0.570332467556,-0.624067187309,-0.489043563604,-0.346121191978,-0.065070211887,0.205862268806,0.403668165207,0.451548576355,0.306198090315,0.341486603022,0.537110149860,0.528327941895,0.504929423332,0.576616168022,0.392069190741,0.266772121191,0.173409119248,-0.205235362053,-0.378970056772,-0.563805401325,-0.684004604816,-0.538511097431,-0.562844634056,-0.335053265095,-0.099533595145,0.039459750056,0.499356776476,0.629938542843,0.629067838192,0.776288509369,0.805947422981,0.952662110329,0.984259605408,0.884183645248,0.822869539261,0.630766391754,0.411799311638,0.144341826439,-0.157656565309,-0.343721121550,-0.361036926508,-0.282872915268,-0.251695364714,-0.208750456572,-0.281290054321,-0.403465092182,-0.401137292385,-0.487038582563,-0.428024858236,-0.183911159635,0.006893181242,0.297176390886,0.398325711489,0.344537049532,0.488491326571,0.455482810736,0.260755091906,0.177104443312,0.079087257385,0.048772975802,0.015848157927,-0.097463294864,-0.159339770675,-0.422029495239,-0.733430206776,-0.701215684414,-0.603649616241,-0.583081901073,-0.442444682121,-0.182372614741,-0.115433230996,-0.085008405149,0.136159941554,0.075387060642,0.021282233298,0.183359712362,0.257346391678,0.446610093117,0.556308984756,0.579363405704,0.590543985367,0.477958858013,0.302445054054,-0.018365241587,-0.075276114047,0.025534236804,-0.025668218732,0.114872872829,0.093051172793,-0.108312517405,-0.152808666229,-0.303400009871,-0.355182886124,-0.321209490299,-0.381005048752,-0.146462500095,0.152517050505,0.236815482378,0.329858630896,0.447100132704,0.533278882504,0.469172358513,0.368773311377,0.400626718998,0.500036537647,0.526665449142,0.412258297205,0.357322365046,0.138184651732,-0.177087754011,-0.328076094389,-0.557911098003,-0.632534623146,-0.645667672157,-0.506540000439,-0.129203349352,-0.154612228274,-0.162128239870,0.011974096298,0.060157265514,0.242406591773,0.422536104918,0.501415371895,0.500114560127,0.503734350204,0.532657444477,0.426173985004,0.220052108169,-0.068692199886,-0.313456386328,-0.469889283180,-0.451358497143,-0.307958722115,-0.362764358521,-0.368172466755,-0.280630022287,-0.345715671778,-0.458125561476,-0.639080107212,-0.710595905781,-0.489634931087,-0.198374018073,0.105186253786,0.310902208090,0.326321423054,0.464796900749,0.434413015842,0.141182392836,0.288066476583,0.408627986908,0.268905222416,0.443782657385,0.402423024178,0.053109504282,-0.087003491819,-0.180798336864,-0.306228041649,-0.308662176132,-0.284197837114,-0.185018911958,0.159398198128,0.216184049845,0.164277717471,0.486302256584,0.301695764065,0.117842972279,0.508945882320,0.417287528515,0.403550714254,0.728717625141,0.616790831089,0.503698229790,0.454701602459,0.224846243858,-0.012318064459,-0.105543658137,-0.110708191991,-0.155007496476,-0.054960176349,-0.046202778816,-0.122978411615,-0.085764706135,-0.270444333553,-0.477279931307,-0.590690851212,-0.649824917316,-0.480974048376,-0.281217277050,-0.089645452797,0.131078392267,0.276583224535,0.261795759201,0.219770371914,0.220343261957,0.045410063118,0.067040398717,0.296200096607,0.154789432883,-0.044973894954,-0.154860049486,-0.399328500032,-0.609959006310,-0.762155234814,-0.785737752914,-0.732024252415,-0.499509185553,-0.135033443570,-0.140284165740,0.016827683896,0.359252095222,0.356903076172,0.436830818653,0.497565358877,0.552884697914,0.714276492596,0.774830341339,0.773695647717,0.578029751778,0.436683148146,0.167451113462,-0.220921769738,-0.196311488748,-0.175571233034,-0.132408902049,-0.056845214218,-0.144524514675,-0.086866557598,-0.148041039705,-0.316534906626,-0.422628909349,-0.439486265182,-0.179010197520,0.112375773489,0.321641147137,0.464242875576,0.556705653667,0.626236975193,0.547029614449,0.431286603212,0.365856796503,0.211357846856,0.012810059823,0.092450082302,0.160160779953,-0.142141178250,-0.346829056740,-0.502810239792,-0.812870502472,-0.866248965263,-0.614083647728,-0.338486939669,-0.185286357999,-0.114336326718,0.072794489563,0.293102830648,0.226667225361,0.214273944497,0.442674696445,0.435542076826,0.436848908663,0.633903443813,0.682865440845,0.550826787949,0.274690032005,0.065577276051,-0.103200286627,-0.313110947609,-0.312196284533,-0.276012122631,-0.249651059508,-0.177437216043,-0.219943940639,-0.205488875508,-0.152836218476,-0.188107013702,-0.284954011440,-0.379512906075,-0.240439832211,0.011082995683,0.183289512992,0.302167117596,0.294799774885,0.271809101105,0.271110773087,0.200532987714,0.136062756181,0.089630998671,0.069266684353,0.079818800092,-0.034798778594,-0.277708590031,-0.407327264547,-0.446269243956,-0.561486303806,-0.593241155148,-0.479232698679,-0.341362774372,-0.090996146202,0.154235780239,0.260124295950,0.399405777454,0.439322412014,0.395353823900,0.464038103819,0.553563833237,0.701925098896,0.772873699665,0.666047573090,0.575206577778,0.469741314650,0.210879623890,-0.095344319940,-0.196483433247,-0.182536005974,-0.160396307707,-0.161300614476,-0.215990230441,-0.199134066701,-0.308488368988,-0.416126668453,-0.363420665264,-0.436411947012,-0.373444497585,-0.044058062136,0.236569002271,0.413701921701,0.592250049114,0.628163814545,0.510979115963,0.511671543121,0.406800687313,0.298546969891,0.340841680765,0.166451096535,0.002078279853,-0.123389609158,-0.391629189253,-0.623038232327,-0.839113414288,-0.961759507656,-0.915155172348,-0.713289856911,-0.385406285524,-0.199244365096,-0.165468126535,-0.031969308853,0.125864520669,0.257997721434,0.426791757345,0.497623980045,0.601795256138,0.724531531334,0.591976225376,0.425110310316,0.337370842695,0.193631634116,-0.024477796629,-0.279424428940,-0.322135329247,-0.179441928864,-0.054770831019,0.091137923300,0.135188162327,0.015469236299,-0.105385705829,-0.220457687974,-0.278573662043,-0.192876875401,-0.098954685032,0.081340841949,0.347952544689,0.399018228054,0.365508288145,0.351320236921,0.326481938362,0.454245567322,0.503930509090,0.368297904730,0.340354502201,0.335705339909,0.217547178268,0.082528166473,-0.185628652573,-0.571446657181,-0.794094026089,-0.826539099216,-0.723046422005,-0.550948381424,-0.446859300137,-0.313538819551,-0.190420806408,-0.144227102399,0.071888133883,0.240650668740,0.271678954363,0.527234017849,0.686077237129,0.684419393539,0.760956287384,0.549350082874,0.244397997856,0.145382806659,-0.080249540508,-0.330739766359,-0.393115013838,-0.412368297577,-0.375371783972,-0.359741449356,-0.473178178072,-0.510080039501,-0.592535376549,-0.780930936337,-0.682907879353,-0.409214109182,-0.108661808074,0.246789887547,0.424216538668,0.525992691517,0.587698221207,0.512079715729,0.571848928928,0.646004140377,0.537514030933,0.547948479652,0.489558249712,0.211397588253,0.027692083269,-0.266470462084,-0.572629749775,-0.632094919682,-0.683690905571,-0.684432983398,-0.621724307537,-0.469189435244,-0.311999052763,-0.226290896535,0.135380625725,0.397404909134,0.422952473164,0.693585515022,0.857016444206,0.838338673115,0.951293408871,0.918313503265,0.674750566483,0.551313936710,0.426754683256,0.084654144943,-0.164430215955,-0.322624206543,-0.428545892239,-0.268841952085,-0.199926197529,-0.297763049603,-0.344798654318,-0.495942503214,-0.635470867157,-0.563242673874,-0.348200052977,-0.189131975174,-0.136627554893,0.061159402132,0.309252470732,0.434217393398,0.517384886742,0.393646091223,0.238109424710,0.282857835293,0.263736754656,0.265497416258,0.319877535105,0.174269139767,-0.064592890441,-0.352494508028,-0.625266253948,-0.732570469379,-0.785697281361,-0.659697532654,-0.452843636274,-0.407495647669,-0.269255995750,-0.130527794361,0.021875156090,0.238197743893,0.228656664491,0.244506686926,0.377736508846,0.599010348320,0.771789491177,0.600364804268,0.416456013918,0.246038466692,0.093474991620,0.055036839098,-0.103142611682,-0.110746607184,-0.033903896809,-0.080523416400,-0.123212933540,-0.350178807974,-0.519863188267,-0.522076070309,-0.634432494640,-0.621891736984,-0.469213455915,-0.251423150301,0.087514825165,0.309060901403,0.419799327850,0.472434729338,0.453929185867,0.434209257364,0.501381456852,0.674470245838,0.604333698750,0.417319387197,0.228555098176,-0.033402141184,-0.115842901170,-0.409043163061,-0.660328686237,-0.696238636971,-0.902863502502,-0.746106743813,-0.515794575214,-0.328445583582,-0.095141440630,-0.153805315495,0.051865067333,0.194133087993,0.213663727045,0.415487349033,0.426701217890,0.610814630985,0.670902729034,0.488368660212,0.366241455078,0.077311575413,-0.132338568568,-0.284487158060,-0.350682258606,-0.354423671961,-0.252325862646,-0.071753621101,-0.251404881477,-0.229823395610,-0.309372723103,-0.635272204876,-0.527765750885,-0.582965910435,-0.408635765314,-0.016439454630,0.079470820725,0.341062992811,0.336878031492,0.258116632700,0.251800328493,0.193867638707,0.382114529610,0.394919812679,0.510524630547,0.572366058826,0.355860263109,0.244000062346,0.010849245824,0.042905535549,-0.042118493468,-0.321546763182,-0.258036106825,-0.354999989271,-0.169919326901,-0.026452394202,-0.153129875660,0.095337912440,0.073307193816,0.036015976220,0.118158623576,0.170694410801,0.446166694164,0.459373235703,0.530688941479,0.588632166386,0.430191308260,0.380517333746,0.114134497941,-0.109854079783,-0.148222267628,-0.091521710157,-0.014239498414,-0.148247614503,-0.280029207468,-0.561042726040,-0.753942787647,-0.744967460632,-0.868435978889,-0.773792028427,-0.597568094730,-0.391898155212,-0.105175577104,0.001979456516,0.129839763045,0.147753983736,0.171598836780,0.364694029093,0.391120284796,0.364822834730,0.273438006639,0.109113954008,0.050088573247,-0.043729342520,-0.248780205846,-0.501110732555,-0.694403707981,-0.784761607647,-0.661638379097,-0.440360277891,-0.278726458549,-0.028908720240,0.049282494932,0.101297952235,0.273305445910,0.275548815727,0.440964490175,0.660140275955,0.851411581039,1.024838089943,0.882887661457,0.732670783997,0.486818611622,0.243060261011,0.073682092130,-0.216432347894,-0.144852951169,-0.025465015322,-0.018638478592,0.006440938450,-0.217742681503,-0.322271794081,-0.439785480499,-0.605966389179,-0.499751299620,-0.369520127773,-0.162491813302,0.129521682858,0.261171907187,0.234273508191,0.292685598135,0.417375475168,0.422013193369,0.401025831699,0.344229727983,0.441711455584,0.517714917660,0.208739623427,-0.096905700862,-0.323158949614,-0.482369869947,-0.629004597664,-0.844645678997,-0.692968368530,-0.433279573917,-0.357933640480,-0.255880057812,-0.221941098571,-0.150919437408,-0.009821007960,0.073254093528,0.118240185082,0.163453802466,0.293501883745,0.427418828011,0.528667211533,0.475095927715,0.268380433321,0.127264305949,-0.082568146288,-0.129600316286,-0.077532023191,-0.208961620927,-0.108443275094,-0.088982567191,-0.217493951321,-0.233320280910,-0.413328707218,-0.456764727831,-0.470728754997,-0.479203879833,-0.206499442458,0.045667801052,0.317472010851,0.521533131599,0.577107191086,0.492433100939,0.337683469057,0.380327105522,0.321251153946,0.331088840961,0.431812793016,0.227868601680,0.087321884930,-0.100462779403,-0.375193476677,-0.458838045597,-0.579662978649,-0.538146495819,-0.313260078430,-0.245691269636,-0.191616430879,-0.083895280957,0.035437434912,0.260579675436,0.375008076429,0.335030972958,0.430075436831,0.509233355522,0.624874889851,0.815914928913,0.662660002708,0.404908120632,0.245583951473,0.069711387157,-0.094522014260,-0.348062276840,-0.414563685656,-0.311219662428,-0.282042235136,-0.198180139065,-0.319047629833,-0.515146315098,-0.464844137430,-0.492939591408,-0.498237997293,-0.284541964531,-0.046090587974,0.148473784328,0.218293994665,0.233515739441,0.249457076192,0.214801043272,0.236193895340,0.286550909281,0.297216027975,0.185367718339,0.072376370430,-0.017927911133,-0.330031663179,-0.480951905251,-0.528839111328,-0.732251763344,-0.752488017082,-0.760945081711,-0.609938502312,-0.273017704487,-0.107513673604,0.076474152505,0.148624181747,0.205780461431,0.408883512020,0.513919889927,0.587392091751,0.657109618187,0.639692366123,0.530824601650,0.547396361828,0.449408322573,0.180216118693,0.181249395013,-0.023341109976,-0.139751747251,0.058821570128,0.010186345316,0.143042221665,0.150435209274,0.036354515702,0.130397334695,-0.110738955438,-0.245749846101,-0.210291787982,-0.167327478528,0.099533319473,0.204095587134,0.286568075418,0.402035921812,0.383595883846,0.402554571629,0.358277112246,0.221806645393,0.119121685624,0.162879019976,0.160387173295,-0.036565385759,-0.249294281006,-0.536645710468,-0.753189384937,-0.827362239361,-0.831619441509,-0.694224953651,-0.588859677315,-0.394709497690,-0.237136676908,-0.256541460752,-0.040987346321,0.139501050115,0.156363189220,0.310443729162,0.484147548676,0.646585285664,0.682009398937,0.546398580074,0.328684061766,-0.025923307985,-0.226661399007,-0.167517855763,-0.254641264677,-0.448952853680,-0.491774350405,-0.559771776199,-0.582961618900,-0.523037850857,-0.687378108501,-0.751727938652,-0.549898922443,-0.476603180170,-0.231500342488,0.206274569035,0.234153583646,0.310999363661,0.587143123150,0.541617810726,0.639579713345,0.756238639355,0.583970248699,0.567786633968,0.529494643211,0.412823110819,0.231264576316,-0.093533992767,-0.299868792295,-0.489693403244,-0.672937870026,-0.648438394070,-0.494734555483,-0.421674042940,-0.336192876101,-0.155697360635,-0.074100479484,0.051281526685,0.296746432781,0.606012105942,0.748775184155,0.644032835960,0.771793425083,0.894868791103,0.826804518700,0.749936103821,0.461787045002,0.193590283394,-0.002121768659,-0.258628785610,-0.383369147778,-0.409334033728,-0.376161664724,-0.260767638683,-0.198067903519,-0.311253637075,-0.455781012774,-0.508494257927,-0.496954768896,-0.387486547232,-0.229613050818,0.022429263219,0.293744951487,0.402408033609,0.445353060961,0.371033251286,0.268078833818,0.336807906628,0.331410557032,0.265275418758,0.226149842143,-0.005752011202,-0.242525443435,-0.365451812744,-0.536289334297,-0.704161942005,-0.815350532532,-0.775673389435,-0.667881309986,-0.560906589031,-0.285232633352,-0.040258675814,0.063310585916,0.178820326924,0.282305002213,0.435308277607,0.644601643085,0.797201216221,0.926146984100,0.911198437214,0.671783268452,0.545520722866,0.387551158667,-0.003063944401,-0.143519252539,-0.200430944562,-0.427790641785,-0.440642625093,-0.371428638697,-0.435909301043,-0.342029482126,-0.174466282129,-0.323717027903,-0.415786862373,-0.245904058218,-0.255032241344,-0.099277213216,0.405000269413,0.718807101250,0.847046673298,0.791146934032,0.624117851257,0.655080080032,0.578692138195,0.496562689543,0.437819063663,0.134180858731,0.065665550530,-0.141981184483,-0.610703527927,-0.801991164684,-1.010358214378,-1.003487825394,-0.869079470634,-0.831606805325,-0.554689407349,-0.202251449227,0.089916102588,0.162862807512,0.301491022110,0.523024976254,0.466758817434,0.569353282452,0.677040159702,0.638342380524,0.659373164177,0.535882055759,0.293427228928,-0.012309865095,-0.247344419360,-0.429010748863,-0.583951056004,-0.559762179852,-0.495017588139,-0.339941978455,-0.103883586824,-0.076456569135,-0.347110509872,-0.532152712345,-0.363526493311,-0.228176742792,-0.056819099933,0.267871111631,0.337371200323,0.345357477665,0.480849981308,0.501719892025,0.461326152086,0.441249877214,0.443417906761,0.415718644857,0.306022047997,0.309532642365,0.306931763887,0.056776240468,-0.181368947029,-0.300477832556,-0.406489461660,-0.347094953060,-0.193325296044,-0.118766382337,0.028638733551,0.144152864814,0.120739363134,0.160185664892,0.240690991282,0.376553386450,0.493645161390,0.487500131130,0.618957042694,0.762636125088,0.729919791222,0.648478925228,0.387239605188,0.027880370617,-0.130208209157,-0.194672390819,-0.395065128803,-0.521411776543,-0.434352338314,-0.336510360241,-0.269633978605,-0.460251510143,-0.664983689785,-0.583762049675,-0.717714965343,-0.618338167667,-0.221296846867,-0.179323479533,0.045885726810,0.232324317098,0.169937416911,0.269530057907,0.158913701773,0.172795444727,0.323306888342,0.154002621770,-0.036402761936,-0.085724033415,-0.149317651987,-0.484020024538,-0.612401306629,-0.668963253498,-0.952437162399,-0.760831296444,-0.560979247093,-0.425721913576,-0.137414962053,-0.114103645086,0.009939046577,0.190417036414,0.306188434362,0.446153998375,0.533723711967,0.647969961166,0.707901120186,0.749280214310,0.732062220573,0.569251537323,0.288013279438,0.115220174193,0.113629199564,0.013601799496,-0.020677210763,-0.093627728522,-0.155133143067,-0.038473501801,-0.163964211941,-0.241260081530,-0.247597083449,-0.393059432507,-0.351731687784,-0.231660783291,0.012514120899,0.271095752716,0.379230409861,0.480094313622,0.466818243265,0.461640328169,0.452336370945,0.393445193768,0.355948776007,0.195763051510,0.159795716405,0.218879386783,-0.034215778112,-0.415553301573,-0.648218572140,-0.716506004333,-0.660140812397,-0.542239069939,-0.488884031773,-0.464422315359,-0.259451985359,-0.132226049900,-0.103601746261,0.050756946206,0.071607634425,0.130331531167,0.340738117695,0.490587115288,0.562614202499,0.519253313541,0.497467190027,0.317857086658,0.080625429749,-0.026163082570,-0.303957968950,-0.389293849468,-0.349158495665,-0.283189564943,-0.059223007411,-0.223446860909,-0.321686506271,-0.296136677265,-0.536335349083,-0.540944099426,-0.409555166960,-0.202502280474,-0.064161233604,0.100043252110,0.507041454315,0.506438672543,0.440273255110,0.489529311657,0.418203949928,0.477677464485,0.368735879660,0.336603432894,0.365824878216,0.150180041790,-0.095611363649,-0.368468016386,-0.541345894337,-0.792897701263,-0.682133018970,-0.313096761703,-0.430544972420,-0.198078721762,0.072996027768,0.070078231394,0.283100843430,0.213213413954,0.330113798380,0.644517123699,0.765012204647,0.922166228294,0.856791377068,0.801501274109,0.730930089951,0.385788708925,0.018953148276,-0.175467342138,-0.108107425272,-0.104693278670,-0.330843538046,-0.531351983547,-0.453718423843,-0.205876901746,-0.192956984043,-0.392792850733,-0.530554950237,-0.528461158276,-0.425777286291,-0.157609894872,0.122070521116,0.282681524754,0.422856748104,0.383113682270,0.308094829321,0.325761377811,0.310395300388,0.309525609016,0.116208508611,-0.112053371966,-0.119383893907,-0.232032969594,-0.372774928808,-0.535338461399,-0.826292514801,-0.822005867958,-0.723055064678,-0.646453619003,-0.316267430782,-0.017481714487,0.268806368113,0.410849750042,0.324334174395,0.458041042089,0.626419961452,0.730915844440,0.860525727272,0.822536528111,0.737203061581,0.684774994850,0.547197043896,0.288692146540,0.004439626820,-0.182511761785,-0.167231664062,-0.050894290209,-0.020744539797,0.045789610595,0.078897863626,0.050901778042,0.010359359905,-0.185076475143,-0.182351291180,0.065813302994,0.216852992773,0.299782037735,0.371488839388,0.512960731983,0.536928772926,0.473273992538,0.492940694094,0.362927973270,0.266968280077,0.163635835052,-0.056253492832,-0.177793964744,-0.385295808315,-0.571254253387,-0.735656082630,-0.989203512669,-1.099348783493,-1.038507223129,-0.730299770832,-0.519123315811,-0.517062187195,-0.277659386396,-0.036470640451,0.066500045359,0.091639101505,0.166515082121,0.428168714046,0.438455671072,0.350493609905,0.464186578989,0.518358945847,0.412911057472,0.091750085354,-0.188058778644,-0.376136332750,-0.615275979042,-0.544834852219,-0.350735843182,-0.364028900862,-0.364015966654,-0.313575953245,-0.291256755590,-0.469909727573,-0.589296281338,-0.258186817169,0.000419828284,0.106472738087,0.324949264526,0.492915153503,0.675713658333,0.753947138786,0.693388938904,0.561761498451,0.390345424414,0.303674876690,0.230291709304,0.204729393125,0.094597674906,0.019633783028,-0.094139307737,-0.457451015711,-0.577295362949,-0.741948366165,-0.731598556042,-0.265078157187,-0.160997390747,0.005394297186,0.284527182579,0.351350456476,0.441162347794,0.359828978777,0.457686185837,0.619943261147,0.654627621174,0.759536504745,0.660110056400,0.516384184361,0.276469051838,-0.099392354488,-0.316391885281,-0.282042086124,-0.136470317841,-0.264123946428,-0.335748016834,-0.285187274218,-0.329771339893,-0.183747872710,-0.246005445719,-0.510966479778,-0.498406052589,-0.354223251343,-0.130850240588,0.060795526952,0.131101742387,0.186682254076,0.244593501091,0.317300051451,0.305379837751,0.314038425684,0.349687218666,0.249075949192,0.170711979270,0.044817775488,-0.113946713507,-0.262507796288,-0.511704206467,-0.637932598591,-0.773329377174,-0.872362732887,-0.660667538643,-0.444156497717,-0.357940942049,-0.352518051863,-0.282533466816,-0.045109812170,0.150665581226,0.274745702744,0.420417845249,0.639831542969,0.810083150864,0.877172946930,0.883920609951,0.693334639072,0.455823123455,0.166312023997,-0.172878965735,-0.278628557920,-0.339628309011,-0.390230536461,-0.405575424433,-0.436352640390,-0.389112085104,-0.433857411146,-0.500417947769,-0.660024881363,-0.744511246681,-0.379190236330,-0.090602919459,0.073083482683,0.295403689146,0.416550755501,0.632664799690,0.779893934727,0.755036115646,0.709656000137,0.712373852730,0.703967332840,0.480679780245,0.267475306988,-0.004843431059,-0.389369159937,-0.625820338726,-0.949978351593,-1.109683156013,-0.945246994495,-0.831883192062,-0.648885905743,-0.418668985367,-0.205632463098,0.100068755448,0.282012432814,0.316703259945,0.449233621359,0.588437855244,0.691612243652,0.882659792900,0.835077285767,0.650737464428,0.596511662006,0.267447203398,-0.122102536261,-0.323040962219,-0.515793442726,-0.536762595177,-0.487828195095,-0.441226154566,-0.407529979944,-0.544304847717,-0.688425123692,-0.693344533443,-0.611467897892,-0.487990975380,-0.257807374001,0.026572536677,0.300777226686,0.503707230091,0.573149442673,0.673041939735,0.636144340038,0.561689436436,0.669852375984,0.571898519993,0.400142729282,0.323180615902,0.187331452966,0.046975787729,-0.126069888473,-0.339430868626,-0.642447590828,-0.753597855568,-0.571225345135,-0.438928693533,-0.304589688778,-0.192792594433,-0.027661742643,0.218742817640,0.360422074795,0.516581833363,0.637542128563,0.727700769901,0.883588135242,1.024003863335,0.937649905682,0.682920098305,0.546960413456,0.287856727839,-0.087598577142,-0.336647540331,-0.458089202642,-0.442958116531,-0.435111463070,-0.419026762247,-0.449776500463,-0.557513713837,-0.656491935253,-0.765459775925,-0.814665436745,-0.768637418747,-0.471610277891,-0.141619622707,0.060451060534,0.292325526476,0.338544100523,0.350506603718,0.367648869753,0.415430456400,0.561101734638,0.422868102789,0.274526387453,0.133641123772,-0.151388213038,-0.434062063694,-0.792374491692,-0.907739639282,-0.911305785179,-0.905560731888,-0.785882115364,-0.721001625061,-0.456277191639,-0.183554202318,-0.028470229357,0.119356609881,0.139782711864,0.240287065506,0.422750443220,0.683259785175,0.851677000523,0.796833634377,0.789883196354,0.618593692780,0.398952037096,0.307557940483,0.004440234043,-0.145006403327,0.036008924246,0.021683713421,-0.019113168120,0.023406129330,-0.203944832087,-0.314837694168,-0.338604867458,-0.512098968029,-0.417744070292,-0.235155954957,0.003002869664,0.267230689526,0.362014651299,0.473455071449,0.535785019398,0.603872060776,0.517565310001,0.442986875772,0.507157146931,0.377775371075,0.387372970581,0.280320435762,0.005966891069,-0.175217762589,-0.478824615479,-0.563926517963,-0.648305535316,-0.763382732868,-0.647755920887,-0.584587574005,-0.392904281616,-0.258380353451,-0.229934111238,-0.079089671373,-0.037190239877,0.025238279253,0.207774013281,0.520412206650,0.805715382099,0.841419637203,0.706669569016,0.497356981039,0.408099740744,0.236171960831,-0.019359348342,-0.185095220804,-0.345614224672,-0.311740726233,-0.367129176855,-0.513469219208,-0.578270256519,-0.829045653343,-0.902076065540,-0.775075376034,-0.666720092297,-0.442064195871,-0.244578808546,0.001080317190,0.316600859165,0.440266311169,0.405487686396,0.447479128838,0.558704912663,0.602601826191,0.676023244858,0.649618744850,0.424800723791,0.241656601429,0.026546115056,-0.306335687637,-0.582786023617,-0.693742096424,-0.729767680168,-0.709095954895,-0.513273060322,-0.384175121784,-0.374086290598,-0.195051521063,0.054288312793,0.181067094207,0.239634022117,0.411161243916,0.688083231449,0.975806355476,1.134422779083,0.984107196331,0.859991431236,0.727419793606,0.367482304573,0.212836697698,0.066003270447,-0.174122333527,-0.234299644828,-0.348425179720,-0.371604949236,-0.406551748514,-0.554896891117,-0.576955795288,-0.768575429916,-0.841031849384,-0.546417057514,-0.228952974081,0.017463836819,0.126753821969,0.283449321985,0.333728641272,0.297421306372,0.416106492281,0.396413177252,0.481493115425,0.532734513283,0.371752858162,0.207604974508,-0.192733883858,-0.471576899290,-0.662021934986,-0.820481777191,-0.771036386490,-0.845787703991,-0.666812300682,-0.461521863937,-0.417669087648,-0.172984004021,-0.107056565583,0.089078053832,0.375389546156,0.463196247816,0.727136313915,0.914219141006,0.997879207134,0.958271741867,0.746293723583,0.599648594856,0.302884638309,0.068058915436,-0.058720264584,-0.243166565895,-0.155842378736,-0.075233668089,-0.081206634641,-0.050443373621,-0.345898181200,-0.582149207592,-0.503800988197,-0.461745619774,-0.329686552286,-0.136700049043,0.042233053595,0.348961293697,0.517284393311,0.575596690178,0.681301653385,0.611867189407,0.567198157310,0.485288292170,0.189139008522,0.103626467288,0.036056406796,-0.238590627909,-0.506172180176,-0.775677144527,-0.938720643520,-0.982190251350,-0.910564303398,-0.763236701488,-0.596927762032,-0.411045253277,-0.331561446190,-0.075309194624,0.220253199339,0.306165784597,0.534542262554,0.600389182568,0.544170677662,0.712591290474,0.746971368790,0.631582498550,0.446330070496,0.199288785458,-0.086652904749,-0.358069419861,-0.446001678705,-0.485555917025,-0.453827083111,-0.395034790039,-0.338840872049,-0.200526699424,-0.154193982482,-0.102879323065,-0.173960506916,-0.302265316248,-0.145101368427,0.052947867662,0.288211286068,0.478892415762,0.460947632790,0.484729140997,0.510069251060,0.469458848238,0.382649987936,0.267006158829,0.238118097186,0.205971688032,0.012269318104,-0.271555095911,-0.422958552837,-0.497493743896,-0.567497193813,-0.582814872265,-0.608061075211,-0.421730339527,-0.216689899564,-0.119066908956,0.258575320244,0.289565443993,0.143768772483,0.459321677685,0.380944043398,0.339162111282,0.864468216896,0.894953906536,0.600576639175,0.602944433689,0.390103846788,0.001278472948,0.076863527298,0.023119183257,-0.406711727381,-0.275581747293,-0.105373829603,-0.398219764233,-0.347448825836,-0.206541061401,-0.372883856297,-0.411575078964,-0.443970352411,-0.552957713604,-0.366097450256,-0.046459302306,0.207214713097,0.414572238922,0.437163740396,0.487355560064,0.657513439655,0.697216391563,0.541236639023,0.328336685896,0.264621406794,0.157197386026,-0.041033599526,-0.239434197545,-0.575609385967,-0.847118496895,-1.062253117561,-1.077478408813,-0.787533700466,-0.692386865616,-0.555450499058,-0.302567958832,-0.241278022528,-0.053371075541,0.192856878042,0.349955856800,0.462708353996,0.613515555859,0.893556237221,1.010444641113,0.976682066917,0.770232319832,0.493360579014,0.359410375357,0.016611572355,-0.238355100155,-0.271683186293,-0.411077201366,-0.398678779602,-0.356297671795,-0.499385923147,-0.669602036476,-0.743144989014,-0.709130108356,-0.595654785633,-0.311861068010,0.030689362437,0.302949935198,0.513783574104,0.575945556164,0.605297029018,0.704612791538,0.661486804485,0.527613699436,0.483152747154,0.469156682491,0.477932631969,0.290228158236,-0.124198600650,-0.428964406252,-0.680425524712,-0.803046166897,-0.756068110466,-0.815757036209,-0.763106822968,-0.528914868832,-0.321312516928,-0.136975094676,-0.028707806021,0.163098692894,0.390842527151,0.467292606831,0.657781481743,0.813160657883,0.718801796436,0.783180236816,0.770285964012,0.365907430649,0.217136904597,0.142423242331,-0.282953381538,-0.403932124376,-0.304164558649,-0.378930240870,-0.346033155918,-0.307581692934,-0.265967071056,-0.253620713949,-0.545424759388,-0.582828760147,-0.365724831820,-0.291362643242,0.115515209734,0.491093099117,0.542162954807,0.782570838928,0.878591060638,0.799659848213,0.880144774914,0.760397136211,0.634843647480,0.771408319473,0.619393229485,0.268531531096,0.058834102005,-0.340419977903,-0.659641027451,-0.640055716038,-0.731645345688,-0.765320062637,-0.735377490520,-0.783327162266,-0.420868664980,-0.058994982392,0.044640932232,0.260601639748,0.317343980074,0.453115254641,0.777730047703,1.051090598106,1.307986736298,1.120203256607,0.728675723076,0.501818656921,0.127417504787,-0.199401602149,-0.392178207636,-0.624134957790,-0.687117636204,-0.535714507103,-0.518262803555,-0.660652518272,-0.726764082909,-0.788427054882,-0.839048683643,-0.776592731476,-0.515498101711,-0.149325594306,0.111746497452,0.384347915649,0.508362650871,0.446858584881,0.538707196712,0.619460821152,0.579793691635,0.520163595676,0.364655762911,0.243557006121,0.206237077713,-0.054832905531,-0.426050752401,-0.649282813072,-0.860699176788,-0.837567806244,-0.633110940456,-0.564935445786,-0.373889595270,-0.155793324113,-0.004809459671,0.238454833627,0.410844326019,0.463262140751,0.541635632515,0.732356488705,0.816090047359,0.878431439400,0.971437931061,0.793323814869,0.638770520687,0.410774230957,0.111200936139,0.057667884976,-0.119611300528,-0.172509774566,-0.161252155900,-0.256826370955,-0.091036200523,-0.199013337493,-0.425096213818,-0.467538475990,-0.532669067383,-0.389508575201,-0.327736586332,-0.134069845080,0.065033242106,-0.011781361885,0.385189890862,0.603844940662,0.448863863945,0.574007689953,0.457909613848,0.293831467628,0.450433194637,0.462223887444,0.114385277033,-0.203318342566,-0.450139641762,-0.703749716282,-0.605698347092,-0.690224409103,-0.892210423946,-0.640506744385,-0.516868293285,-0.408922553062,-0.229728966951,-0.303413599730,-0.125956043601,0.207896560431,0.307331144810,0.481829702854,0.736541867256,0.865434348583,0.841749131680,0.706994414330,0.608631491661,0.404116541147,0.118841625750,-0.095235757530,-0.333969444036,-0.426858276129,-0.409119248390,-0.381780326366,-0.395815789700,-0.607660949230,-0.749111473560,-0.754796087742,-0.731356024742,-0.645614266396,-0.420096755028,-0.022833997384,0.220609664917,0.399770826101,0.594240605831,0.641229748726,0.725193738937,0.684766650200,0.566500961781,0.572738468647,0.498427033424,0.385505497456,0.220136731863,-0.069184176624,-0.340194076300,-0.512379944324,-0.548928320408,-0.552140176296,-0.667669892311,-0.693716704845,-0.388534903526,-0.003480146173,0.159631028771,0.202447563410,0.227237343788,0.266219109297,0.482675909996,0.734459757805,0.832191705704,0.870821833611,0.784475386143,0.661684632301,0.441769540310,0.086860425770,0.050649553537,-0.076946102083,-0.337313085794,-0.091135136783,-0.040048621595,-0.207487851381,-0.233943656087,-0.566379249096,-0.652440428734,-0.605597078800,-0.801150560379,-0.596479177475,-0.275479197502,-0.099539205432,0.204335823655,0.476855397224,0.405315577984,0.317970573902,0.522706270218,0.358807295561,0.227238997817,0.382745236158,0.183563187718,0.156407937407,0.105784766376,-0.281507223845,-0.513288080692,-0.624156653881,-0.653728842735,-0.697553753853,-0.613255739212,-0.440347641706,-0.284619629383,-0.036021526903,-0.027807138860,0.064897395670,0.262786716223,0.335242539644,0.693069398403,0.993652939796,1.173236250877,1.306161046028,1.170038223267,0.990371882915,0.644449532032,0.357881247997,0.279635995626,0.024174923077,-0.168126642704,-0.253615498543,-0.313656777143,-0.243366658688,-0.350122809410,-0.617388367653,-0.737195849419,-0.670728266239,-0.535169005394,-0.319307506084,0.001805729116,0.177097305655,0.380616098642,0.550132513046,0.466432720423,0.560417294502,0.474379330873,0.301392376423,0.364045590162,0.112680189312,0.050526663661,-0.017853604630,-0.481908351183,-0.668994545937,-0.909245669842,-1.056157946587,-0.815302491188,-0.679495394230,-0.578772306442,-0.422904551029,-0.238698661327,-0.104379259050,0.027698960155,0.200806602836,0.312378555536,0.512513637543,0.595097243786,0.641691803932,0.761241257191,0.672584354877,0.634909927845,0.440897554159,-0.005058776122,-0.208181440830,-0.344595640898,-0.412292242050,-0.287560731173,-0.275678366423,-0.310981780291,-0.209108203650,-0.145772352815,-0.301160812378,-0.446782171726,-0.320313900709,-0.085674099624,0.085032261908,0.272115528584,0.517780005932,0.621370613575,0.586142897606,0.572576522827,0.499924480915,0.431252330542,0.378151983023,0.308366656303,0.194606974721,-0.019079932943,-0.098910301924,-0.242957189679,-0.564506173134,-0.744330108166,-0.762377738953,-0.528471887112,-0.318925231695,-0.280783176422,-0.042538776994,0.178899705410,0.274951100349,0.416585564613,0.492409795523,0.585706949234,0.738713562489,0.753810644150,0.735431849957,0.742422461510,0.583136081696,0.410496205091,0.163843840361,-0.222554311156,-0.393884718418,-0.444825410843,-0.490893751383,-0.495445102453,-0.499144792557,-0.397740304470,-0.354190796614,-0.534514963627,-0.640530526638,-0.455508321524,-0.332585036755,-0.264887958765,0.096166364849,0.300086647272,0.306576490402,0.487159281969,0.426719456911,0.270851373672,0.319027364254,0.174914434552,0.018162799999,-0.018460299820,-0.196720048785,-0.296514987946,-0.331698477268,-0.611787259579,-0.909943223000,-1.009027600288,-0.920608282089,-0.622037529945,-0.450064092875,-0.352728307247,-0.124434210360,-0.020789342001,0.176212295890,0.333341747522,0.357928007841,0.652558207512,0.791801869869,0.783658444881,0.837497413158,0.663072168827,0.471930891275,0.299849450588,0.070746392012,-0.207052230835,-0.401514679193,-0.370626032352,-0.396255224943,-0.384609311819,-0.305923700333,-0.176936089993,-0.104991398752,-0.333936423063,-0.296546429396,-0.140507936478,-0.016125725582,0.305255353451,0.271510958672,0.414848625660,0.725038826466,0.505066394806,0.408353447914,0.364685386419,0.207954898477,0.231324359775,0.214769631624,0.183480441570,-0.002361874795,-0.291921913624,-0.456401795149,-0.703029572964,-0.926434338093,-0.890384078026,-0.607079029083,-0.332500845194,-0.253789573908,-0.164656192064,-0.021913064644,0.138625085354,0.346505314112,0.407408177853,0.437754571438,0.580855846405,0.619106173515,0.622795104980,0.607800722122,0.453266143799,0.185000017285,-0.108053728938,-0.281059384346,-0.437823981047,-0.400422930717,-0.232420086861,-0.383835136890,-0.423839628696,-0.314788967371,-0.389126956463,-0.357719987631,-0.367750018835,-0.526827812195,-0.404040873051,-0.030864704400,0.169428497553,0.408814579248,0.725956380367,0.735060632229,0.809065341949,0.923200547695,0.835583627224,0.767176628113,0.596423387527,0.456673264503,0.352503925562,0.099796354771,-0.197320029140,-0.577381968498,-0.864161252975,-0.889656722546,-0.802788555622,-0.667098104954,-0.406288295984,-0.232228204608,-0.223741412163,0.058916341513,0.327935606241,0.295471280813,0.407535642385,0.545018553734,0.665863811970,0.794547617435,0.654651641846,0.598628461361,0.571141660213,0.246093422174,-0.030905298889,-0.295422852039,-0.460866808891,-0.391997247934,-0.496206760406,-0.580623209476,-0.557733774185,-0.558842778206,-0.430275917053,-0.445262581110,-0.570633292198,-0.585496664047,-0.488149464130,-0.169588014483,0.102300554514,0.166500121355,0.277653366327,0.388609558344,0.385041415691,0.387203663588,0.345778077841,0.294884145260,0.299834042788,0.204375550151,0.125179216266,0.107607871294,0.000530750549,-0.265799880028,-0.593823850155,-0.712537288666,-0.728964865208,-0.589886307716,-0.243165999651,-0.015039405786,0.160579785705,0.186245784163,0.160676494241,0.351938128471,0.484813392162,0.705134630203,0.987277150154,0.995291829109,0.936265647411,0.885184645653,0.676727592945,0.347421973944,0.110635481775,-0.018659511581,-0.057497683913,-0.061814330518,-0.145463794470,-0.097836680710,-0.165027648211,-0.357652157545,-0.408096194267,-0.658569633961,-0.760734677315,-0.607012569904,-0.428874969482,0.015083378181,0.258236885071,0.244934394956,0.357250541449,0.426340937614,0.386069804430,0.331518203020,0.259159356356,0.138590171933,0.153237715364,0.087959200144,-0.144499197602,-0.317388206720,-0.626215696335,-0.807818889618,-0.883845031261,-0.961469471455,-0.832889616489,-0.792433381081,-0.643625497818,-0.455945312977,-0.390825331211,-0.196725219488,-0.102098323405,0.003421343165,0.223603785038,0.530841708183,0.781252980232,0.823329865932,0.921159386635,0.878090977669,0.668819546700,0.306894749403,-0.136435881257,-0.297003924847,-0.353181600571,-0.292914211750,-0.323675125837,-0.461019366980,-0.469359338284,-0.686589956284,-0.709962904453,-0.508108735085,-0.548868179321,-0.447562307119,-0.161103338003,0.064318031073,0.261175066233,0.370608925819,0.400488227606,0.513660788536,0.635302901268,0.610053122044,0.563494801521,0.540107548237,0.451739251614,0.327936559916,0.235068663955,-0.034412503242,-0.472829133272,-0.633128106594,-0.722189188004,-0.782496392727,-0.527867972851,-0.480087101460,-0.456537872553,-0.145566940308,-0.003277766285,0.174478307366,0.284951508045,0.255675613880,0.465923070908,0.560559153557,0.695207178593,0.876247644424,0.672853171825,0.554990291595,0.437208414078,0.127085939050,-0.091702170670,-0.330650746822,-0.393010705709,-0.233736485243,-0.210014611483,-0.337900608778,-0.411057054996,-0.487685918808,-0.729049921036,-0.877338469028,-0.828799426556,-0.630432426929,-0.285801172256,-0.013365123421,0.180874913931,0.295313030481,0.321501851082,0.335737049580,0.337448596954,0.400004744530,0.356835842133,0.301916390657,0.370852828026,0.193727478385,-0.010547758080,-0.212615907192,-0.644400894642,-0.818348050117,-0.902847349644,-0.918979942799,-0.606499314308,-0.538005948067,-0.449761092663,-0.150900796056,0.004858033732,0.212659806013,0.437871187925,0.746715366840,0.944896697998,0.999581038952,1.114897489548,1.050643086433,1.057950973511,0.822902023792,0.437792330980,0.347582757473,0.017425065860,-0.109168268740,-0.002751857275,-0.134679064155,-0.199339166284,-0.194657325745,-0.198289200664,-0.332021266222,-0.482651829720,-0.671354413033,-0.749988675117,-0.472144603729,-0.256414115429,0.010536621325,0.186402082443,0.281076550484,0.468774497509,0.309765726328,0.313034951687,0.365883916616,0.205223903060,0.316630125046,0.337279945612,0.200299233198,-0.108407236636,-0.508181512356,-0.660138845444,-0.808913826942,-0.875156879425,-0.788529813290,-0.642537653446,-0.458265423775,-0.329636394978,-0.229361176491,-0.085216455162,0.062113210559,-0.032666888088,-0.038878303021,0.202650725842,0.423360615969,0.690048158169,0.794701397419,0.806130588055,0.631936967373,0.244311720133,0.051881574094,-0.097234778106,0.029810493812,0.171158149838,-0.084857948124,-0.206805810332,-0.277185052633,-0.312842279673,-0.357841610909,-0.569204807281,-0.611144065857,-0.491320133209,-0.155635938048,0.142395332456,0.246771439910,0.480418622494,0.583058357239,0.557511150837,0.536315381527,0.477310121059,0.479672551155,0.483603447676,0.511640846729,0.385205626488,0.232650697231,0.136963248253,-0.228115081787,-0.458180844784,-0.585259616375,-0.730153501034,-0.473633587360,-0.284667253494,-0.262768507004,-0.149598211050,-0.117788769305,0.060647413135,0.246919170022,0.356779426336,0.613164722919,0.781515359879,0.895803749561,0.967982947826,0.883192837238,0.687201976776,0.411348789930,0.159640163183,-0.128784582019,-0.261714756489,-0.301422238350,-0.467527657747,-0.445466727018,-0.452840089798,-0.514455080032,-0.474810510874,-0.672530770302,-0.858633518219,-0.797267436981,-0.567349255085,-0.249687641859,0.034637439996,0.325114399195,0.506455361843,0.579800665379,0.577165067196,0.488150894642,0.382289141417,0.215565294027,0.193567425013,0.131069734693,-0.177667424083,-0.322857558727,-0.518599212170,-0.894842982292,-1.049865722656,-1.051919817924,-0.962611794472,-0.700223684311,-0.390447795391,-0.192349836230,-0.023317791522,0.195878222585,0.260436683893,0.327141553164,0.559791326523,0.693423807621,0.826944172382,0.970755636692,0.894294559956,0.798696279526,0.675988256931,0.319398373365,-0.020996315405,-0.120266839862,-0.123296380043,-0.174544259906,-0.315900564194,-0.404608637094,-0.296482354403,-0.248298645020,-0.284646153450,-0.296642005444,-0.314086914063,-0.122186399996,0.124991796911,0.345696389675,0.576877772808,0.582745730877,0.622614622116,0.665299773216,0.531151533127,0.444547235966,0.337434619665,0.239432826638,0.165713325143,0.077671431005,-0.091474689543,-0.458317548037,-0.738569974899,-0.879789292812,-0.926815569401,-0.905366659164,-0.853028237820,-0.608017325401,-0.408898830414,-0.198990389705,0.157590478659,0.347454637289,0.466049462557,0.564983606339,0.567211031914,0.658735632896,0.817595660686,0.818405687809,0.671545565128,0.432707905769,0.132002666593,-0.098097637296,-0.353632330894,-0.476033270359,-0.402879297733,-0.436461985111,-0.392022758722,-0.347838252783,-0.407061249018,-0.423155605793,-0.502818226814,-0.454580634832,-0.253440380096,0.031134041026,0.342547416687,0.584530413151,0.795802474022,0.815432012081,0.880853354931,0.903049767017,0.743919610977,0.720029115677,0.524030685425,0.313977211714,0.218030720949,-0.015097605996,-0.234760180116,-0.513428270817,-0.690147995949,-0.772856593132,-0.790091872215,-0.595282673836,-0.411060094833,-0.202026426792,-0.056025955826,0.062727510929,0.280300617218,0.344586312771,0.320905059576,0.525670528412,0.783189058304,0.681069970131,0.763435840607,0.861825227737,0.368237167597,0.154922947288,0.033483859152,-0.308339893818,-0.335021942854,-0.417912364006,-0.489671826363,-0.442787915468,-0.377828836441,-0.224188357592,-0.227563813329,-0.283002078533,-0.419770032167,-0.494942009449,-0.324085384607,-0.220469802618,-0.017340896651,0.217625185847,0.229065477848,0.322203189135,0.450444340706,0.384032040834,0.332006096840,0.317411601543,0.233256444335,0.267783731222,0.220459058881,-0.046683013439,-0.232257276773,-0.471708118916,-0.717635512352,-0.772109985352,-0.793765485287,-0.596411526203,-0.373253971338,-0.375777661800,-0.106376491487,0.120746873319,0.120631314814,0.407671749592,0.589779555798,0.645054876804,0.812740981579,0.851126194000,0.884215950966,0.931314527988,0.859975397587,0.565072417259,0.250548452139,0.016971031204,-0.195435658097,-0.130356073380,-0.185367196798,-0.383226484060,-0.378666520119,-0.422181278467,-0.460426121950,-0.529842793941,-0.546504795551,-0.432528048754,-0.283746749163,0.078805796802,0.406500130892,0.577830672264,0.689575195313,0.757211089134,0.797006666660,0.806490957737,0.842914104462,0.611043512821,0.368617355824,0.259114563465,0.014116423205,-0.208383142948,-0.742383599281,-1.091864347458,-0.985760390759,-1.119580507278,-0.908652961254,-0.601210474968,-0.734706521034,-0.521610617638,-0.104595772922,0.043927177787,0.127450093627,0.322523355484,0.469975113869,0.563588857651,0.786325752735,0.885194838047,0.910088717937,0.702772974968,0.329162865877,0.323141723871,0.022141654044,-0.342396527529,-0.345370292664,-0.495941877365,-0.359965831041,-0.265558332205,-0.412572056055,-0.437751621008,-0.606346845627,-0.649295449257,-0.579667627811,-0.293020039797,0.053659610450,0.195316076279,0.623110353947,0.705882072449,0.579869389534,0.733930826187,0.579149365425,0.602981925011,0.725455164909,0.545084714890,0.546507477760,0.475387752056,0.143442645669,-0.086524739861,-0.280700773001,-0.544545471668,-0.638033926487,-0.640809297562,-0.630692183971,-0.479352235794,-0.268975585699,-0.051360655576,-0.031769733876,0.027699464932,0.363545477390,0.489498853683,0.604283750057,0.889613389969,0.931886076927,0.874437570572,0.833037316799,0.631540656090,0.367267012596,0.161183178425,-0.010250438936,-0.232314765453,-0.469653904438,-0.456127077341,-0.371446162462,-0.506446599960,-0.579567909241,-0.739142179489,-0.973164796829,-0.812599718571,-0.661193966866,-0.559335231781,-0.133257389069,0.190064340830,0.343251734972,0.537580668926,0.598773956299,0.585589468479,0.579630136490,0.476899236441,0.357581973076,0.313379347324,0.269351661205,0.149879232049,-0.105694673955,-0.483734935522,-0.767687559128,-0.837231099606,-0.781127393246,-0.660033345222,-0.526800572872,-0.282999008894,-0.007153482642,-0.031172536314,0.043319966644,0.440436303616,0.530293047428,0.598128616810,0.931125104427,1.012365341187,1.087126612663,1.120487451553,0.942852735519,0.770036935806,0.326094985008,-0.021434094757,-0.088478602469,-0.258971393108,-0.363474249840,-0.275533348322,-0.196154087782,-0.294369369745,-0.228818893433,-0.322151541710,-0.603313088417,-0.447310239077,-0.574210405350,-0.562651693821,-0.082873426378,-0.003547508502,0.177303180099,0.394535720348,0.443943917751,0.461732894182,0.361829847097,0.462623238564,0.401625305414,0.299107700586,0.389606416225,0.275731593370,0.055772762746,-0.284723639488,-0.606295049191,-0.698197662830,-0.619180798531,-0.561201214790,-0.531643211842,-0.278758972883,-0.251565992832,-0.275235861540,0.035385925323,0.086891360581,0.118304826319,0.321306377649,0.504356801510,0.802317261696,0.923791170120,0.927485764027,0.821794450283,0.571412026882,0.491157591343,0.271548122168,-0.000464518263,-0.062911421061,-0.104429282248,0.008068251424,-0.027000449598,-0.341526716948,-0.543784737587,-0.768450558186,-0.906534135342,-0.756716191769,-0.553375899792,-0.278314232826,0.080816932023,0.368422836065,0.560543179512,0.689089775085,0.725828886032,0.701793313026,0.779810130596,0.843855023384,0.741696953773,0.592539489269,0.360998451710,0.085546918213,-0.156860619783,-0.466903388500,-0.680668711662,-0.803990781307,-0.961602807045,-0.873717308044,-0.590855121613,-0.416038513184,-0.311942517757,-0.082849018276,0.122802034020,0.069036312401,0.276537179947,0.724187374115,0.756327688694,0.860385656357,1.159812688828,0.932825207710,0.535640597343,0.408231496811,0.193818300962,-0.077121190727,-0.270299136639,-0.518066585064,-0.577535152435,-0.450561553240,-0.481942623854,-0.436411678791,-0.506489276886,-0.957820415497,-0.915737509727,-0.624020457268,-0.566315591335,-0.135880559683,0.198721736670,0.368307232857,0.526597857475,0.399393081665,0.495522499084,0.536570727825,0.497767955065,0.521684050560,0.276733547449,0.262424916029,0.218415588140,-0.123505398631,-0.447824805975,-0.751085460186,-0.736754119396,-0.588243067265,-0.513243198395,-0.392545163631,-0.326204270124,-0.205546617508,0.005404570606,0.191130593419,0.205138772726,0.191551432014,0.440560549498,0.563695371151,0.614152193069,0.949176669121,0.885125279427,0.585204184055,0.554510772228,0.241968527436,0.010459112003,0.033002827317,-0.145316377282,-0.216783642769,-0.158185794950,-0.180823162198,-0.318251729012,-0.370556801558,-0.419150143862,-0.614465475082,-0.504209876060,-0.376533448696,-0.300987452269,0.036943394691,0.274042993784,0.498070180416,0.646021962166,0.637411892414,0.615937769413,0.511401236057,0.456470578909,0.275494217873,0.183319300413,0.205420404673,-0.103666134179,-0.410538583994,-0.692188739777,-0.929044365883,-1.004410743713,-1.033386588097,-0.813054323196,-0.653383851051,-0.538412153721,-0.175248667598,0.089369639754,0.229277834296,0.369629114866,0.567590773106,0.761678159237,0.835241436958,0.941196620464,0.973235368729,0.863858103752,0.659063518047,0.217588722706,-0.245988115668,-0.459970206022,-0.578850924969,-0.630547821522,-0.491969764233,-0.359349489212,-0.259285330772,-0.143103569746,-0.217833042145,-0.275317102671,-0.183103531599,-0.149175360799,-0.020587194711,0.288885086775,0.582475364208,0.793616056442,0.886592924595,0.725631237030,0.479123413563,0.438067108393,0.435879081488,0.316003620625,0.133214771748,0.003079144750,-0.069871276617,-0.317130923271,-0.555213332176,-0.706514477730,-0.881365358829,-0.707102477551,-0.399308264256,-0.297062665224,-0.170949906111,-0.053635243326,0.058895032853,0.143370538950,0.177426874638,0.273008227348,0.305299758911,0.341349273920,0.431800335646,0.512696206570,0.529272258282,0.380789995193,0.209910109639,-0.064671516418,-0.360454231501,-0.452824383974,-0.517874300480,-0.498559027910,-0.479489237070,-0.425800681114,-0.254282325506,-0.299581706524,-0.456062138081,-0.548658668995,-0.422136813402,-0.207870215178,-0.097163587809,0.209109708667,0.422512710094,0.418306052685,0.438538670540,0.547833740711,0.644411087036,0.445185542107,0.362722337246,0.371902942657,0.188754588366,0.162750810385,0.081300355494,-0.156884476542,-0.359339445829,-0.588511943817,-0.745921254158,-0.716999053955,-0.582974076271,-0.489717602730,-0.357418477535,-0.056877501309,0.163691014051,0.186632916331,0.399385035038,0.644406795502,0.674093604088,0.836077809334,1.000440001488,1.088448286057,1.050960898399,0.714639425278,0.302071720362,-0.153551101685,-0.325872838497,-0.295426368713,-0.427009075880,-0.398117423058,-0.483835488558,-0.629512131214,-0.500618815422,-0.572493255138,-0.737777292728,-0.648946940899,-0.434898853302,-0.257386416197,-0.106673486531,0.163277000189,0.427680283785,0.516192853451,0.559039831161,0.590458154678,0.522475838661,0.455922186375,0.333842247725,0.147569641471,0.014186910354,-0.232107371092,-0.457374393940,-0.639869391918,-1.019240736961,-1.180137157440,-0.905230939388,-0.649930715561,-0.494991332293,-0.321650296450,-0.267256557941,-0.076126143336,0.216513723135,0.201905831695,0.346525520086,0.599682033062,0.449649691582,0.452935397625,0.605445623398,0.535059630871,0.565526247025,0.419699192047,-0.019286369905,-0.241694390774,-0.313270866871,-0.378248631954,-0.376788318157,-0.356754541397,-0.401913344860,-0.378130704165,-0.241929143667,-0.365662783384,-0.411869257689,-0.212363734841,-0.187988743186,-0.011731192470,0.173703104258,0.304382890463,0.562034606934,0.436697363853,0.321265995502,0.331416040659,0.160759940743,0.235583126545,0.283499181271,0.182194799185,0.225607722998,0.158447936177,-0.126237124205,-0.346070855856,-0.426750421524,-0.564065337181,-0.497524708509,-0.340929657221,-0.353347688913,-0.125284627080,0.017312858254,0.044334284961,0.236232727766,0.185623526573,0.281273841858,0.509841203690,0.531512916088,0.696347594261,0.688977360725,0.569769799709,0.457754969597,0.099029332399,-0.114016249776,-0.356290757656,-0.543002128601,-0.430435687304,-0.490277677774,-0.494962215424,-0.482091695070,-0.593736708164,-0.635615468025,-0.930456459522,-1.089789032936,-0.811272501945,-0.600072562695,-0.379123687744,-0.012767648324,0.212203755975,0.314305454493,0.429594904184,0.493604004383,0.547460556030,0.519870281219,0.428552359343,0.410191118717,0.230806872249,-0.043438069522,-0.186867579818,-0.382651954889,-0.654683411121,-0.726287245750,-0.595088779926,-0.510305166245,-0.398370921612,-0.223716542125,-0.052919920534,0.197587713599,0.366315007210,0.396220445633,0.508923232555,0.770204126835,0.917357146740,0.839391648769,0.830560386181,0.827144980431,0.763470590115,0.659541964531,0.255628317595,-0.116637960076,-0.246848508716,-0.345167070627,-0.337345927954,-0.359745383263,-0.364660143852,-0.288509577513,-0.289185464382,-0.315156072378,-0.484246671200,-0.604286611080,-0.502037167549,-0.354826211929,-0.105005964637,0.021567067131,-0.015742467716,0.052410364151,0.127816036344,0.107569605112,-0.010084878653,-0.055096864700,0.015500525013,0.000076190547,-0.062748044729,-0.144661843777,-0.298036038876,-0.516958832741,-0.722083151340,-0.827313601971,-0.795644879341,-0.560952842236,-0.393831819296,-0.416054993868,-0.341311424971,-0.116289250553,0.137261807919,0.153604716063,0.084852002561,0.274880379438,0.491074383259,0.675710856915,0.874099314213,0.909623146057,0.791499137878,0.617178916931,0.354574739933,0.104167349637,0.042491178960,-0.036319326609,-0.124659284949,-0.089232958853,-0.070525258780,-0.023246338591,-0.125378787518,-0.350199729204,-0.415795952082,-0.488973855972,-0.425387024879,-0.211215272546,-0.043509490788,0.275037765503,0.498738557100,0.503004014492,0.481660753489,0.421315997839,0.475719749928,0.576390564442,0.588517189026,0.408725202084,0.180381476879,0.235112026334,0.110255770385,-0.234761923552,-0.461960494518,-0.718319177628,-0.735994517803,-0.564331114292,-0.506275355816,-0.474645555019,-0.437645465136,-0.342198222876,-0.221813738346,-0.052849721164,0.111908569932,0.199494808912,0.330262452364,0.477757662535,0.694867789745,0.723043859005,0.427913606167,0.292076528072,0.176696032286,-0.034895505756,-0.068258829415,-0.223360747099,-0.431879550219,-0.400728344917,-0.434521883726,-0.449327200651,-0.384137749672,-0.621582269669,-0.806158185005,-0.628434836864,-0.481488049030,-0.280882656574,0.005487541668,0.066981941462,0.190195158124,0.354101359844,0.239364251494,0.176697075367,0.244765043259,0.264445543289,0.266625076532,0.271500498056,0.285087168217,0.167015731335,-0.010230190121,-0.278046816587,-0.641607344151,-0.690245687962,-0.538464009762,-0.340759783983,-0.143727958202,-0.082187555730,-0.026321092620,-0.002401303733,0.032012455165,0.074938088655,0.241598963737,0.494984418154,0.575287997723,0.699946999550,0.666315913200,0.499688029289,0.416809588671,0.158808678389,-0.039038900286,-0.107418268919,-0.103596948087,-0.078004032373,-0.148854151368,-0.129209011793,-0.176233112812,-0.358060777187,-0.524958491325,-0.662129521370,-0.744242668152,-0.723332345486,-0.576236128807,-0.412245094776,-0.106758549809,0.221474036574,0.309347212315,0.348585516214,0.410758763552,0.467115491629,0.444575309753,0.408471912146,0.364353388548,0.131087571383,-0.074555277824,-0.278393179178,-0.559682905674,-0.762356758118,-0.914106965065,-0.920564413071,-0.834316790104,-0.727296829224,-0.544321954250,-0.368785291910,-0.167406663299,0.050846327096,0.108821704984,0.137426465750,0.369376868010,0.591642141342,0.759072542191,0.895144283772,0.793731093407,0.663319349289,0.523163139820,0.192002445459,-0.137954667211,-0.293252766132,-0.234836012125,-0.132924586535,-0.083078846335,-0.051964022219,-0.025379136205,-0.025404674932,-0.207326307893,-0.329850137234,-0.274119019508,-0.136364832520,0.116570070386,0.233420193195,0.417945504189,0.592442989349,0.439312607050,0.397711545229,0.401082664728,0.373020917177,0.357641577721,0.188566789031,0.151968538761,0.088671602309,-0.109218180180,-0.236520335078,-0.479726523161,-0.713984847069,-0.797663688660,-0.738368809223,-0.523032248020,-0.426973134279,-0.342118352652,-0.141189038754,-0.072919338942,0.041403234005,0.163173347712,0.132471889257,0.289444118738,0.493616878986,0.533565938473,0.579728841782,0.552506566048,0.395473152399,0.223859205842,-0.013817756437,-0.388115257025,-0.440691202879,-0.262014538050,-0.415970385075,-0.452458888292,-0.402196258307,-0.413101941347,-0.301456540823,-0.574421763420,-0.748437464237,-0.508419811726,-0.276405483484,0.119712464511,0.376562207937,0.418223112822,0.484330981970,0.545447051525,0.596911132336,0.520033478737,0.472660958767,0.368688553572,0.197267755866,0.158115640283,0.039302591234,-0.097449027002,-0.272129684687,-0.591639697552,-0.830644905567,-0.815409660339,-0.521703839302,-0.238169714808,-0.183611869812,-0.140903398395,0.086204707623,0.258393883705,0.293491452932,0.424927115440,0.535335659981,0.640929639339,0.833727121353,0.918883800507,0.839552581310,0.650519371033,0.455301105976,0.240383669734,0.026722537354,-0.158068120480,-0.308311432600,-0.277830183506,-0.296563118696,-0.317187815905,-0.228111162782,-0.352811247110,-0.489398300648,-0.558577060699,-0.526153028011,-0.268190413713,-0.043651178479,0.155874028802,0.286904901266,0.394043654203,0.532446146011,0.570309937000,0.521241486073,0.347029328346,0.294146031141,0.267355680466,0.141792863607,0.082653202116,-0.153705611825,-0.349880456924,-0.472526878119,-0.643202841282,-0.663681209087,-0.717355787754,-0.525180101395,-0.265513390303,-0.331168442965,-0.210920199752,-0.020721867681,0.129196286201,0.282571226358,0.253069251776,0.354481905699,0.525031447411,0.586869239807,0.539574623108,0.445252895355,0.410903573036,0.172602519393,-0.098077788949,-0.264304459095,-0.338747560978,-0.191178292036,-0.146387174726,-0.140358895063,-0.169479683042,-0.291217029095,-0.302382469177,-0.469842076302,-0.508194923401,-0.316745102406,-0.229070603848,0.007408916485,0.218821048737,0.336284488440,0.583996832371,0.671272754669,0.556862711906,0.574463367462,0.597557425499,0.544066786766,0.706297397614,0.585926115513,0.193205013871,0.111231796443,-0.230766460299,-0.632603287697,-0.659437060356,-0.766474962234,-0.664322793484,-0.512060880661,-0.538312613964,-0.270178884268,-0.132222801447,-0.002520926064,0.386089593172,0.372823745012,0.415160417557,0.773242890835,0.894909024239,0.929391503334,0.848388254642,0.645878374577,0.533873677254,0.273365378380,-0.117123775184,-0.326693803072,-0.423413664103,-0.544296443462,-0.495241761208,-0.445031374693,-0.671534776688,-0.769807398319,-0.721694231033,-0.802482604980,-0.822409033775,-0.661842823029,-0.272650301456,0.040849957615,0.062826618552,0.216265410185,0.472012847662,0.606055557728,0.674299418926,0.604806184769,0.517800271511,0.436117112637,0.314663380384,0.307011783123,0.149144709110,-0.190790176392,-0.357191205025,-0.489582449198,-0.575114130974,-0.455566674471,-0.265596985817,-0.059008110315,0.103592753410,0.242831781507,0.275030612946,0.243277922273,0.426107645035,0.611789166927,0.744712471962,0.879042387009,0.871067643166,0.844823062420,0.742967426777,0.569202125072,0.354603528976,0.088282994926,-0.116951063275,-0.324873000383,-0.337010502815,-0.278531104326,-0.282952129841,-0.166747421026,-0.293235927820,-0.494616836309,-0.544755935669,-0.561758995056,-0.422635167837,-0.336324989796,-0.164456382394,0.054807282984,0.122782945633,0.288518399000,0.323396891356,0.269186854362,0.310512512922,0.308328598738,0.286072283983,0.244765773416,0.229238435626,0.128172278404,-0.003875399241,-0.225545376539,-0.629437386990,-0.758276343346,-0.868216633797,-1.013523101807,-0.738633632660,-0.566022276878,-0.511222064495,-0.226514443755,-0.021263821051,0.194667950273,0.373697251081,0.460712730885,0.698162674904,0.807579755783,0.927248895168,0.996557295322,0.720396280289,0.595337927341,0.454020887613,0.199317485094,0.109872311354,0.018738847226,-0.033264093101,-0.091793276370,-0.161055490375,-0.320007473230,-0.469224601984,-0.484001845121,-0.655832529068,-0.632503747940,-0.402646869421,-0.201190903783,0.218106821179,0.521704077721,0.649181008339,0.745067119598,0.736692368984,0.775519967079,0.731773853302,0.654470741749,0.583674371243,0.388397425413,0.226151555777,0.032701317221,-0.233940318227,-0.433234155178,-0.511232376099,-0.612377941608,-0.644266486168,-0.404388874769,-0.248885869980,-0.093648105860,0.068817250431,0.081788286567,0.243229553103,0.232445731759,0.310796737671,0.610435843468,0.556990921497,0.653313934803,0.798802733421,0.652223408222,0.554407358170,0.352938085794,0.052740667015,-0.227794706821,-0.388613104820,-0.444633781910,-0.465679645538,-0.326987355947,-0.278159677982,-0.360962748528,-0.470856696367,-0.581717908382,-0.626580297947,-0.685564875603,-0.529213726521,-0.241890326142,-0.032536990941,0.208155080676,0.269408315420,0.175402477384,0.180622965097,0.297945141792,0.369979798794,0.310953736305,0.270752757788,0.305166333914,0.228158727288,-0.130649060011,-0.356034874916,-0.425206303596,-0.681012868881,-0.588461995125,-0.357223659754,-0.391539067030,-0.268268585205,-0.133572444320,0.014549077488,0.207134038210,0.186709061265,0.278193622828,0.504877567291,0.523867905140,0.626094698906,0.964590966702,0.900314033031,0.528945803642,0.543126523495,0.507358253002,0.218839213252,0.087236709893,-0.080047346652,-0.199839860201,-0.198139190674,-0.257095456123,-0.315166413784,-0.377217710018,-0.479276061058,-0.655994236469,-0.633414447308,-0.462947756052,-0.300076603889,0.071364007890,0.315023094416,0.421523600817,0.488679051399,0.449357479811,0.525960266590,0.498288333416,0.484979897738,0.551136851311,0.488076239824,0.399896860123,0.082829467952,-0.250748842955,-0.401110678911,-0.609753906727,-0.809278011322,-0.910563051701,-0.761901080608,-0.562493205070,-0.509283423424,-0.337078630924,-0.163691386580,-0.035794802010,0.121274486184,0.228746980429,0.431352943182,0.652534425259,0.803718984127,0.882764995098,0.736148834229,0.565342843533,0.458488553762,0.264133721590,0.081156477332,-0.001433031750,0.013327821158,0.025237161666,0.088298082352,0.174897745252,0.114247098565,0.014151867479,-0.176597088575,-0.361909657717,-0.343756765127,-0.160655215383,0.087661124766,0.250218421221,0.423705130816,0.368108570576,0.209279984236,0.375148087740,0.349101215601,0.252178430557,0.308766663074,0.231321871281,0.272288829088,0.245596915483,0.014796919189,-0.188488841057,-0.468426167965,-0.731927990913,-0.743389070034,-0.620417773724,-0.516324579716,-0.311562001705,-0.222966387868,-0.261249214411,-0.103072293103,0.020297300071,0.170237228274,0.393618583679,0.429545760155,0.546527802944,0.731557369232,0.712803184986,0.602219760418,0.479961484671,0.231272220612,-0.058991223574,-0.119156293571,-0.201917156577,-0.382253885269,-0.345001399517,-0.373070180416,-0.474508225918,-0.414388924837,-0.470861852169,-0.651881158352,-0.703254342079,-0.674380004406,-0.519709110260,-0.117503009737,0.229858621955,0.454039067030,0.620256483555,0.636243224144,0.639638245106,0.613497853279,0.592387855053,0.452574640512,0.271898746490,0.279072582722,0.018567496911,-0.277399063110,-0.428286701441,-0.677430331707,-0.788379609585,-0.873674392700,-0.752333164215,-0.510807096958,-0.369258463383,-0.079472340643,0.072827227414,0.257738560438,0.441204369068,0.412447869778,0.606117904186,0.746144890785,0.851883828640,1.044113397598,0.853082239628,0.603987932205,0.448962688446,0.148384496570,-0.063822373748,-0.223031714559,-0.342020601034,-0.332060873508,-0.342017203569,-0.285029709339,-0.322117269039,-0.523781120777,-0.543035268784,-0.465013235807,-0.358887583017,-0.107215397060,0.198958605528,0.346591949463,0.423569262028,0.620602667332,0.652380287647,0.632011830807,0.618183791637,0.387188881636,0.307856172323,0.304108083248,0.204679355025,0.111287400126,-0.118675954640,-0.368328750134,-0.612562179565,-0.771551489830,-0.676133632660,-0.581706821918,-0.528927743435,-0.304985433817,-0.103242389858,-0.046627342701,0.123857088387,0.272854447365,0.285818278790,0.345185488462,0.422354221344,0.568756043911,0.647162735462,0.581857562065,0.576993286610,0.436294198036,0.111747242510,-0.128532826900,-0.298335820436,-0.440129071474,-0.491763621569,-0.506385266781,-0.459081083536,-0.374698907137,-0.442326188087,-0.515617907047,-0.509812712669,-0.509614467621,-0.324635058641,0.007576234639,0.258160740137,0.386195212603,0.497179746628,0.576684713364,0.554881632328,0.522740125656,0.403089553118,0.306103289127,0.316380202770,0.263183206320,0.221417814493,0.049558099359,-0.205860257149,-0.437143325806,-0.713490605354,-0.747613728046,-0.765691399574,-0.745455503464,-0.474027156830,-0.353672653437,-0.155697971582,0.140643522143,0.213172629476,0.243804648519,0.403221338987,0.615107595921,0.680057585239,0.772580146790,0.753559470177,0.582698702812,0.481412142515,0.193097338080,0.017577882856,-0.185421854258,-0.475656509399,-0.382161110640,-0.438969820738,-0.474798858166,-0.364102691412,-0.563771247864,-0.636025249958,-0.621043503284,-0.665423333645,-0.541379988194,-0.351550579071,-0.130960971117,0.099776729941,0.291175544262,0.369645476341,0.361908555031,0.412875533104,0.476806133986,0.438620954752,0.344867646694,0.334374308586,0.284705132246,0.105746865273,-0.009796031751,-0.107706956565,-0.216000139713,-0.198767468333,-0.258021771908,-0.385374963284,-0.331036180258,-0.210935667157,-0.076533704996,0.030790602788,0.100202299654,0.226525723934,0.325644731522,0.466386318207,0.582214415073,0.649880468845,0.748687684536,0.718411147594,0.653893470764,0.495482087135,0.243389621377,0.070050336421,-0.148849606514,-0.348589152098,-0.494383394718,-0.511054813862,-0.403936088085,-0.381184160709,-0.419504165649,-0.564670205116,-0.749210298061,-0.854789972305,-0.748015880585,-0.443802595139,-0.202392324805,0.071444511414,0.248499408364,0.312549740076,0.434441626072,0.377594590187,0.339221060276,0.424767047167,0.417656481266,0.361398041248,0.237654417753,0.005540748127,-0.261968344450,-0.514525294304,-0.827009320259,-0.969387054443,-0.918838322163,-0.927825510502,-0.752722084522,-0.583533704281,-0.431693732738,-0.087032087147,0.015231352299,0.155384317040,0.446066081524,0.568338334560,0.797498047352,0.963830649853,0.960917830467,0.961370170116,0.844243943691,0.639225244522,0.369979441166,0.117868676782,-0.078208036721,-0.248481899500,-0.338349819183,-0.409657061100,-0.397522509098,-0.395403444767,-0.524511516094,-0.593453288078,-0.544617295265,-0.413458019495,-0.295131534338,-0.151800036430,0.169462174177,0.429880082607,0.463788390160,0.481560021639,0.501036465168,0.524916529655,0.592350065708,0.448264211416,0.268905371428,0.254051834345,0.115806557238,-0.094868771732,-0.365644276142,-0.631732761860,-0.667578935623,-0.700582981110,-0.858349084854,-0.879731059074,-0.597584664822,-0.323461920023,-0.116340309381,0.138826951385,0.198126897216,0.246253907681,0.319828122854,0.447679430246,0.663796484470,0.660909414291,0.721029996872,0.621886849403,0.340417206287,0.282780885696,-0.013288354501,-0.226446360350,-0.204932376742,-0.343115150928,-0.341154783964,-0.362366765738,-0.457875907421,-0.458654463291,-0.545335054398,-0.613132894039,-0.584387421608,-0.477026373148,-0.232554674149,0.090997807682,0.329507201910,0.460853844881,0.494382739067,0.356687486172,0.331687897444,0.475694298744,0.447271674871,0.337995886803,0.290270715952,0.239321768284,0.110404416919,-0.177073180676,-0.478616029024,-0.650337219238,-0.716964960098,-0.708139955997,-0.673254430294,-0.604874074459,-0.412061154842,-0.143175199628,0.037206150591,0.142971530557,0.224792882800,0.328830957413,0.513275861740,0.632796108723,0.667423129082,0.700641930103,0.718530058861,0.689861238003,0.452960878611,0.186186060309,0.081928379834,-0.175507113338,-0.403097331524,-0.422477662563,-0.460958778858,-0.363282382488,-0.363622367382,-0.511995553970,-0.592930555344,-0.734718620777,-0.599090814590,-0.463196545839,-0.434397101402,-0.115271039307,0.050229411572,0.193451583385,0.312022954226,0.253625273705,0.317815929651,0.303893804550,0.325535356998,0.255959779024,0.151606008410,0.143141880631,-0.179688364267,-0.333856284618,-0.461376905441,-0.698373019695,-0.618536353111,-0.725583136082,-0.783781647682,-0.602092683315,-0.432924509048,-0.223529011011,-0.169516399503,-0.091257601976,-0.009359900840,0.089163750410,0.245289787650,0.345686495304,0.568038403988,0.582626044750,0.525751471519,0.527289450169,0.367455065250,0.316250592470,0.150425314903,-0.002498804126,-0.007443595212,-0.033878456801,0.115032918751,0.136225923896,0.042539276183,-0.127967536449,-0.380648344755,-0.330076009035,-0.274428486824,-0.208116158843,0.000400958175,0.087913192809,0.255949348211,0.460631906986,0.488396853209,0.400735855103,0.293002218008,0.279475480318,0.307865053415,0.332001984119,0.311021924019,0.193180099130,0.005009078886,-0.283548146486,-0.476654112339,-0.489207535982,-0.607731342316,-0.809721112251,-0.839479625225,-0.658168256283,-0.391816437244,-0.243899166584,-0.274400711060,-0.166185051203,0.071691177785,0.125728577375,0.234410151839,0.391419559717,0.466146916151,0.595908403397,0.511305212975,0.321192562580,0.206362247467,-0.021611968055,-0.269567608833,-0.446438163519,-0.450312137604,-0.463079780340,-0.523642361164,-0.459850519896,-0.553387701511,-0.568863034248,-0.500629007816,-0.614061594009,-0.566405177116,-0.373013347387,-0.116859272122,0.077532164752,0.229772284627,0.325823456049,0.220575913787,0.385697901249,0.447545260191,0.313382327557,0.418625414371,0.285407900810,0.227488487959,0.201419517398,-0.080513752997,-0.254454612732,-0.557146191597,-0.654121637344,-0.535906434059,-0.511760175228,-0.275938123465,-0.130050361156,-0.050560247153,0.062883049250,0.137460753322,0.338521212339,0.478326320648,0.607455790043,0.639517605305,0.662567913532,0.853222846985,0.773657143116,0.550481081009,0.339523464441,0.097214430571,-0.063484065235,-0.157299309969,-0.171113595366,-0.354728102684,-0.432784557343,-0.305449277163,-0.360347688198,-0.312126725912,-0.291927814484,-0.387684494257,-0.402484506369,-0.376791983843,-0.185482561588,-0.040598060936,0.106428124011,0.267216712236,0.267740279436,0.316322863102,0.263582468033,0.174881309271,0.167645514011,0.102287180722,0.052466340363,-0.044393096119,-0.093912109733,-0.235267266631,-0.564047217369,-0.665018975735,-0.656180977821,-0.703448235989,-0.617614805698,-0.394476085901,-0.242363840342,-0.158243447542,0.030635315925,0.073032222688,0.082193456590,0.270656377077,0.419070839882,0.611678659916,0.751121282578,0.706875562668,0.552191197872,0.411844164133,0.338961482048,0.125323012471,-0.043645240366,-0.163676917553,-0.289519757032,-0.279574751854,-0.336742550135,-0.314705967903,-0.280666589737,-0.368760973215,-0.480818063021,-0.593404829502,-0.378761589527,-0.095708064735,0.095083579421,0.330030858517,0.483994722366,0.664246380329,0.630362272263,0.548087060452,0.586063921452,0.463424205780,0.432609051466,0.393770068884,0.235412672162,0.042458098382,-0.212790757418,-0.354444891214,-0.522526144981,-0.733945667744,-0.847616076469,-0.803056418896,-0.546133995056,-0.304984539747,-0.099561445415,0.071994706988,0.109760418534,0.161258280277,0.295055776834,0.449906766415,0.522070288658,0.566540777683,0.571992218494,0.427675485611,0.331099808216,0.217237308621,-0.006895140745,-0.223239436746,-0.465271204710,-0.507108151913,-0.451419770718,-0.458134502172,-0.353964298964,-0.442950755358,-0.457017391920,-0.296054512262,-0.465390235186,-0.406096696854,-0.130030155182,-0.128504857421,-0.004622830544,0.338641315699,0.437716454268,0.351455420256,0.635025918484,0.547577381134,0.166642263532,0.502578377724,0.509635150433,0.325546443462,0.452985405922,0.067566759884,-0.227793425322,-0.282294183969,-0.456180274487,-0.576774358749,-0.612239122391,-0.402418673038,-0.264492392540,-0.160429224372,0.001888360013,0.077396132052,0.289742767811,0.373402774334,0.351680517197,0.456703215837,0.612730860710,0.721950232983,0.628357648849,0.481847167015,0.295154243708,0.145794510841,0.024897858500,-0.223783120513,-0.361527025700,-0.523474574089,-0.624026596546,-0.550585567951,-0.655687034130,-0.659682512283,-0.583316862583,-0.643072009087,-0.593312084675,-0.556862831116,-0.470724761486,-0.185096964240,0.085251435637,0.203129425645,0.299921989441,0.467886060476,0.489441961050,0.564446628094,0.608163535595,0.317586034536,0.253269255161,0.226841479540,-0.069514073431,-0.227126136422,-0.455621510744,-0.695863723755,-0.727562427521,-0.779395878315,-0.833736062050,-0.693723678589,-0.381815761328,-0.160700380802,0.094799272716,0.336319327354,0.346541494131,0.419874042273,0.537892103195,0.712744772434,0.922370195389,0.909518182278,0.802368462086,0.658645629883,0.466954827309,0.247915342450,0.047123678029,-0.158276572824,-0.256529301405,-0.151121214032,-0.290355861187,-0.425554603338,-0.290777802467,-0.377752035856,-0.462441056967,-0.338498830795,-0.266645967960,-0.268893390894,-0.115302160382,0.292933046818,0.421254366636,0.369436413050,0.565199673176,0.488636523485,0.271338701248,0.327373057604,0.359244883060,0.310145914555,0.173313587904,0.063006453216,0.004128768109,-0.274563074112,-0.526053667068,-0.631085515022,-0.730155587196,-0.669330120087,-0.474852949381,-0.296038985252,-0.172334462404,-0.049593813717,-0.008572300896,0.085595212877,0.355460375547,0.342421889305,0.468871742487,0.828927099705,0.714334368706,0.752373278141,0.825958669186,0.399821788073,0.220327585936,0.139828801155,-0.121970191598,-0.195260852575,-0.383437752724,-0.531173884869,-0.341147124767,-0.400234907866,-0.527392625809,-0.511041581631,-0.677439391613,-0.652571856976,-0.538884818554,-0.414478063583,-0.058315780014,0.095466807485,0.263148963451,0.539858698845,0.464084297419,0.453880608082,0.663058400154,0.529336810112,0.391993135214,0.512584388256,0.321008116007,0.112042404711,0.022973939776,-0.224312886596,-0.395683139563,-0.631620109081,-0.758954286575,-0.704852700233,-0.707872569561,-0.488589107990,-0.244120672345,-0.233781591058,-0.139702066779,0.182205960155,0.434616446495,0.555881083012,0.710978567600,0.810272455215,0.979178667068,1.059097766876,0.871682167053,0.704011321068,0.457249641418,0.214635685086,0.009436376393,-0.252817362547,-0.312099814415,-0.359998673201,-0.356520503759,-0.329645723104,-0.539892315865,-0.558539211750,-0.467763245106,-0.450007021427,-0.281801730394,-0.120764777064,-0.056241750717,0.048088025302,0.277830213308,0.412962496281,0.498612314463,0.578279435635,0.483535557985,0.489947795868,0.366433352232,0.213219821453,0.231291785836,-0.082238726318,-0.261100232601,-0.284547626972,-0.555858969688,-0.732163965702,-0.801577448845,-0.770633637905,-0.690248966217,-0.465201288462,-0.214957848191,-0.064665816724,0.250710219145,0.276340425014,0.251346945763,0.468296587467,0.570685744286,0.756639719009,0.914328455925,0.941029250622,0.695169568062,0.524424970150,0.604286611080,0.241483733058,0.042029909790,0.071896947920,-0.055759605020,0.117293022573,0.104063026607,-0.121931560338,-0.189710333943,-0.371942728758,-0.510773241520,-0.387514233589,-0.206747040153,-0.123985119164,0.043231744319,0.321980863810,0.527684986591,0.591469049454,0.586868703365,0.605195999146,0.486871361732,0.370152205229,0.461989611387,0.411443233490,0.132854387164,-0.107727244496,-0.353143036366,-0.617792189121,-0.779206275940,-0.878859996796,-0.850097179413,-0.786827981472,-0.784864485264,-0.589245021343,-0.348955631256,-0.212029367685,-0.037022840232,0.066201061010,0.131797924638,0.310861557722,0.497294992208,0.671926975250,0.773202776909,0.592219352722,0.422515362501,0.340002357960,0.116781242192,-0.076368808746,-0.340671062469,-0.509551644325,-0.341452240944,-0.218582332134,-0.214034646749,-0.217392206192,-0.308659821749,-0.494213402271,-0.552605330944,-0.413586527109,-0.268078535795,-0.051756970584,0.269736856222,0.482039690018,0.391874730587,0.417710274458,0.700713038445,0.499281316996,0.368981331587,0.588004589081,0.324070245028,0.229871302843,0.247123777866,-0.047345187515,-0.029714558274,-0.225507900119,-0.524045765400,-0.385948270559,-0.441376835108,-0.484404921532,-0.107728302479,0.084898836911,0.027624007314,0.351030081511,0.455964356661,0.128641113639,0.369653463364,0.567035198212,0.476869881153,0.780974805355,0.779599070549,0.463943511248,0.369779586792,0.181165471673,-0.020929178223,-0.110757865012,-0.219918444753,-0.188755601645,-0.144284054637,-0.226634293795,-0.237778127193,-0.305588632822,-0.485234767199,-0.585211277008,-0.659373104572,-0.568627357483,-0.182535052299,0.071036465466,0.118457995355,0.276143550873,0.342278182507,0.303474277258,0.319554775953,0.299654096365,0.361690223217,0.360828131437,0.248258739710,0.143294125795,-0.098729878664,-0.245275408030,-0.304258376360,-0.492205083370,-0.588563680649,-0.576055049896,-0.576145112514,-0.459586530924,-0.223217502236,-0.146231874824,-0.103850863874,0.054748471826,0.164774850011,0.334739148617,0.464470386505,0.571174263954,0.823754847050,0.950505912304,0.872173249722,0.735317885876,0.594657480717,0.349216908216,0.083744443953,-0.132339254022,-0.359060734510,-0.343806564808,-0.271498888731,-0.231028184295,-0.161982759833,-0.375727206469,-0.461811900139,-0.329657405615,-0.368411123753,-0.271021187305,0.013981923461,0.251303285360,0.424229532480,0.542427062988,0.655379056931,0.685227990150,0.540088295937,0.471810936928,0.548629581928,0.432887405157,0.271759480238,0.217560693622,-0.043279167265,-0.431048542261,-0.676222443581,-0.733290195465,-0.736283600330,-0.826528668404,-0.712757527828,-0.335122078657,-0.179802656174,-0.104503385723,0.126319125295,0.223384559155,0.295940220356,0.420906126499,0.571487069130,0.680417597294,0.487568616867,0.328426957130,0.241026863456,0.039160825312,-0.040638338774,-0.246618822217,-0.492963463068,-0.529522538185,-0.555072307587,-0.461477786303,-0.385379254818,-0.413496732712,-0.376065373421,-0.394017130136,-0.399877071381,-0.343668371439,-0.243998840451,-0.054452307522,0.162831023335,0.404372870922,0.610517382622,0.766783952713,0.809302926064,0.681387901306,0.572827398777,0.527941286564,0.499708950520,0.387585610151,0.183380112052,0.031095376238,-0.214362859726,-0.403763562441,-0.441685616970,-0.668271362782,-0.676364660263,-0.417504638433,-0.382591247559,-0.152630865574,0.206472039223,0.380903422832,0.677962064743,0.802279174328,0.681535959244,0.749658405781,0.837090492249,0.896471858025,0.998143792152,0.791414976120,0.457338929176,0.228835001588,-0.104405097663,-0.372622817755,-0.633859813213,-0.843841135502,-0.744053244591,-0.701659619808,-0.620561540127,-0.464954108000,-0.616861283779,-0.669929087162,-0.512180864811,-0.449863433838,-0.253740876913,0.049127727747,0.157199501991,0.235788643360,0.350639015436,0.368483930826,0.438032060862,0.398222088814,0.175573334098,0.142411246896,0.106935076416,-0.079872526228,-0.150608181953,-0.332448571920,-0.584288656712,-0.676824152470,-0.842856407166,-0.813581466675,-0.643380284309,-0.520244061947,-0.104921393096,0.105057314038,0.188170790672,0.429873913527,0.412902891636,0.626858830452,0.867310643196,0.759726166725,0.850543081760,0.889043807983,0.773890137672,0.701675355434,0.415706515312,0.042921859771,-0.080320343375,-0.142131820321,-0.240589529276,-0.158633381128,-0.242093384266,-0.350895136595,-0.168362066150,-0.202796116471,-0.230292811990,-0.223493739963,-0.423366874456,-0.250248670578,0.068985208869,0.223981678486,0.339967995882,0.356518149376,0.533533751965,0.655372977257,0.592407286167,0.552760839462,0.378769338131,0.186888441443,0.018930599093,-0.070809952915,-0.179861873388,-0.407345414162,-0.424586147070,-0.612100124359,-0.878347873688,-0.839191377163,-0.740498125553,-0.454763501883,-0.302665084600,-0.243470922112,-0.059371601790,-0.021930010989,0.146284803748,0.193908572197,0.218744069338,0.564970195293,0.743329346180,0.822720646858,0.853658556938,0.599731385708,0.286319524050,0.122516371310,-0.183566525578,-0.422577857971,-0.326495796442,-0.535726487637,-0.604985475540,-0.394842624664,-0.580377995968,-0.689428448677,-0.796083092690,-0.869705796242,-0.626073241234,-0.463277399540,-0.192175462842,0.112565942109,0.271791666746,0.515961945057,0.598030924797,0.503222584724,0.580160260201,0.676722884178,0.604753613472,0.550276577473,0.357906967402,-0.006315145176,-0.209996312857,-0.405873417854,-0.653440952301,-0.782667577267,-0.835482656956,-0.774495661259,-0.640944480896,-0.409311532974,-0.102573551238,0.048696044832,0.186948686838,0.346633762121,0.420871078968,0.567242205143,0.674091517925,0.736830711365,0.823143482208,0.768411457539,0.732672870159,0.677604377270,0.449250578880,0.206818223000,-0.110872231424,-0.303328812122,-0.209446787834,-0.163358688354,-0.228140279651,-0.413070052862,-0.582756996155,-0.625633478165,-0.718768656254,-0.597655475140,-0.351610243320,-0.262820422649,-0.018345667049,0.244578763843,0.358174175024,0.455550700426,0.402607023716,0.335299998522,0.389118254185,0.363121688366,0.288620233536,0.254318326712,0.108790703118,-0.057702232152,-0.200051769614,-0.526789486408,-0.770909368992,-0.842360317707,-0.935198605061,-0.842347383499,-0.663919985294,-0.501028239727,-0.214483007789,-0.011481256224,0.070670373738,0.189837172627,0.426406323910,0.677824020386,0.772612214088,0.889871656895,0.908023118973,0.717698991299,0.644632041454,0.540050566196,0.310686290264,0.121522694826,-0.032608862966,-0.107909403741,-0.159802436829,-0.098413072526,-0.091263040900,-0.342399626970,-0.482003688812,-0.565940916538,-0.601768255234,-0.488354980946,-0.366989821196,-0.023725615814,0.270596444607,0.269626945257,0.294559389353,0.436948686838,0.572245657444,0.623259902000,0.637745678425,0.496980756521,0.377806693316,0.305742204189,0.007327298634,-0.205750569701,-0.426681488752,-0.696382284164,-0.753546416759,-0.849922418594,-0.892829298973,-0.777129113674,-0.652734935284,-0.500831663609,-0.360518783331,-0.226896569133,-0.060888852924,0.114255182445,0.281516641378,0.499919861555,0.700281560421,0.773880958557,0.739780366421,0.600808799267,0.521983325481,0.390981823206,0.075488507748,-0.145995557308,-0.345854520798,-0.449291855097,-0.375000208616,-0.468782931566,-0.562444686890,-0.493269920349,-0.447483420372,-0.456146389246,-0.418573737144,-0.270730346441,-0.135720953345,0.089488454163,0.302202194929,0.365688771009,0.496335804462,0.361521810293,0.180189043283,0.314390510321,0.304170250893,0.308924615383,0.268701791763,0.083394803107,0.098955489695,-0.028181036934,-0.268715232611,-0.433073520660,-0.614858090878,-0.597209751606,-0.515180647373,-0.473608493805,-0.369919776917,-0.206816062331,-0.028126467019,0.042539190501,0.186564162374,0.389963626862,0.463330835104,0.498273402452,0.576620936394,0.725284755230,0.745269536972,0.653993546963,0.461138069630,0.143113985658,-0.006730278023,-0.235128685832,-0.416670978069,-0.302281379700,-0.323252111673,-0.342256844044,-0.373719274998,-0.475240051746,-0.426465928555,-0.544007658958,-0.627028524876,-0.464579194784,-0.313011676073,-0.090762287378,0.093973435462,0.177735447884,0.255664646626,0.319679319859,0.368583053350,0.332961797714,0.268162876368,0.224375560880,0.231698900461,0.168391615152,-0.030740199611,-0.185227990150,-0.453190952539,-0.732375621796,-0.752308547497,-0.688353598118,-0.543935060501,-0.419305026531,-0.341447293758,-0.176135197282,-0.177595600486,-0.127635702491,0.098656214774,0.198593944311,0.357120156288,0.470408737659,0.546765923500,0.706167995930,0.616987049580,0.480667829514,0.317770630121,0.045222476125,-0.014117021114,-0.093879684806,-0.208869293332,-0.125071853399,-0.099053733051,-0.180768817663,-0.277535349131,-0.410498589277,-0.536467492580,-0.596631705761,-0.458002567291,-0.232349842787,-0.126168504357,0.085014417768,0.342803090811,0.368952125311,0.348778545856,0.318687856197,0.287570476532,0.329198956490,0.319138616323,0.352636635303,0.324909895658,0.123613104224,-0.081044666469,-0.277685940266,-0.381461769342,-0.491139650345,-0.647330403328,-0.644251585007,-0.553637444973,-0.353195488453,-0.079550266266,0.074080489576,0.141766026616,0.232996553183,0.337217479944,0.367909878492,0.455476433039,0.588129580021,0.648421585560,0.639920115471,0.439663052559,0.219770893455,0.007642363664,-0.231502637267,-0.294894903898,-0.310164958239,-0.237466275692,-0.215578675270,-0.294722467661,-0.251876026392,-0.352151006460,-0.441535025835,-0.456513255835,-0.464300394058,-0.328425109386,-0.301089495420,-0.095187403262,0.230851665139,0.323744714260,0.464291095734,0.551381528378,0.573752462864,0.600891709328,0.640229582787,0.679149389267,0.472617179155,0.278366714716,0.115230336785,-0.091643005610,-0.164017304778,-0.430867135525,-0.707256674767,-0.707146167755,-0.682517349720,-0.507864058018,-0.309768944979,-0.273289442062,-0.130242496729,0.045833844692,0.145748421550,0.208483278751,0.276014178991,0.439568847418,0.627742886543,0.816383481026,0.855427265167,0.663296222687,0.448036730289,0.194886013865,-0.134847342968,-0.388571709394,-0.468515872955,-0.548141539097,-0.642774522305,-0.571770310402,-0.583250045776,-0.671816706657,-0.668117761612,-0.759068608284,-0.699801802635,-0.357554107904,-0.050559643656,0.242888301611,0.415033996105,0.338865160942,0.320711225271,0.329887598753,0.273043811321,0.247306466103,0.114290334284,0.017283096910,0.021963283420,-0.098558522761,-0.252361208200,-0.414089620113,-0.589044809341,-0.732094168663,-0.777199268341,-0.548157632351,-0.292571127415,-0.192199438810,-0.072430990636,0.077343903482,0.231135532260,0.408531218767,0.557600498199,0.611218035221,0.717576742172,0.819017410278,0.794423699379,0.785966157913,0.613981485367,0.408797293901,0.307906031609,0.017826801166,-0.256810784340,-0.317729264498,-0.278025269508,-0.291166961193,-0.325613230467,-0.299199402332,-0.307640165091,-0.299347758293,-0.336956381798,-0.349593997002,-0.280716449022,-0.098316282034,0.225041195750,0.372419297695,0.564516067505,0.672725677490,0.550908148289,0.579354047775,0.442425966263,0.334065884352,0.339698731899,0.218380376697,0.170157209039,-0.116734698415,-0.486583888531,-0.714061737061,-0.933204531670,-0.931653261185,-0.828615963459,-0.750077307224,-0.646323919296,-0.495923638344,-0.289982914925,-0.066005825996,0.120115384459,0.194351181388,0.309098631144,0.396383464336,0.529911339283,0.831068277359,0.790769577026,0.641012847424,0.539876163006,0.083988398314,-0.115524314344,-0.178342536092,-0.547044217587,-0.606055736542,-0.575688660145,-0.634420633316,-0.468565642834,-0.447233676910,-0.532174468040,-0.415535330772,-0.472792983055,-0.537740707397,-0.035978954285,0.214579820633,0.144691869617,0.571640372276,0.668293416500,0.536260306835,0.669223010540,0.497431635857,0.439409583807,0.428734540939,0.240835979581,0.183699801564,-0.037224695086,-0.230377420783,-0.289676606655,-0.459431797266,-0.650033295155,-0.798858463764,-0.716532111168,-0.403813838959,-0.217412993312,-0.097486622632,0.210604578257,0.334101617336,0.343081653118,0.522527635098,0.566186130047,0.678995847702,0.772548198700,0.736788511276,0.784787476063,0.542257428169,0.256715476513,0.110739000142,-0.200236931443,-0.441366165876,-0.519034206867,-0.537950515747,-0.522512495518,-0.487847208977,-0.457049101591,-0.423938781023,-0.402945101261,-0.421320796013,-0.368601799011,-0.315918594599,-0.181071594357,0.120794765651,0.255306094885,0.323149174452,0.482616961002,0.470092773438,0.397401124239,0.393065750599,0.323085963726,0.258727967739,0.185286238790,0.073357798159,-0.079114750028,-0.349892765284,-0.575737237930,-0.743479371071,-0.905316352844,-0.946114063263,-0.846344411373,-0.653266012669,-0.480308383703,-0.235826894641,0.047020960599,0.282573997974,0.554486870766,0.645331084728,0.751346647739,1.009054899216,1.138782501221,1.200367331505,1.113252639771,1.023234128952,0.836510956287,0.361641705036,0.168379113078,-0.029528496787,-0.330976217985,-0.191679865122,-0.156683728099,-0.357451796532,-0.410116672516,-0.538095891476,-0.799790620804,-0.746884882450,-0.457901060581,-0.354744493961,-0.046834327281,0.280104070902,0.429808318615,0.618461072445,0.542334735394,0.675085425377,0.700612843037,0.419859468937,0.485285073519,0.230790585279,-0.013317579404,-0.000812439655,-0.325549125671,-0.611713767052,-0.863115370274,-1.020508646965,-1.015886664391,-0.870702981949,-0.648713827133,-0.545619547367,-0.192977830768,-0.006365768146,-0.007482652552,0.275945246220,0.307108551264,0.325038611889,0.533370852470,0.576226890087,0.660861253738,0.714556992054,0.616200387478,0.473080724478,0.303369581699,0.070688627660,-0.229923889041,-0.366100877523,-0.328893005848,-0.339819788933,-0.384003996849,-0.282444506884,-0.237971678376,-0.463721990585,-0.445200234652,-0.355671256781,-0.466329723597,-0.126862928271,0.288957476616,0.460720866919,0.644196748734,0.601702272892,0.604615569115,0.570606410503,0.448703736067,0.554164946079,0.439658403397,0.302989125252,0.269998580217,0.011218263768,-0.163265660405,-0.297163397074,-0.512291312218,-0.684005677700,-0.724545001984,-0.679387807846,-0.615197837353,-0.455436348915,-0.290997594595,-0.059146404266,0.024949472398,0.045039001852,0.300836086273,0.431528359652,0.730165302753,1.017483472824,0.875175654888,0.815362393856,0.684600770473,0.490159511566,0.306782364845,-0.073906131089,-0.236931353807,-0.296385765076,-0.453756690025,-0.381603002548,-0.268826425076,-0.448905199766,-0.596060156822,-0.516060173512,-0.545586884022,-0.624912202358,-0.577215254307,-0.346394449472,0.001380940317,0.174209445715,0.325608462095,0.535465419292,0.550198733807,0.418778955936,0.511484086514,0.564646542072,0.231581732631,0.301198780537,0.341305643320,-0.169515892863,-0.319221526384,-0.501965522766,-0.758607029915,-0.727310478687,-0.832808315754,-0.782050192356,-0.607819020748,-0.432372033596,-0.191384822130,-0.007553857751,0.195307999849,0.244101807475,0.271095991135,0.508976876736,0.718114435673,0.758605003357,0.812204658985,0.755972146988,0.526997148991,0.456272542477,0.213669747114,-0.095295362175,-0.150622695684,-0.321568876505,-0.378811150789,-0.329875767231,-0.336609631777,-0.256126910448,-0.256852835417,-0.282785415649,-0.365274697542,-0.443604439497,-0.254250288010,0.061827931553,0.336770862341,0.545929491520,0.620667636395,0.551843285561,0.542101204395,0.564313173294,0.494731098413,0.384464502335,0.203150913119,0.210108593106,0.263503462076,0.020993238315,-0.219234675169,-0.503963053226,-0.723668038845,-0.668855190277,-0.710787534714,-0.673589944839,-0.390169173479,-0.173246055841,-0.033443842083,0.088038846850,0.163155630231,0.243446528912,0.431689530611,0.568964064121,0.602537572384,0.767585277557,0.831189155579,0.661836445332,0.409311503172,0.040103122592,-0.258449941874,-0.402021050453,-0.480600893497,-0.484673619270,-0.363967448473,-0.286830812693,-0.537601530552,-0.606780767441,-0.360160559416,-0.410551309586,-0.504940629005,-0.395219743252,-0.181015759706,0.108845070004,0.355513483286,0.648198723793,0.737021386623,0.601271450520,0.614748418331,0.597254097462,0.503829956055,0.529668509960,0.581185996532,0.459329366684,0.160522848368,-0.028346450999,-0.123487755656,-0.380573987961,-0.551809012890,-0.544160246849,-0.525108873844,-0.325143486261,-0.146098494530,-0.048715244979,0.137723922729,0.156404629350,0.255667448044,0.421227961779,0.432207047939,0.649404525757,0.706202983856,0.602540075779,0.711582899094,0.534351646900,0.214512035251,-0.018047111109,-0.323073059320,-0.464262902737,-0.444745779037,-0.331454694271,-0.244274973869,-0.301980048418,-0.391044229269,-0.426668316126,-0.370228290558,-0.427627652884,-0.454948753119,-0.271444559097,-0.149483025074,0.065136447549,0.336976349354,0.391412198544,0.368629693985,0.274619609118,0.202507108450,0.242596030235,0.182950362563,0.147280156612,0.168553158641,-0.089220531285,-0.377807348967,-0.438188761473,-0.540286779404,-0.667463123798,-0.718256711960,-0.617510855198,-0.359872817993,-0.134110987186,0.064058706164,0.191673696041,0.267892867327,0.384430468082,0.560509622097,0.733552277088,0.740042269230,0.797658920288,0.897387206554,0.825032532215,0.716379344463,0.527431726456,0.236430734396,-0.118330553174,-0.335446208715,-0.328707575798,-0.325309813023,-0.138432681561,-0.073457799852,-0.243098378181,-0.125869691372,-0.140500307083,-0.273893594742,-0.258390963078,-0.314417481422,-0.187584653497,0.031451411545,0.310338020325,0.523405432701,0.450063735247,0.502688646317,0.478870689869,0.410918802023,0.398368030787,0.118542730808,0.004478806164,-0.026481080800,-0.143306776881,-0.240648761392,-0.509281218052,-0.755407273769,-0.978082478046,-0.943218588829,-0.656882762909,-0.500945985317,-0.303727447987,-0.187824234366,-0.028398001567,0.136945158243,0.078022234142,0.108570836484,0.171526089311,0.379087805748,0.645347237587,0.767435252666,0.802422463894,0.543808639050,0.345045030117,0.174081936479,-0.177762731910,-0.340749830008,-0.428468614817,-0.431916058064,-0.348769456148,-0.328079074621,-0.355481922626,-0.506686806679,-0.527085423470,-0.452121615410,-0.476383060217,-0.317218422890,0.046129446477,0.368209362030,0.538220226765,0.570016264915,0.591195642948,0.705368876457,0.714701950550,0.592097103596,0.575947046280,0.457213461399,0.254461854696,0.146486103535,-0.069794133306,-0.248339787126,-0.442576736212,-0.789397060871,-0.837777972221,-0.714508652687,-0.682552814484,-0.459807425737,-0.170780330896,0.081745751202,0.269536018372,0.327922940254,0.553053200245,0.712832629681,0.697541117668,0.841958880424,0.919992148876,0.881323099136,0.781932234764,0.520569443703,0.259096890688,-0.004999359138,-0.292009115219,-0.431554138660,-0.468797355890,-0.617498397827,-0.728111147881,-0.671183526516,-0.725276947021,-0.813445031643,-0.755055010319,-0.694734275341,-0.572130739689,-0.257741481066,0.072854697704,0.289484947920,0.454022556543,0.567419648170,0.684077978134,0.734605252743,0.647994518280,0.543802022934,0.397627621889,0.258126288652,0.077218547463,-0.173161685467,-0.274350702763,-0.394747853279,-0.684280514717,-0.891653776169,-0.949017941952,-0.892220377922,-0.660030424595,-0.421099275351,-0.249834686518,0.005131795071,0.240118771791,0.428537160158,0.652590095997,0.863783836365,1.086898088455,1.293194770813,1.389863729477,1.313747644424,1.108893871307,0.874725401402,0.582200706005,0.200371071696,-0.169656589627,-0.372956275940,-0.429069310427,-0.430213809013,-0.465980887413,-0.523108959198,-0.471774697304,-0.501275599003,-0.551117777824,-0.386667430401,-0.226454287767,-0.030851989985,0.245662510395,0.392432749271,0.548181116581,0.692832946777,0.561859488487,0.390438586473,0.360391348600,0.262192040682,0.151236429811,0.013112516142,-0.234981372952,-0.476611256599,-0.780213236809,-0.994224727154,-1.004119873047,-1.039939284325,-0.943585932255,-0.760417103767,-0.707108736038,-0.427985072136,-0.082004785538,0.021313704550,0.225360095501,0.413711488247,0.433473497629,0.483471006155,0.511511802673,0.662413120270,0.879402697086,0.780669569969,0.479040980339,0.156043365598,-0.172470360994,-0.318335950375,-0.295479059219,-0.387544929981,-0.455583453178,-0.316360175610,-0.278341263533,-0.285602390766,-0.265253305435,-0.406930387020,-0.411476910114,-0.270452499390,-0.116048775613,0.217013999820,0.458696812391,0.582063913345,0.744055509567,0.755129992962,0.684838593006,0.572511970997,0.473927557468,0.523082613945,0.516333699226,0.423473477364,0.302762597799,0.086297489703,-0.135069087148,-0.399110138416,-0.674198567867,-0.710258126259,-0.641003012657,-0.602522850037,-0.489026874304,-0.351168304682,-0.148229598999,0.061909798533,0.144958809018,0.210155934095,0.363475918770,0.533084392548,0.670346438885,0.880233049393,0.932183086872,0.794673085213,0.617623448372,0.237221837044,-0.014026509598,-0.157486781478,-0.417373180389,-0.454264014959,-0.399551212788,-0.482754230499,-0.609345018864,-0.628233671188,-0.687793552876,-0.837886631489,-0.806784212589,-0.724745213985,-0.485039889812,-0.221311166883,-0.038697861135,0.320663064718,0.341718077660,0.305027097464,0.441151797771,0.378161281347,0.522720038891,0.533257186413,0.337071150541,0.315839260817,0.086598306894,-0.237445116043,-0.473175078630,-0.729655563831,-0.905066430569,-0.928752958775,-0.894154191017,-0.710698604584,-0.364929407835,-0.199568986893,-0.041794478893,0.135050863028,0.173623278737,0.352318108082,0.487396478653,0.627091050148,0.925973773003,1.017933845520,0.972028791904,0.830723226070,0.530543446541,0.236000806093,-0.028433201835,-0.172546237707,-0.214886754751,-0.172337502241,-0.170609146357,-0.336269676685,-0.379467129707,-0.438070505857,-0.561233520508,-0.627025187016,-0.745145142078,-0.543449401855,-0.168426722288,0.176314443350,0.629081487656,0.711082220078,0.608336150646,0.616829454899,0.513040959835,0.529515683651,0.548092603683,0.387374371290,0.263301432133,0.167367324233,0.007216184866,-0.257991135120,-0.501205503941,-0.706879973412,-0.859786570072,-0.825693070889,-0.845189392567,-0.838812232018,-0.667460441589,-0.530565321445,-0.270256191492,-0.045518770814,0.037982869893,0.226515263319,0.378330498934,0.555858850479,0.748263537884,0.766875386238,0.698857724667,0.523028612137,0.212435290217,-0.056893579662,-0.138682827353,-0.306640952826,-0.494577646255,-0.357921272516,-0.312925785780,-0.438449651003,-0.534735143185,-0.712464809418,-0.752727210522,-0.619224727154,-0.459172248840,-0.310849785805,-0.107573457062,0.232046231627,0.541191577911,0.782287001610,0.843735635281,0.771349430084,0.819365203381,0.825835108757,0.829230606556,0.859113991261,0.723631501198,0.420265763998,0.025565722957,-0.239493146539,-0.440126299858,-0.611349761486,-0.635851264000,-0.604138731956,-0.436823815107,-0.306287080050,-0.176232263446,0.132577598095,0.256417781115,0.302725464106,0.336423218250,0.332821100950,0.574450790882,0.645802795887,0.517739236355,0.614748775959,0.598833560944,0.309546560049,0.066495038569,-0.144626498222,-0.372037112713,-0.399773061275,-0.460224837065,-0.588626384735,-0.495916962624,-0.501464009285,-0.514865338802,-0.426582515240,-0.521947085857,-0.533151268959,-0.390396863222,-0.169438555837,0.069472156465,0.243724286556,0.431316703558,0.365995883942,0.225185588002,0.221918061376,0.153261408210,0.126223266125,0.035900250077,0.016527742147,0.034571621567,-0.172409251332,-0.151533350348,-0.177961930633,-0.520181894302,-0.635668992996,-0.620710849762,-0.557614564896,-0.351283669472,-0.164042741060,-0.043382436037,0.040145184845,0.167876169086,0.286428749561,0.394137293100,0.502262949944,0.633155643940,0.900230705738,1.004118323326,0.893808126450,0.746403336525,0.425629168749,0.104451112449,-0.053075306118,-0.130661770701,-0.126604571939,-0.035746313632,0.005796201527,-0.104344114661,-0.168793290854,-0.167143419385,-0.237655088305,-0.373270303011,-0.453286767006,-0.311746388674,-0.140172749758,0.030179591849,0.251287579536,0.350203365088,0.515614986420,0.553459823132,0.355391353369,0.337179750204,0.306780397892,0.210357442498,0.152298346162,0.019526669756,-0.114923305809,-0.333083182573,-0.502986192703,-0.621950209141,-0.814088284969,-0.781967222691,-0.633832812309,-0.484975218773,-0.235014736652,-0.077636457980,0.032400272787,0.158808112144,0.210213378072,0.307715058327,0.406499922276,0.422860503197,0.536320269108,0.605512082577,0.447317868471,0.265500575304,0.069066643715,-0.234783515334,-0.544329345226,-0.691380858421,-0.667368531227,-0.554927110672,-0.377880632877,-0.372713059187,-0.502173006535,-0.521365940571,-0.479836434126,-0.357980430126,-0.189715832472,0.004197843373,0.268284767866,0.506303131580,0.630045533180,0.679448127747,0.750419974327,0.694378852844,0.508914470673,0.399878352880,0.346581101418,0.250165373087,0.021798171103,-0.111267708242,-0.140942975879,-0.495874732733,-0.777446091175,-0.661464154720,-0.687627732754,-0.561079621315,-0.046089038253,0.071742706001,0.115503482521,0.490384608507,0.487973868847,0.400413125753,0.713630974293,0.817485094070,0.594618797302,0.676236689091,0.795535683632,0.501186192036,0.460033595562,0.419862598181,-0.089367352426,-0.266899764538,-0.349149137735,-0.637500405312,-0.607651770115,-0.545538187027,-0.575420022011,-0.458770543337,-0.379624962807,-0.495693296194,-0.614990174770,-0.513155639172,-0.353239476681,-0.130595892668,0.138527810574,0.194701820612,0.278195083141,0.330176502466,0.235139623284,0.292943269014,0.257555812597,0.224984213710,0.272708803415,0.058543469757,-0.124752879143,-0.259486109018,-0.497541069984,-0.685155093670,-0.739817678928,-0.811542987823,-0.892625033855,-0.581847012043,-0.316916674376,-0.161120474339,0.199223682284,0.305438876152,0.485984206200,0.681044816971,0.651658236980,0.842157542706,0.997778058052,1.105704545975,1.167897820473,0.989324748516,0.658914029598,0.250520765781,0.033792369068,-0.161585390568,-0.334425628185,-0.351361513138,-0.422287434340,-0.365284025669,-0.307043462992,-0.325445145369,-0.308128327131,-0.362139523029,-0.360958456993,-0.266110390425,-0.010370668955,0.263280868530,0.455890983343,0.653189778328,0.611121058464,0.510860323906,0.455137342215,0.374165594578,0.328999966383,0.060209393501,-0.140116631985,-0.124527484179,-0.296995878220,-0.498772144318,-0.680853545666,-0.959707319736,-1.049080133438,-0.925318241119,-0.733292579651,-0.462126106024,-0.311355024576,-0.124104119837,0.143461972475,0.119771324098,0.287864267826,0.557916760445,0.537720084190,0.817386567593,1.006249547005,0.805579245090,0.721713721752,0.524199664593,0.242617711425,0.107294537127,-0.076935075223,-0.254332870245,-0.405168265104,-0.506838977337,-0.437359631062,-0.426288396120,-0.487875968218,-0.398069709539,-0.305646628141,-0.326141208410,-0.211206316948,-0.083364441991,0.017110796645,0.437596678734,0.607254683971,0.591757297516,0.815286338329,0.664152622223,0.626782476902,0.723414540291,0.443091362715,0.448393881321,0.479462355375,0.272738546133,0.088955312967,-0.228078767657,-0.477379143238,-0.623573482037,-0.824604213238,-0.861427485943,-0.661823689938,-0.477072000504,-0.207315027714,0.055138573050,0.096531867981,0.237397387624,0.198639839888,0.203852057457,0.634185075760,0.758233726025,0.835764825344,0.975015461445,0.692163169384,0.453407466412,0.235153570771,-0.098366253078,-0.193006649613,-0.266027271748,-0.417841464281,-0.440109401941,-0.504797697067,-0.544796109200,-0.484122991562,-0.564387857914,-0.570343315601,-0.506780445576,-0.505984902382,-0.251652568579,0.033472642303,0.156664565206,0.335133105516,0.374315202236,0.347527682781,0.502919495106,0.517284631729,0.394649535418,0.331274956465,0.154382541776,0.046344570816,-0.030033709481,-0.308247566223,-0.513458430767,-0.687848806381,-0.853704512119,-0.795308768749,-0.649213790894,-0.536004900932,-0.419149070978,-0.178536668420,0.091878265142,0.244132101536,0.361758321524,0.390252858400,0.401742756367,0.607548773289,0.918244540691,1.039319396019,0.973192870617,0.830641388893,0.513783752918,0.346323788166,0.274212032557,-0.052702773362,-0.167580559850,-0.149224653840,-0.222711488605,-0.184733599424,-0.243519172072,-0.337909400463,-0.476357519627,-0.576597869396,-0.477358520031,-0.368864595890,-0.002855350729,0.377618193626,0.383877545595,0.453651517630,0.600138425827,0.480891704559,0.435837984085,0.547212958336,0.377946496010,0.393421709538,0.612950861454,0.434787750244,0.173679009080,-0.125772505999,-0.550775170326,-0.813246965408,-0.869797885418,-0.861022293568,-0.866591691971,-0.745076656342,-0.584870874882,-0.450998365879,-0.291758656502,-0.196705624461,-0.104876406491,0.042307045311,0.294925242662,0.408262312412,0.452097088099,0.746495962143,0.766344010830,0.547595679760,0.406324952841,0.066643156111,-0.183589950204,-0.193386688828,-0.181238740683,-0.200999587774,-0.303462922573,-0.314990431070,-0.340956002474,-0.564097583294,-0.619813561440,-0.531381130219,-0.547261536121,-0.330846399069,0.075124435127,0.270183831453,0.472796559334,0.745167076588,0.812114238739,0.888518095016,0.991245508194,0.926824152470,0.888517737389,0.813687324524,0.676460623741,0.512949466705,0.169520005584,-0.132064536214,-0.417274862528,-0.716392338276,-0.818482160568,-0.834566652775,-0.632366776466,-0.413806796074,-0.372918725014,-0.130729034543,0.075848668814,0.173640832305,0.420006722212,0.535209715366,0.465129196644,0.657945454121,0.996132671833,0.901382982731,0.797274649143,0.691725075245,0.105743885040,-0.179744377732,-0.253397613764,-0.518264472485,-0.513823509216,-0.582698523998,-0.624358296394,-0.389240950346,-0.529409348965,-0.812877714634,-0.744907140732,-0.748428821564,-0.712140500546,-0.273511588573,-0.053378488868,0.077243916690,0.452596992254,0.388505578041,0.348989665508,0.585997343063,0.418916940689,0.281648486853,0.405669003725,0.422295063734,0.312117695808,0.136040568352,-0.116933844984,-0.351837813854,-0.503866493702,-0.700183153152,-0.723651051521,-0.570969581604,-0.465312749147,-0.294162869453,-0.185297429562,-0.091163180768,0.023304656148,0.120529256761,0.426093488932,0.605264723301,0.585307776928,0.768469393253,0.941895902157,0.923101305962,0.883617818356,0.719070494175,0.408390283585,0.216652348638,0.043350607157,-0.033519282937,0.063521735370,-0.066915005445,-0.188842937350,-0.226372897625,-0.360102027655,-0.354211360216,-0.448657721281,-0.500473022461,-0.327263087034,-0.229721620679,0.130223363638,0.569517195225,0.588458180428,0.573735415936,0.607744514942,0.490169644356,0.385225951672,0.358076959848,0.352122277021,0.308559179306,0.152481913567,-0.127391427755,-0.368676513433,-0.589329898357,-0.869423866272,-0.901230275631,-0.797981798649,-0.700784981251,-0.474172025919,-0.283745259047,-0.057121444494,0.109956264496,0.212383404374,0.344583004713,0.299347072840,0.450392633677,0.760328948498,0.743631362915,0.617956638336,0.600305676460,0.372667014599,-0.034575145692,-0.108101285994,-0.245790272951,-0.575438857079,-0.521503031254,-0.480299711227,-0.505644321442,-0.346465498209,-0.411131262779,-0.529661476612,-0.513818860054,-0.561914503574,-0.391301691532,-0.033750168979,0.178070172668,0.363392800093,0.576616883278,0.683533251286,0.574354887009,0.511942625046,0.630042672157,0.512716114521,0.353510051966,0.306605577469,0.127745255828,-0.043182469904,-0.264709800482,-0.422938197851,-0.509588122368,-0.695759177208,-0.651022195816,-0.517750263214,-0.364118546247,-0.038810238242,0.141300216317,0.199326828122,0.228769406676,0.295697778463,0.496906399727,0.619007110596,0.664057433605,0.760107100010,0.808980703354,0.695017755032,0.505880832672,0.317243337631,0.084696702659,-0.102015279233,-0.274206399918,-0.459133684635,-0.475836694241,-0.434548556805,-0.423945069313,-0.324436813593,-0.359974890947,-0.528721690178,-0.572369277477,-0.606237053871,-0.455806195736,-0.008617095649,0.222000643611,0.232755169272,0.390837639570,0.387325435877,0.183519467711,0.234759032726,0.173152342439,-0.065635725856,-0.036350712180,-0.029374135658,-0.102045878768,-0.245108470321,-0.437021583319,-0.528488516808,-0.729476332664,-0.743581771851,-0.625733196735,-0.613768100739,-0.405872613192,-0.199149474502,0.034883245826,0.360541135073,0.512496888638,0.577255845070,0.721086680889,0.953195095062,0.977514386177,0.978731572628,1.120100617409,0.931983768940,0.643890857697,0.391521573067,-0.057115361094,-0.397117376328,-0.496410220861,-0.498001664877,-0.487792700529,-0.459829330444,-0.406905829906,-0.404122591019,-0.353442728519,-0.196270212531,-0.149835258722,-0.136517241597,0.075786985457,0.278952181339,0.495092302561,0.681320786476,0.546026647091,0.443770825863,0.408659249544,0.260482907295,0.246531382203,0.247310459614,0.132847294211,-0.070624791086,-0.238270476460,-0.385117024183,-0.627794265747,-0.702040851116,-0.780639171600,-0.841387212276,-0.620788335800,-0.448972254992,-0.251870155334,-0.024879567325,0.068145483732,0.172025516629,0.229811444879,0.304065346718,0.396912664175,0.456807672977,0.538631379604,0.600053668022,0.686293482780,0.589020550251,0.294116675854,0.114774867892,-0.056440610439,-0.179167240858,-0.176021963358,-0.254004985094,-0.331089377403,-0.326403021812,-0.326446682215,-0.338130235672,-0.363443106413,-0.432203054428,-0.387426882982,-0.173789083958,-0.044594205916,0.110475033522,0.323297798634,0.433670848608,0.538206517696,0.464859247208,0.395607560873,0.481131941080,0.399746060371,0.372375458479,0.301069825888,0.102442406118,0.021933123469,-0.264194637537,-0.531584501266,-0.533671855927,-0.597429752350,-0.624350667000,-0.514945864677,-0.355633288622,-0.141879737377,0.055164802819,0.117167964578,0.226497337222,0.484437614679,0.719475746155,0.929285407066,0.946425020695,0.883422732353,0.854747056961,0.611885011196,0.436056375504,0.265031367540,-0.044128879905,-0.195963531733,-0.314025819302,-0.379740834236,-0.363000512123,-0.373948246241,-0.365109771490,-0.360397070646,-0.413271635771,-0.554870903492,-0.562751233578,-0.466017812490,-0.358719587326,-0.039903767407,0.255245804787,0.408066570759,0.458848863840,0.372373491526,0.364521533251,0.342620760202,0.332766205072,0.382669270039,0.208972036839,0.071282878518,-0.046593490988,-0.360897630453,-0.589347183704,-0.824251592159,-0.989190459251,-0.898173093796,-0.756651520729,-0.648541390896,-0.506779849529,-0.237073943019,-0.065423242748,0.004775772337,0.155634805560,0.281895041466,0.496790021658,0.682373225689,0.735697865486,0.831266403198,0.892359197140,0.811150312424,0.507796883583,0.218220189214,0.119367845356,-0.044953111559,-0.179261714220,-0.171021506190,-0.197341412306,-0.255685001612,-0.359154045582,-0.507493138313,-0.521203339100,-0.411075651646,-0.379987537861,-0.332368075848,-0.173259675503,-0.026985613629,0.273264914751,0.516670584679,0.416706055403,0.422406733036,0.469168186188,0.467231661081,0.598818302155,0.564797878265,0.506574213505,0.348120242357,-0.007124083117,-0.142244786024,-0.360483437777,-0.659796535969,-0.788281857967,-0.932241618633,-0.850001037121,-0.623625516891,-0.504387140274,-0.334497183561,-0.199448615313,-0.112957507372,0.035359911621,0.178042486310,0.323356777430,0.495572268963,0.712174952030,0.950107216835,0.902520239353,0.549129664898,0.314240366220,0.133966147900,-0.076760411263,-0.174614652991,-0.390914052725,-0.497818231583,-0.340249478817,-0.275661915541,-0.243862390518,-0.398620337248,-0.611087679863,-0.486833155155,-0.342406928539,-0.107432015240,0.252733111382,0.397217363119,0.533374965191,0.709839761257,0.718656659126,0.665026009083,0.721800506115,0.721695184708,0.568656563759,0.461134821177,0.320534110069,0.178359374404,0.029865469784,-0.244561478496,-0.468472719193,-0.686445713043,-0.790363907814,-0.703333675861,-0.677177250385,-0.650507390499,-0.519858300686,-0.339822411537,-0.172905892134,0.013498269022,0.125649124384,0.165712893009,0.341549485922,0.468315094709,0.526926517487,0.679007053375,0.708051085472,0.442569851875,0.111221857369,-0.051262550056,-0.130822941661,-0.164142936468,-0.258287459612,-0.355867743492,-0.341654777527,-0.346555322409,-0.312524706125,-0.443305939436,-0.562294006348,-0.518000364304,-0.667608618736,-0.511625766754,-0.149855673313,-0.003655637847,0.219813838601,0.309497267008,0.317851871252,0.364822447300,0.403671711683,0.538159966469,0.565193057060,0.569100320339,0.504420340061,0.348908632994,0.304586142302,0.062876567245,-0.239237651229,-0.394521981478,-0.604043364525,-0.658804059029,-0.615297198296,-0.551064252853,-0.368020057678,-0.278753876686,-0.158728927374,-0.015256889164,0.042853180319,0.211148276925,0.420987248421,0.620792269707,0.762931585312,0.860243439674,0.905088663101,0.751811921597,0.532314956188,0.245701327920,0.063304178417,0.107941485941,-0.037623740733,-0.244024440646,-0.249006658792,-0.295336931944,-0.434049367905,-0.581747889519,-0.684891939163,-0.692871212959,-0.641721546650,-0.443974226713,-0.120872989297,0.140413835645,0.319421529770,0.373537778854,0.418694585562,0.512713611126,0.521994233131,0.546609401703,0.465237975121,0.377586960793,0.370427280664,0.133089438081,-0.079241402447,-0.342441916466,-0.711330652237,-0.850341260433,-0.914361476898,-0.778742492199,-0.702525198460,-0.710490822792,-0.402526408434,-0.220664277673,-0.052817996591,0.082944922149,0.165543690324,0.499684244394,0.638293087482,0.887056112289,1.067261338234,0.779434800148,0.659543812275,0.480028927326,0.203564718366,-0.030017415062,-0.310300886631,-0.383313804865,-0.399527758360,-0.290205031633,-0.202266365290,-0.266975104809,-0.336495339870,-0.567530691624,-0.582588136196,-0.471406757832,-0.358646303415,-0.029935130849,0.076049923897,0.256019771099,0.504802703857,0.400128126144,0.475733280182,0.646025419235,0.612411260605,0.600704193115,0.592138230801,0.506474792957,0.421570628881,0.298217773438,-0.045202933252,-0.411639750004,-0.677740991116,-0.870370388031,-0.887046575546,-0.843938231468,-0.602247714996,-0.208657950163,0.014042413794,0.126151844859,0.174173772335,0.216817423701,0.310049355030,0.400348663330,0.466335237026,0.626853346825,0.763621091843,0.642017245293,0.551506280899,0.412908315659,0.112316839397,-0.191355109215,-0.497590661049,-0.491296172142,-0.417008221149,-0.474315077066,-0.522868216038,-0.648981571198,-0.575481355190,-0.557968020439,-0.588544249535,-0.407833248377,-0.405399471521,-0.244726702571,0.183053627610,0.519793152809,0.670064687729,0.557075977325,0.485544949770,0.424091637135,0.392582416534,0.483205646276,0.334167271852,0.081466384232,-0.084118485451,-0.192108005285,-0.344490379095,-0.578670144081,-0.748638927937,-0.888404428959,-0.737730741501,-0.360242247581,-0.090465530753,0.210240229964,0.392393946648,0.475582510233,0.642000973225,0.736521542072,0.811893880367,0.870020270348,0.908995926380,1.036330461502,1.018074154854,0.742589235306,0.422788560390,0.022270094603,-0.357608228922,-0.456909805536,-0.461950421333,-0.428482443094,-0.385003715754,-0.452214539051,-0.398406744003,-0.338742226362,-0.461509644985,-0.539878070354,-0.499693900347,-0.373912721872,-0.145714223385,0.120225772262,0.307543069124,0.352406769991,0.276446819305,0.279637396336,0.363775223494,0.284225523472,0.212273731828,0.153343066573,-0.020766248927,-0.106055736542,-0.250572592020,-0.449448674917,-0.606161653996,-0.816330790520,-0.818796157837,-0.679745972157,-0.601596057415,-0.477945566177,-0.319960683584,-0.219335898757,-0.120170310140,0.052970521152,0.081213742495,0.106496565044,0.320616841316,0.509515643120,0.703565478325,0.794755697250,0.724660217762,0.594950497150,0.407292783260,0.234415456653,0.050998549908,-0.047499723732,-0.072517186403,-0.172417536378,-0.283220052719,-0.244563773274,-0.127887934446,-0.194772720337,-0.275490820408,-0.317386388779,-0.337210237980,-0.117509059608,0.138170838356,0.379144221544,0.582557618618,0.654163479805,0.676462590694,0.605796635151,0.598949432373,0.573528707027,0.509614408016,0.434632658958,0.185434937477,0.090222559869,-0.098683707416,-0.553290843964,-0.693906605244,-0.747872292995,-0.954683780670,-0.804569959641,-0.468954443932,-0.487746238708,-0.341943979263,0.084761306643,0.195640727878,0.366073846817,0.613575339317,0.579034030437,0.726994156837,0.947938561440,0.991373836994,1.034409046173,0.826445937157,0.507282733917,0.283010512590,-0.098087124527,-0.441498011351,-0.552736461163,-0.582003057003,-0.601523280144,-0.646412014961,-0.624776124954,-0.622353315353,-0.712741971016,-0.575933873653,-0.457835823298,-0.398992478848,-0.033567916602,0.206218346953,0.437329977751,0.669406831264,0.540849328041,0.602101683617,0.578512907028,0.361884385347,0.473194479942,0.439786970615,0.279768466949,0.145475089550,-0.153987869620,-0.403542131186,-0.634443759918,-0.806871712208,-0.775670766830,-0.686308860779,-0.683419346809,-0.534870684147,-0.215024888515,-0.050482515246,0.194703847170,0.322710931301,0.251380383968,0.527438879013,0.712683916092,0.747798860073,0.895263731480,0.863152921200,0.835329890251,0.683605611324,0.400321155787,0.235148191452,-0.072540208697,-0.296053826809,-0.354028642178,-0.413649201393,-0.360971838236,-0.354380428791,-0.347287088633,-0.366282165051,-0.394287616014,-0.256192922592,-0.191641211510,-0.079128064215,0.199950695038,0.406971395016,0.539340138435,0.670572698116,0.659690558910,0.470039039850,0.519720435143,0.505757808685,0.179752066731,0.207755312324,0.181975051761,-0.221889331937,-0.461215168238,-0.607998549938,-0.788147270679,-1.006880164146,-1.076702952385,-0.984923422337,-0.952856063843,-0.682207226753,-0.253480821848,0.090808950365,0.244229450822,0.316833853722,0.508725464344,0.435901939869,0.557242274284,0.886699438095,0.785123765469,0.748881459236,0.580633044243,0.292601317167,0.139676734805,-0.203845456243,-0.398606747389,-0.591767311096,-0.598093688488,-0.445535868406,-0.557539522648,-0.315014332533,-0.237295880914,-0.291135162115,0.015459032729,-0.040514897555,0.124446764588,0.535543441772,0.634333491325,0.936484694481,1.104971885681,0.970935583115,0.955784320831,0.771042764187,0.429334312677,0.364284336567,0.336428254843,0.228763699532,0.200249895453,-0.046466976404,-0.322840064764,-0.467073559761,-0.641326308250,-0.613468348980,-0.616835415363,-0.676759779453,-0.380372196436,-0.159119963646,-0.185848921537,0.012270349078,0.083472266793,-0.001446961774,0.255525738001,0.332028359175,0.318017750978,0.512533009052,0.523341536522,0.564914941788,0.417733103037,0.180619239807,0.093114316463,-0.348191410303,-0.529140114784,-0.354225784540,-0.359629362822,-0.279929578304,-0.305933505297,-0.405607223511,-0.368079483509,-0.350347846746,-0.393298536539,-0.486722409725,-0.469921052456,-0.385698646307,-0.172669336200,0.114664845169,0.195614352822,0.325455069542,0.409609913826,0.322614163160,0.378536134958,0.451979607344,0.446991622448,0.410846978426,0.339609563351,0.236168339849,-0.092982217669,-0.424813300371,-0.555752635002,-0.798726797104,-0.826327323914,-0.545340418816,-0.475404947996,-0.300596117973,-0.071191035211,0.001781500061,0.241354748607,0.228009194136,0.178689017892,0.556699931622,0.777987480164,0.860892951488,1.063555717468,1.006917595863,0.681527256966,0.582013607025,0.421330124140,-0.007839486003,-0.153895288706,-0.251240134239,-0.337942421436,-0.316775918007,-0.422786742449,-0.414231449366,-0.435917705297,-0.465561926365,-0.521936476231,-0.569418311119,-0.208950400352,0.063613310456,0.282381922007,0.581844806671,0.592827618122,0.656399488449,0.614730715752,0.448059260845,0.495243847370,0.411387801170,0.286019176245,0.316527068615,0.232870653272,-0.068061299622,-0.389761149883,-0.525976359844,-0.637101769447,-0.778674542904,-0.799465596676,-0.650074124336,-0.420235246420,-0.329024016857,-0.176630660892,-0.049471653998,-0.116883315146,0.030829340219,0.161477595568,0.306845963001,0.624410688877,0.752640902996,0.946515440941,0.880225598812,0.428015977144,0.271795511246,0.164498031139,-0.013882515952,-0.082080662251,-0.168329149485,-0.219833627343,-0.238951802254,-0.305412530899,-0.355077534914,-0.271445691586,-0.334652721882,-0.488309711218,-0.308869332075,-0.045045271516,0.216332480311,0.374379217625,0.346978217363,0.436210274696,0.430125743151,0.400122970343,0.492979973555,0.451454520226,0.438868373632,0.537003040314,0.534363150597,0.359542906284,0.090738415718,-0.128754392266,-0.308900594711,-0.675660073757,-0.808635950089,-0.437829673290,-0.359922617674,-0.335311442614,-0.066488705575,-0.174605414271,-0.148336321115,0.174397394061,0.207494854927,0.224942639470,0.346844047308,0.456884473562,0.662420868874,0.684584856033,0.502782464027,0.477592527866,0.227474123240,-0.279398381710,-0.353256136179,-0.392709732056,-0.589918732643,-0.402684509754,-0.316313773394,-0.579844653606,-0.724824368954,-0.767534971237,-0.871232151985,-0.842867553234,-0.505277156830,-0.247790589929,-0.112851008773,0.290413290262,0.611405730247,0.638460814953,0.607725143433,0.522759258747,0.446541935205,0.364960223436,0.359336733818,0.402854830027,0.228141173720,0.024684825912,-0.198276668787,-0.420299261808,-0.495580345392,-0.611693322659,-0.479217857122,-0.287863522768,-0.255311667919,0.089760832489,0.300317704678,0.375102669001,0.593349158764,0.627975881100,0.770472884178,0.937913000584,1.032359600067,1.146229982376,1.102899193764,0.947330892086,0.606784403324,0.407151192427,0.078002467752,-0.508457243443,-0.530389726162,-0.462157040834,-0.428508490324,-0.156179323792,-0.151092946529,-0.265331268311,-0.352189242840,-0.415999501944,-0.509924471378,-0.514903008938,-0.334507822990,-0.274744153023,-0.023183217272,0.147822961211,0.049964971840,0.180965408683,0.121001638472,-0.023516649380,-0.025842683390,-0.096587948501,0.035175651312,0.154816791415,0.059096217155,-0.171429127455,-0.500993907452,-0.781543493271,-0.916854500771,-0.781532585621,-0.658766090870,-0.575850605965,-0.358291149139,-0.208390429616,-0.024748519063,0.085573248565,0.082764022052,0.096235752106,0.096697211266,0.277947485447,0.551075160503,0.766148865223,0.705373644829,0.461599618196,0.411753267050,0.198354318738,-0.073307283223,-0.142072722316,-0.229051142931,-0.177017912269,-0.121155120432,-0.134779199958,-0.111179672182,-0.222932696342,-0.313434898853,-0.332971096039,-0.299958795309,-0.127180829644,0.104033067822,0.422017425299,0.637993216515,0.627975344658,0.615094006062,0.631493270397,0.631347954273,0.610375285149,0.577035069466,0.546607971191,0.455778509378,0.282971292734,0.093700893223,-0.136069223285,-0.428818225861,-0.646168351173,-0.798534810543,-0.803157150745,-0.571579694748,-0.372643411160,-0.204664036632,-0.085809521377,-0.040571518242,0.112946458161,0.225281596184,0.317639112473,0.450590163469,0.544941306114,0.635233879089,0.756789624691,0.782871067524,0.471116274595,0.203490853310,0.000928664056,-0.388311654329,-0.541844725609,-0.570583462715,-0.534237802029,-0.435550183058,-0.504979252815,-0.459254652262,-0.431287258863,-0.567846417427,-0.597512185574,-0.496042162180,-0.349572658539,-0.123442880809,0.213004574180,0.411671459675,0.417671442032,0.367023199797,0.321528673172,0.328513741493,0.262129157782,0.156200647354,0.143728017807,0.162975952029,-0.003366923658,-0.248607814312,-0.359790831804,-0.583127737045,-0.730039358139,-0.669245183468,-0.658004045486,-0.483138740063,-0.169837996364,0.069388307631,0.209381267428,0.321483492851,0.415224194527,0.369450509548,0.448424160480,0.631869554520,0.707415819168,0.713624894619,0.570481538773,0.467822760344,0.396415591240,0.194838613272,0.011967593804,-0.120379962027,-0.220656350255,-0.272441536188,-0.211847960949,-0.138151764870,-0.180623084307,-0.287047892809,-0.383943110704,-0.466470181942,-0.590767323971,-0.415124684572,-0.045915123075,0.113700374961,0.305627852678,0.425297647715,0.505170345306,0.610078334808,0.543944597244,0.545653462410,0.454809933901,0.377943128347,0.381169438362,0.134718954563,0.024394435808,-0.192083388567,-0.678876996040,-0.938710570335,-1.020873665810,-0.943970680237,-0.864803135395,-0.679681718349,-0.363945215940,-0.205762669444,0.067817546427,0.247483372688,0.241537943482,0.272597849369,0.352662652731,0.597816050053,0.733881056309,0.809209823608,0.760975897312,0.544944405556,0.378634244204,-0.009834663011,-0.251156032085,-0.425684660673,-0.670423507690,-0.554304063320,-0.556576669216,-0.431665837765,-0.266526430845,-0.468180418015,-0.381915479898,-0.395821571350,-0.377567499876,0.020340386778,0.211343124509,0.505263924599,0.752546489239,0.771708130836,0.827768266201,0.722718060017,0.589449107647,0.448610633612,0.396705985069,0.437018066645,0.401831448078,0.270480364561,-0.122116006911,-0.347945928574,-0.459119856358,-0.695033907890,-0.690516829491,-0.685379683971,-0.570899069309,-0.291343241930,-0.263793498278,-0.225559666753,-0.092394784093,-0.065375357866,0.012063922361,0.149479106069,0.216020226479,0.395120501518,0.601351559162,0.624703884125,0.586778521538,0.413668513298,0.133223131299,-0.224902942777,-0.455639332533,-0.362842768431,-0.407049238682,-0.424197047949,-0.296410053968,-0.423388689756,-0.518406748772,-0.539445102215,-0.676483392715,-0.723665833473,-0.574937880039,-0.381468683481,-0.193000569940,0.068482697010,0.170159906149,0.214598342776,0.249122962356,0.127967968583,0.267621934414,0.365997284651,0.309494853020,0.493904829025,0.435556083918,0.164888054132,-0.133228391409,-0.445484817028,-0.532620787621,-0.732656300068,-0.833059489727,-0.645385265350,-0.593685746193,-0.435266464949,-0.170540094376,-0.068900100887,0.042167365551,0.228194728494,0.378328084946,0.508971571922,0.728705108166,0.895973145962,1.041010499001,1.066597819328,0.732545971870,0.544125318527,0.404322594404,-0.018003961071,-0.178941741586,-0.118151471019,-0.079559810460,-0.070015169680,-0.197735488415,-0.320850431919,-0.475608915091,-0.573596119881,-0.551680982113,-0.547458410263,-0.325217694044,-0.028224635869,0.160992115736,0.326351076365,0.344224393368,0.416188687086,0.508038640022,0.412426829338,0.347857654095,0.365138024092,0.448601037264,0.429696291685,0.192492350936,0.027170203626,-0.142547756433,-0.438623756170,-0.683082222939,-0.774098396301,-0.682603716850,-0.544796466827,-0.404130071402,-0.354350417852,-0.340040355921,-0.130645126104,-0.046198304743,-0.058252464980,0.028691977262,0.081913188100,0.316345661879,0.532223403454,0.557543337345,0.547458708286,0.383742362261,0.209070265293,-0.004707614891,-0.200009047985,-0.254516869783,-0.425808519125,-0.431431889534,-0.266210228205,-0.273061037064,-0.295438230038,-0.382881611586,-0.509860515594,-0.486441820860,-0.375688970089,-0.227753683925,-0.087996467948,0.096299216151,0.299064606428,0.366544306278,0.388133853674,0.354374259710,0.301269888878,0.347821891308,0.423940539360,0.596432149410,0.624063611031,0.416967868805,0.151302769780,-0.172718927264,-0.244077757001,-0.360590666533,-0.546670019627,-0.407158464193,-0.378624200821,-0.248075783253,-0.063263677061,-0.152991712093,-0.019339555874,0.168482691050,0.274739354849,0.396185159683,0.460918277502,0.644416153431,0.751895129681,0.714911699295,0.588911771774,0.400609016418,0.295743912458,0.093636408448,-0.113637559116,-0.207222074270,-0.265982717276,-0.193354815245,-0.178532928228,-0.355784505606,-0.528814315796,-0.598213672638,-0.672981083393,-0.740170061588,-0.654415667057,-0.535130977631,-0.411263406277,-0.117674343288,0.155180796981,0.247976124287,0.356226116419,0.362049490213,0.284180402756,0.363355338573,0.432594597340,0.488948702812,0.382941037416,0.136350363493,-0.069951802492,-0.423260420561,-0.488885015249,-0.428772956133,-0.513602018356,-0.261181443930,-0.098343215883,-0.032111249864,0.163266062737,0.173692330718,0.158534377813,0.159982755780,0.303476572037,0.504095733166,0.555225014687,0.642002582550,0.652184367180,0.643722951412,0.562312781811,0.338089674711,0.173220962286,-0.059639487416,-0.170588672161,-0.147997707129,-0.170412689447,-0.112520568073,-0.154323831201,-0.171371161938,-0.150216951966,-0.294725954533,-0.355245262384,-0.391205549240,-0.359045684338,-0.233714848757,-0.234100908041,-0.113230779767,-0.034286450595,-0.104978658259,-0.058990623802,-0.090972840786,-0.071541205049,-0.018535096198,-0.032306332141,0.177857875824,0.215430259705,0.020644793287,-0.041211493313,-0.186933204532,-0.376691937447,-0.440052181482,-0.503364682198,-0.509081542492,-0.304127991199,-0.243666097522,-0.359275043011,-0.205431029201,-0.106175959110,-0.143199235201,-0.033514089882,0.135872095823,0.385755836964,0.621836960316,0.820574581623,0.815445244312,0.645811259747,0.580883383751,0.342667460442,0.160361081362,0.090313300490,-0.103457570076,-0.107189863920,-0.095961123705,-0.144742593169,-0.155132502317,-0.242043137550,-0.396349847317,-0.606695234776,-0.598526060581,-0.368466049433,-0.108757242560,0.128267511725,0.282363027334,0.406343728304,0.446331501007,0.506538152695,0.542150497437,0.496663391590,0.536934673786,0.456747829914,0.318162500858,0.182643204927,-0.030022120103,-0.157678455114,-0.356711745262,-0.555003106594,-0.654604434967,-0.669473469257,-0.538921475410,-0.535291671753,-0.398152500391,-0.150408655405,-0.078931234777,0.141750946641,0.194795638323,0.206275731325,0.425357371569,0.504399776459,0.733353376389,0.781492352486,0.550169765949,0.485209584236,0.282042980194,0.007108877879,-0.197829172015,-0.293901711702,-0.310294002295,-0.317639321089,-0.274175375700,-0.382700234652,-0.380589455366,-0.315672248602,-0.341368228197,-0.306007683277,-0.313878536224,-0.183098301291,-0.060364216566,0.130179837346,0.310568243265,0.276871055365,0.390072047710,0.233892828226,0.202069431543,0.421738952398,0.228638291359,0.194228217006,0.133531436324,-0.021319041029,-0.125888288021,-0.429385930300,-0.538195669651,-0.757731974125,-0.859561860561,-0.542774796486,-0.347781240940,-0.183177873492,-0.055579584092,0.077180773020,0.141022101045,0.116834588349,0.288475811481,0.426508694887,0.548582255840,0.661449253559,0.736238598824,0.707035541534,0.436859667301,0.298594295979,0.192004054785,0.065630473197,-0.035310294479,-0.222908034921,-0.211148306727,-0.294395774603,-0.436545610428,-0.400103420019,-0.447147458792,-0.339861661196,-0.273103207350,-0.409918367863,-0.357100427151,-0.140679255128,0.180640384555,0.426247715950,0.487832397223,0.556458532810,0.556461751461,0.532906830311,0.599619209766,0.553992807865,0.403499096632,0.319057971239,0.187321141362,-0.127735078335,-0.453633338213,-0.644452631474,-0.839055836201,-0.959895908833,-0.896793544292,-0.798112094402,-0.598325550556,-0.298069149256,-0.025858465582,0.171433761716,0.271732598543,0.400318115950,0.549282968044,0.729552030563,0.925231456757,0.987190306187,0.903579592705,0.638568043709,0.358440399170,0.103716798127,-0.123887017369,-0.148418739438,-0.243077501655,-0.403994947672,-0.363496869802,-0.202704355121,-0.105583034456,-0.179639950395,-0.183045253158,-0.083613015711,-0.065445467830,0.082165084779,0.354225695133,0.528995454311,0.723663866520,0.793489813805,0.638033449650,0.622319340706,0.497611761093,0.275704890490,0.317565143108,0.099558711052,-0.070549242198,0.121682256460,-0.160208448768,-0.507178843021,-0.524305164814,-0.743592858315,-0.783480226994,-0.525935292244,-0.431054115295,-0.359092116356,-0.227045342326,-0.146813794971,0.051301069558,0.249903947115,0.174935117364,0.152105480433,0.309348672628,0.418639689684,0.537575960159,0.554278373718,0.410530984402,0.237805828452,0.055133488029,-0.098068580031,-0.341066688299,-0.568228125572,-0.516915380955,-0.340589821339,-0.266254454851,-0.359929412603,-0.412571132183,-0.359671145678,-0.396228611469,-0.377654105425,-0.278815060854,-0.180898770690,0.047450490296,0.301759153605,0.460281491280,0.575685620308,0.572272777557,0.482533514500,0.494495779276,0.511308670044,0.518032252789,0.559087812901,0.417116343975,0.207965478301,-0.039722587913,-0.397197425365,-0.538664162159,-0.615726053715,-0.733500182629,-0.617345988750,-0.474589556456,-0.348855376244,-0.128774464130,0.082214705646,0.256740927696,0.329016000032,0.374810308218,0.464840322733,0.612240970135,0.802945017815,0.898821890354,0.912176787853,0.805532813072,0.560529232025,0.301406323910,0.121391110122,-0.061996676028,-0.290566653013,-0.315090626478,-0.309585541487,-0.379886269569,-0.361355662346,-0.473460733891,-0.521574556828,-0.426313698292,-0.418546944857,-0.240423619747,0.027989998460,0.115611545742,0.243842884898,0.491393357515,0.499635517597,0.352026164532,0.426107048988,0.386507093906,0.158760622144,0.136200770736,0.093400917947,-0.024195563048,-0.076874196529,-0.277760297060,-0.426748603582,-0.540600836277,-0.756467938423,-0.694766640663,-0.616757929325,-0.543637573719,-0.236640349030,-0.169992417097,-0.087277233601,0.125079676509,0.059744045138,0.107093967497,0.325242012739,0.430176258087,0.635913908482,0.851516187191,0.737303197384,0.548006117344,0.432238548994,0.157500311732,-0.081623144448,-0.171402186155,-0.247275903821,-0.265183120966,-0.279324263334,-0.331151574850,-0.363291025162,-0.414661556482,-0.440032184124,-0.403954833746,-0.340483546257,-0.241818577051,-0.134040817618,0.191205158830,0.551081299782,0.561334729195,0.564629614353,0.571378588676,0.471172630787,0.420265197754,0.398475110531,0.466711163521,0.444148808718,0.379778832197,0.260538458824,-0.067055709660,-0.331525474787,-0.562138974667,-0.662359476089,-0.718410849571,-0.780000090599,-0.505707979202,-0.260728240013,-0.052412107587,0.202701121569,0.248953446746,0.362662285566,0.522906839848,0.525383770466,0.572795569897,0.783982455730,0.787920594215,0.660037517548,0.609951138496,0.307689547539,0.065704710782,-0.155811816454,-0.380791306496,-0.252411365509,-0.303275495768,-0.274297624826,-0.133406713605,-0.398879081011,-0.453492909670,-0.399044603109,-0.522237241268,-0.507742822170,-0.432347923517,-0.164019197226,0.207696050406,0.345230370760,0.442759305239,0.550026059151,0.396845668554,0.321445673704,0.500043511391,0.376678019762,0.227437600493,0.279844343662,0.201118767262,0.164680182934,-0.069777555764,-0.322555363178,-0.268665701151,-0.413318037987,-0.404447734356,-0.027995677665,0.136787027121,0.176173642278,0.436825275421,0.485955148935,0.162544772029,0.229650959373,0.368035793304,0.371489346027,0.703116416931,0.764556527138,0.585270524025,0.467219859362,0.308931708336,0.242815896869,0.016886632890,-0.240167871118,-0.306972086430,-0.304758369923,-0.160291016102,-0.014082308859,-0.059030510485,-0.182146832347,-0.314516514540,-0.477488130331,-0.489872962236,-0.466262787580,-0.459961891174,-0.238471090794,-0.108604103327,-0.000782486226,0.225445210934,0.181143388152,0.075083911419,0.055985741317,0.046158101410,0.196741864085,0.287745594978,0.227154791355,0.147746458650,-0.069782182574,-0.326850056648,-0.467779546976,-0.626058697701,-0.730507671833,-0.606746912003,-0.412763893604,-0.307450115681,-0.254425704479,-0.162228345871,-0.007691335864,0.059546176344,0.101360037923,0.292590022087,0.486383855343,0.653396844864,0.839934527874,0.897595822811,0.825405836105,0.639548122883,0.359686315060,0.148435547948,0.029240529984,-0.070893004537,-0.076450198889,0.014309413731,-0.036808293313,-0.118257448077,-0.118846327066,-0.287982553244,-0.431881129742,-0.494097054005,-0.435302823782,-0.052096646279,0.181924477220,0.352334201336,0.653830766678,0.635764777660,0.550063788891,0.516168892384,0.321697384119,0.269865185022,0.361381232738,0.357162624598,0.279896944761,0.092645578086,-0.140608355403,-0.322845429182,-0.534979522228,-0.658212363720,-0.618288099766,-0.465964943171,-0.259617745876,-0.165375918150,-0.050855163485,0.077731736004,0.086132355034,0.209578275681,0.274209976196,0.222007989883,0.391732066870,0.508190095425,0.496407389641,0.550254344940,0.390542060137,0.107424519956,-0.071239076555,-0.345581948757,-0.509614229202,-0.440400004387,-0.423538357019,-0.304360628128,-0.236044883728,-0.245806321502,-0.109677784145,-0.308155894279,-0.560187280178,-0.540901660919,-0.495061904192,-0.195746049285,0.098150745034,0.208164185286,0.303264081478,0.333401948214,0.298048347235,0.169140473008,0.136892735958,0.131764218211,0.133640334010,0.213792055845,0.090515017509,0.018027087674,-0.026948692277,-0.282859295607,-0.465952962637,-0.620188057423,-0.665898978710,-0.475133299828,-0.247324407101,-0.022613383830,0.084201261401,0.070230528712,0.138686284423,0.228413999081,0.327638804913,0.513496935368,0.649582326412,0.762865126133,0.821878075600,0.725508689880,0.623616814613,0.417956352234,0.152580231428,0.011763834395,-0.120305389166,-0.189037710428,-0.220865279436,-0.293085247278,-0.343144416809,-0.377918064594,-0.446852475405,-0.562223315239,-0.518891215324,-0.396516501904,-0.222540095448,0.123488247395,0.317305713892,0.475706577301,0.612958490849,0.576769828796,0.616022467613,0.481232464314,0.326632648706,0.355255723000,0.218430936337,0.065192930400,-0.088158637285,-0.273281812668,-0.505978167057,-0.769950032234,-0.795165002346,-0.820762813091,-0.797306895256,-0.599694907665,-0.378636866808,-0.003712431528,0.247811838984,0.286779999733,0.299038976431,0.339968502522,0.463327974081,0.543443560600,0.709913074970,0.781539916992,0.622477948666,0.520368278027,0.287997156382,0.015009545721,-0.154178649187,-0.303603351116,-0.251851081848,-0.156237348914,-0.095443964005,0.010976281948,0.084976963699,0.085124768317,-0.023795953020,-0.020865997300,0.106875441968,0.233894437551,0.345876991749,0.371497839689,0.481755316257,0.504148483276,0.377138316631,0.398804366589,0.335900813341,0.236000895500,0.269879579544,0.177025362849,0.083858728409,0.059209998697,-0.204773649573,-0.478753328323,-0.557432413101,-0.752728998661,-0.811575949192,-0.693278849125,-0.697050929070,-0.496077835560,-0.320028126240,-0.269992291927,-0.097152441740,-0.023943744600,0.178861603141,0.342742413282,0.289739817381,0.391379535198,0.490077525377,0.495057493448,0.398398697376,0.170397266746,-0.046128015965,-0.183015599847,-0.341947019100,-0.505012392998,-0.426370352507,-0.360060214996,-0.345698267221,-0.258701413870,-0.345110744238,-0.422446966171,-0.560560524464,-0.667773842812,-0.385232418776,-0.182749211788,-0.024077827111,0.328275442123,0.421875417233,0.506591320038,0.749342858791,0.651303946972,0.548011660576,0.638310372829,0.532286763191,0.490900278091,0.475057780743,0.249259680510,0.058308437467,-0.201220586896,-0.520574450493,-0.649893879890,-0.640042841434,-0.584467232227,-0.443497329950,-0.277281403542,-0.139539688826,0.140588939190,0.327373921871,0.362107187510,0.497613936663,0.434462338686,0.459106862545,0.766380488873,0.806602358818,0.749415159225,0.598998248577,0.236652731895,0.003375720698,-0.228554785252,-0.375297307968,-0.333247125149,-0.367408663034,-0.386111646891,-0.376320272684,-0.377118140459,-0.358138799667,-0.387088894844,-0.436155080795,-0.469929486513,-0.366113781929,-0.129466101527,0.106637977064,0.313676297665,0.403828859329,0.307912886143,0.127135992050,0.088824033737,0.077348358929,0.021115120500,0.126443222165,0.098866164684,-0.062922112644,-0.176734656096,-0.440018326044,-0.608975768089,-0.678703725338,-0.818840026855,-0.800038218498,-0.677795767784,-0.527214884758,-0.275560259819,-0.076120778918,-0.032999772578,0.083240851760,0.231779918075,0.217661350965,0.315915346146,0.414515256882,0.493306249380,0.777887105942,0.746336042881,0.504365861416,0.284521132708,-0.064027786255,-0.127345710993,-0.166338413954,-0.271652400494,-0.156381338835,-0.156592518091,-0.163289606571,-0.110594175756,-0.179150432348,-0.332121461630,-0.397519856691,-0.324139177799,-0.230309084058,0.036789130419,0.220042794943,0.321535974741,0.517664849758,0.467207878828,0.459757775068,0.450295567513,0.356357306242,0.476889103651,0.468259304762,0.410623043776,0.321013092995,-0.045167002827,-0.408472329378,-0.577452003956,-0.645076572895,-0.769828975201,-0.739019632339,-0.528638899326,-0.352999180555,-0.180174201727,-0.130063891411,-0.085034050047,0.043798919767,0.145073741674,0.251030147076,0.419036805630,0.631788671017,0.668987989426,0.632059395313,0.527123212814,0.287600457668,0.099310941994,-0.160586580634,-0.276850700378,-0.297250092030,-0.379217594862,-0.294855982065,-0.381022304296,-0.508220076561,-0.541852593422,-0.588145315647,-0.512768387794,-0.603521525860,-0.452304661274,-0.074194110930,0.018286896870,0.297621279955,0.565567553043,0.568251550198,0.548904657364,0.441734045744,0.325507700443,0.246999904513,0.369077175856,0.503198862076,0.400489419699,0.262458145618,0.004299635068,-0.189861491323,-0.276630699635,-0.372832685709,-0.390969961882,-0.433367192745,-0.276800930500,-0.095892131329,0.040254376829,0.294140398502,0.310766607523,0.284112066031,0.283791959286,0.362621843815,0.652497708797,0.748571455479,0.720337867737,0.622177541256,0.410184532404,0.239720374346,0.059566795826,-0.188529312611,-0.438428312540,-0.435247957706,-0.307223200798,-0.262486219406,-0.242073267698,-0.346571236849,-0.493713825941,-0.605489909649,-0.710714578629,-0.717060506344,-0.547849535942,-0.322147190571,-0.087294451892,0.220337003469,0.332120299339,0.344536811113,0.387685686350,0.259206146002,0.233649179339,0.325609683990,0.328914135695,0.336366772652,0.247895210981,0.002546929289,-0.279275745153,-0.543119847775,-0.779623866081,-0.936732172966,-0.898518085480,-0.715582966805,-0.554429531097,-0.350149273872,-0.190631896257,-0.170858204365,-0.032643064857,0.068837359548,0.133655324578,0.403448790312,0.543032765388,0.713772058487,0.926689803600,0.754555940628,0.602083027363,0.461455941200,0.130825147033,-0.096407562494,-0.237650379539,-0.243925914168,-0.162085652351,-0.092380024493,-0.051449749619,-0.140320107341,-0.222030982375,-0.317314594984,-0.479869276285,-0.470181792974,-0.223365291953,0.087139889598,0.405548989773,0.546803236008,0.420905888081,0.395697265863,0.388348490000,0.298624455929,0.322538226843,0.342844963074,0.362382799387,0.287864983082,0.132060647011,0.012731003575,-0.252992004156,-0.541578948498,-0.681424736977,-0.680738925934,-0.554009854794,-0.354881525040,-0.188122659922,-0.044748444110,0.181490302086,0.224888816476,0.123600028455,0.132119938731,0.176499202847,0.268444150686,0.391855210066,0.563681900501,0.542072057724,0.291576921940,0.117228828371,-0.101935721934,-0.312700271606,-0.483332872391,-0.570028305054,-0.459162265062,-0.358361363411,-0.329906642437,-0.379980891943,-0.380203336477,-0.382934600115,-0.530890464783,-0.614205300808,-0.546908080578,-0.333557039499,-0.079536356032,0.131594240665,0.219797313213,0.209806054831,0.240232646465,0.176575854421,0.108481369913,0.099015265703,0.122613325715,0.250234812498,0.296092718840,0.183777168393,-0.062696583569,-0.304818272591,-0.452178537846,-0.571016728878,-0.586312413216,-0.460690706968,-0.194930508733,-0.012571361847,0.047555726022,0.178748682141,0.217188194394,0.249119549990,0.335320889950,0.368784904480,0.583818376064,0.822472572327,0.826614558697,0.762031316757,0.600279629230,0.368185967207,0.225145861506,0.050226658583,-0.119852915406,-0.184590026736,-0.174868941307,-0.051975835115,0.000037853344,-0.079076610506,-0.159969419241,-0.286362797022,-0.401270329952,-0.440980136395,-0.304950743914,0.004604775459,0.223289504647,0.358807444572,0.471154868603,0.465842574835,0.370467901230,0.264552086592,0.212200164795,0.116686806083,-0.016415324062,-0.054185990244,-0.131765723228,-0.278354287148,-0.476337641478,-0.743299126625,-0.909529328346,-0.966007351875,-0.836945891380,-0.487658381462,-0.152757138014,0.095651932061,0.233570024371,0.261711180210,0.261544615030,0.336374491453,0.397381097078,0.360011309385,0.457551598549,0.524226665497,0.449336588383,0.396262496710,0.258179724216,0.090869776905,-0.132221937180,-0.270310491323,-0.215232342482,-0.120005801320,0.116211883724,0.181382372975,0.124098666012,0.161366552114,0.051542218775,-0.050953730941,-0.209600329399,-0.220862746239,0.008537441492,0.231813669205,0.605795741081,0.687748014927,0.623178482056,0.703936994076,0.593405127525,0.552777588367,0.438332468271,0.270184278488,0.232718288898,0.114055804908,0.022068340331,-0.152440547943,-0.332155376673,-0.554880261421,-0.845658779144,-0.822356998920,-0.726442158222,-0.616035223007,-0.345722436905,-0.097299426794,-0.034351777285,-0.122526474297,-0.004944340792,0.039049789310,-0.036246661097,0.340644359589,0.646129369736,0.673267781734,0.853757321835,0.611641585827,0.029520206153,-0.082705892622,-0.196005582809,-0.542460560799,-0.468539297581,-0.366746604443,-0.549477875233,-0.427941679955,-0.353679031134,-0.583862900734,-0.552519500256,-0.465148985386,-0.518664062023,-0.325217783451,0.047944698483,0.224561721087,0.340612500906,0.553463339806,0.533278703690,0.463990598917,0.523539006710,0.421980649233,0.349305480719,0.377394169569,0.374735146761,0.315617859364,0.118264675140,-0.210326105356,-0.601684451103,-0.719899117947,-0.688879311085,-0.665730595589,-0.367891103029,-0.148120656610,0.023371044546,0.303172558546,0.452752083540,0.653498530388,0.636491477489,0.466197818518,0.623849630356,0.787208259106,0.805877089500,0.800102412701,0.637845635414,0.319515764713,0.119265757501,0.010350352153,-0.199106439948,-0.312600225210,-0.331055551767,-0.266891837120,-0.144466280937,-0.183474734426,-0.241368904710,-0.327573895454,-0.455201476812,-0.384169459343,-0.214525610209,-0.058125622571,0.185955971479,0.441581249237,0.519919216633,0.472225815058,0.422321766615,0.366314977407,0.306609511375,0.286404013634,0.260603070259,0.158718064427,0.060119166970,-0.066251628101,-0.234143078327,-0.402649253607,-0.663869738579,-0.828552961349,-0.817210733891,-0.761033117771,-0.530213534832,-0.240478634834,-0.124009542167,-0.126196682453,-0.121410980821,-0.040805201977,0.070966094732,0.277969062328,0.503666639328,0.633845329285,0.806470453739,0.807293415070,0.600667715073,0.432734102011,0.149917483330,-0.193341076374,-0.236637398601,-0.154226928949,-0.338916897774,-0.333657205105,-0.162753582001,-0.349224060774,-0.373495489359,-0.331352680922,-0.451528728008,-0.406676203012,-0.361259669065,-0.020253092051,0.375535249710,0.456678807735,0.680657088757,0.647263586521,0.389854103327,0.465646684170,0.521965742111,0.479527354240,0.592864155769,0.550320923328,0.237611860037,0.179537907243,0.001843702281,-0.443343251944,-0.494579792023,-0.690910696983,-0.826374948025,-0.511487066746,-0.479212850332,-0.275196075439,0.155609846115,0.266263663769,0.437051951885,0.519293606281,0.372598677874,0.535887539387,0.819135010242,0.858496367931,0.863334298134,0.645034193993,0.330958783627,0.173499330878,-0.109835617244,-0.278918862343,-0.451567709446,-0.601904332638,-0.369386047125,-0.291861951351,-0.337752014399,-0.302143305540,-0.436804801226,-0.601649343967,-0.570165276527,-0.357774764299,-0.202564075589,-0.024107139558,0.197613760829,0.359531521797,0.496982008219,0.520216703415,0.477407395840,0.305929064751,0.255834758282,0.408990263939,0.406712293625,0.468131363392,0.406620562077,0.071194633842,-0.127319037914,-0.350250184536,-0.549605727196,-0.521222352982,-0.471618115902,-0.312851846218,-0.105841808021,-0.064708568156,0.059556424618,0.249439522624,0.274990081787,0.288824021816,0.383051127195,0.493041723967,0.666142046452,0.918184220791,0.920881748199,0.651050567627,0.493647813797,0.315158426762,0.127213880420,-0.090049847960,-0.368685156107,-0.256092667580,-0.191993087530,-0.294857919216,-0.271984755993,-0.502005040646,-0.645436644554,-0.735609948635,-0.848978817463,-0.562961995602,-0.317976981401,-0.070792406797,0.298376113176,0.408835560083,0.356843560934,0.377414286137,0.543340921402,0.552370250225,0.535407841206,0.544991791248,0.332197844982,0.293004781008,0.153274431825,-0.227361470461,-0.514696478844,-0.751092851162,-0.809656143188,-0.806383311749,-0.612621486187,-0.392369270325,-0.246593788266,0.138157814741,0.197728827596,0.131729066372,0.242554023862,0.279279768467,0.550783216953,0.745237171650,0.788140177727,0.951869368553,0.855454623699,0.534730494022,0.316893398762,0.126803174615,-0.143009081483,-0.279603213072,-0.200422570109,-0.112250141799,-0.128921359777,-0.262649625540,-0.297176241875,-0.212329342961,-0.305266112089,-0.356981754303,-0.240001454949,-0.188386619091,0.049839317799,0.389835864305,0.515286445618,0.566423535347,0.538555920124,0.571259915829,0.489475131035,0.171708866954,0.200209423900,0.317837595940,0.235358715057,0.219892203808,0.006739612203,-0.385592192411,-0.580266952515,-0.640367448330,-0.714930534363,-0.682978212833,-0.570142269135,-0.431877225637,-0.217565014958,-0.060862842947,0.052241839468,0.104810632765,0.164124175906,0.346149444580,0.482718765736,0.694114804268,0.900145232677,0.889812171459,0.762288153172,0.544698417187,0.383985906839,0.200933888555,-0.084892749786,-0.225999221206,-0.185835450888,-0.208036661148,-0.317559033632,-0.232643321157,-0.321996569633,-0.552500247955,-0.414153903723,-0.415746420622,-0.417318433523,-0.188619419932,-0.098334595561,0.242141515017,0.489042669535,0.361316114664,0.552400827408,0.602565348148,0.222339794040,0.278735160828,0.471196055412,0.253387331963,0.273700207472,0.277776956558,-0.166583284736,-0.345857113600,-0.459047913551,-0.741887807846,-0.678775191307,-0.506125450134,-0.395049333572,-0.214369535446,-0.023172793910,0.066955834627,0.044891975820,0.140550583601,0.192302584648,0.185166642070,0.419483006001,0.674587905407,0.776257872581,0.723038256168,0.524225592613,0.279396295547,0.044575702399,-0.075586095452,-0.151998430490,-0.288775205612,-0.431429296732,-0.434071749449,-0.265240252018,-0.187379181385,-0.243927747011,-0.361992120743,-0.452270030975,-0.394590914249,-0.324100315571,-0.101147457957,0.237784788013,0.328744560480,0.355840831995,0.423238515854,0.415589451790,0.342773079872,0.303543895483,0.404611945152,0.342351853848,0.247112035751,0.251677840948,-0.011079815216,-0.211142346263,-0.360253602266,-0.618351042271,-0.641006469727,-0.552313745022,-0.381312310696,-0.183288112283,0.011143186130,0.190260201693,0.207289665937,0.387429922819,0.543969333172,0.590319097042,0.772353172302,0.746089696884,0.679774701595,0.609695911407,0.457038968801,0.430054157972,0.122205428779,-0.200651198626,-0.272173523903,-0.353248953819,-0.171338617802,-0.058537717909,-0.048121407628,0.097868703306,-0.066196508706,-0.145263880491,-0.040209684521,-0.209237933159,-0.259272962809,-0.031593590975,0.181195661426,0.295398801565,0.367504924536,0.389527410269,0.303851783276,0.142595410347,0.032026909292,0.090429387987,0.140552267432,0.129610821605,0.124478586018,0.013750904240,-0.214479595423,-0.538386523724,-0.657677114010,-0.679721951485,-0.863015174866,-0.793575882912,-0.623329639435,-0.431036323309,-0.147906437516,-0.089269421995,0.009409908205,0.062652438879,0.029644554481,0.239414706826,0.356786310673,0.375649511814,0.475896805525,0.436086982489,0.345852941275,0.327971607447,0.167161583900,-0.099742479622,-0.245217680931,-0.263425499201,-0.189796447754,-0.155154973269,-0.100077278912,0.025462768972,-0.030590986833,-0.144387915730,-0.206198468804,-0.276494413614,-0.172749787569,0.135914459825,0.381874978542,0.500074744225,0.615251302719,0.525653064251,0.502100527287,0.617854475975,0.343603938818,0.309202134609,0.488960593939,0.234233453870,0.088927693665,-0.052938532084,-0.313583970070,-0.450535088778,-0.639073669910,-0.697989404202,-0.657805383205,-0.468255698681,-0.154130518436,0.003389999736,0.207553029060,0.343039095402,0.337411493063,0.385776668787,0.429060250521,0.448207437992,0.487049221992,0.665834307671,0.762706577778,0.564063668251,0.267527848482,-0.080307163298,-0.333776146173,-0.366436064243,-0.400372087955,-0.477824717760,-0.408946543932,-0.352532953024,-0.369087278843,-0.192135646939,-0.134569823742,-0.309508770704,-0.409609824419,-0.455334901810,-0.310690432787,-0.035478245467,0.237192898989,0.482448071241,0.501579046249,0.479879111052,0.482443094254,0.380029052496,0.319951742887,0.236683726311,0.143729671836,0.133800908923,-0.088878832757,-0.396057397127,-0.486021816730,-0.619332373142,-0.713461995125,-0.611997902393,-0.522696435452,-0.346292287111,-0.106606207788,0.045711934566,0.202548161149,0.264432191849,0.209305077791,0.242962375283,0.366249978542,0.491356462240,0.625762283802,0.754022896290,0.755797028542,0.601348459721,0.314110279083,-0.058658041060,-0.213093578815,-0.186845421791,-0.285240650177,-0.335216492414,-0.279683023691,-0.308237105608,-0.368024080992,-0.399851173162,-0.422098070383,-0.368437945843,-0.274402409792,-0.194957241416,0.019867274910,0.247713670135,0.433500558138,0.583493947983,0.451191782951,0.306971669197,0.251223385334,0.245648697019,0.287573128939,0.138164535165,0.085427083075,0.028678026050,-0.141547307372,-0.321767240763,-0.651431381702,-0.767512083054,-0.886326193810,-1.014522671700,-0.736118137836,-0.505874097347,-0.321386754513,0.002785036806,0.216004356742,0.297692418098,0.345689177513,0.369844883680,0.414174824953,0.622449696064,0.718710541725,0.559619963169,0.448739886284,0.263245791197,-0.020967219025,-0.239421561360,-0.449966281652,-0.545536637306,-0.577850759029,-0.596888124943,-0.456618458033,-0.336593508720,-0.285368859768,-0.247001320124,-0.312729418278,-0.272468924522,-0.185833752155,-0.121361672878,0.211508661509,0.525368809700,0.650059342384,0.726042687893,0.631394565105,0.516740560532,0.429158002138,0.352901399136,0.389022082090,0.382774889469,0.348091661930,0.251529783010,-0.023798421025,-0.193354174495,-0.225848093629,-0.334596961737,-0.312802672386,-0.273664265871,-0.353928983212,-0.163991034031,0.065919220448,0.134895518422,0.166480585933,0.050863601267,0.141427531838,0.364270746708,0.447520881891,0.599327385426,0.701076269150,0.766962945461,0.629936277866,0.259220838547,0.014645697549,-0.274593234062,-0.398888289928,-0.367656648159,-0.571247518063,-0.531928181648,-0.285045057535,-0.362631827593,-0.577077805996,-0.700777232647,-0.758222401142,-0.769358754158,-0.711630046368,-0.504158139229,-0.188454478979,0.079973407090,0.209177687764,0.217793002725,0.170719400048,0.105942703784,0.072538688779,0.106346152723,0.178955286741,0.232379332185,0.242398053408,0.125282183290,-0.128612011671,-0.338074207306,-0.564749300480,-0.738506317139,-0.659434258938,-0.598616242409,-0.516291797161,-0.332003563643,-0.247019156814,-0.050830166787,0.164148017764,0.306590259075,0.476851671934,0.523260056973,0.681243240833,0.808957755566,0.826190829277,0.937011182308,0.726959228516,0.502533793449,0.364737540483,-0.009588532150,-0.074752874672,-0.035479117185,-0.193033263087,-0.212890818715,-0.181382134557,-0.143411651254,-0.228119790554,-0.482747793198,-0.628265261650,-0.554842591286,-0.372305959463,-0.130172342062,0.259952396154,0.394713968039,0.322272986174,0.405984431505,0.353531450033,0.359772652388,0.339041024446,0.235843896866,0.313483655453,0.161513835192,0.029234485701,-0.098867148161,-0.453137189150,-0.644270122051,-0.892157077789,-1.044866323471,-0.954198598862,-0.875855147839,-0.641212582588,-0.408615797758,-0.295530110598,-0.118492342532,-0.016950899735,-0.039927978069,0.163323730230,0.394037544727,0.488711833954,0.755986690521,0.755200326443,0.604414880276,0.592431962490,0.350251615047,0.178479924798,0.096539139748,-0.067821457982,-0.206537470222,-0.241943344474,-0.176005840302,-0.215545892715,-0.249119907618,-0.407897025347,-0.572643458843,-0.551439940929,-0.604541540146,-0.325219094753,-0.021123595536,0.065261252224,0.402060449123,0.444719731808,0.403576999903,0.545702636242,0.495503962040,0.608321845531,0.712308704853,0.636798441410,0.406357437372,0.132521182299,0.104003980756,-0.130108729005,-0.374548971653,-0.546360671520,-0.852378606796,-0.722348988056,-0.551581084728,-0.488191753626,-0.208046495914,-0.094778113067,0.044770695269,0.223796457052,0.293506830931,0.381051808596,0.402305692434,0.580692708492,0.781729459763,0.790335714817,0.615744471550,0.282298266888,0.078792326152,-0.179604247212,-0.383323818445,-0.410010665655,-0.494620203972,-0.376682221889,-0.394339233637,-0.548846125603,-0.462272882462,-0.504445731640,-0.559410691261,-0.554152309895,-0.519223392010,-0.278945505619,0.035560451448,0.327221065760,0.422163516283,0.386989027262,0.285439789295,0.140111520886,0.065730437636,-0.040651682764,0.028516065329,0.121835254133,0.031063416973,-0.091418355703,-0.360873460770,-0.567507386208,-0.723492205143,-0.908711552620,-0.847597301006,-0.717721819878,-0.560621142387,-0.314175516367,-0.117716021836,0.065586000681,0.164669826627,0.226904809475,0.432201117277,0.577152907848,0.574607193470,0.716971397400,0.876260638237,0.795577764511,0.656495869160,0.491938710213,0.310607761145,0.149633318186,0.051812667400,0.147411748767,0.152965366840,0.082844108343,0.104462340474,0.091116875410,0.109840817750,0.002616085578,-0.138638988137,-0.169773295522,-0.198327988386,-0.068919852376,0.065602242947,0.303131133318,0.586595237255,0.494245558977,0.409217953682,0.333273321390,0.182622715831,0.238672852516,0.164194956422,0.030532235280,0.029995730147,-0.104667000473,-0.371226638556,-0.662395536900,-0.883408725262,-1.023948669434,-0.987412989140,-0.767822742462,-0.645538806915,-0.492916166782,-0.253664046526,-0.170062050223,-0.132098048925,-0.023034885526,0.112153038383,0.182401686907,0.261645197868,0.483330577612,0.524768292904,0.338584810495,0.181398957968,-0.032295163721,-0.263285070658,-0.423038959503,-0.509670019150,-0.535922884941,-0.496898353100,-0.372932761908,-0.319776833057,-0.301972836256,-0.316822022200,-0.345628648996,-0.242582798004,-0.136256590486,0.099912308156,0.412039995193,0.585966169834,0.715218424797,0.683258295059,0.600212574005,0.466780453920,0.299099355936,0.367108434439,0.365059077740,0.301183849573,0.257642626762,0.010306579061,-0.226017937064,-0.399572640657,-0.485249578953,-0.505888164043,-0.588030695915,-0.486326336861,-0.243833079934,-0.077852316201,0.124444648623,0.338752478361,0.371073544025,0.412048250437,0.477160811424,0.400262326002,0.517025351524,0.628213763237,0.593622803688,0.688345134258,0.490661412477,0.112658031285,-0.079636715353,-0.294137090445,-0.468830019236,-0.499337822199,-0.419081181288,-0.379987210035,-0.350253611803,-0.170168250799,-0.106393292546,-0.265618354082,-0.425775915384,-0.426672607660,-0.376077741385,-0.251537680626,0.088752083480,0.223951980472,0.276398152113,0.474782913923,0.392991185188,0.326021313667,0.307746499777,0.117890387774,0.061383787543,0.009990599938,-0.041305005550,-0.116003222764,-0.349655628204,-0.564670264721,-0.742923855782,-0.797897100449,-0.724616408348,-0.589199423790,-0.392207473516,-0.157980158925,0.028322258964,0.083744779229,0.252454549074,0.370497375727,0.367075413465,0.490656822920,0.545309662819,0.642998576164,0.657877743244,0.566392540932,0.561587274075,0.203071445227,-0.145904973149,-0.241754278541,-0.398371368647,-0.403962582350,-0.329720795155,-0.202363312244,-0.116123214364,-0.168568402529,-0.230052545667,-0.317673206329,-0.272070586681,-0.220907181501,-0.043997731060,0.266450345516,0.371187895536,0.580279886723,0.702249109745,0.680073440075,0.704922914505,0.509089052677,0.436174899340,0.397612065077,0.203690797091,0.117572568357,-0.070563100278,-0.307515323162,-0.576083302498,-0.809052586555,-0.804248034954,-0.835401117802,-0.732591331005,-0.452111333609,-0.307643026114,-0.071174964309,0.212665244937,0.318953901529,0.424141168594,0.519568443298,0.468033730984,0.538651049137,0.776430726051,0.703279197216,0.582560062408,0.544532179832,0.085034422576,-0.196450069547,-0.201105162501,-0.488076448441,-0.542535483837,-0.482070505619,-0.636129856110,-0.564273953438,-0.386301964521,-0.381655335426,-0.473945707083,-0.524511992931,-0.466555714607,-0.341181159019,-0.056290037930,0.260375082493,0.475025773048,0.723141193390,0.710546731949,0.473102688789,0.449322521687,0.378797471523,0.293341040611,0.401023000479,0.347448855639,0.201519638300,0.100535668433,-0.025963772088,-0.170248165727,-0.453003317118,-0.618539571762,-0.495256274939,-0.298685520887,-0.089425854385,0.112571634352,0.287421792746,0.318639546633,0.319397270679,0.401057690382,0.458561986685,0.555852115154,0.591480433941,0.745221555233,0.925511062145,0.779616594315,0.612006366253,0.317817777395,-0.029533687979,-0.146429806948,-0.323690980673,-0.471451491117,-0.460919708014,-0.390858560801,-0.321698576212,-0.342443943024,-0.438214480877,-0.547355711460,-0.561370849609,-0.421124577522,-0.212625712156,-0.043885529041,0.143753603101,0.278686434031,0.328511118889,0.443786084652,0.413325071335,0.297062069178,0.228555396199,0.077462494373,0.075234979391,0.150704666972,0.084852837026,-0.146722689271,-0.555499255657,-0.898729920387,-1.042776107788,-0.953031957150,-0.848628580570,-0.765984773636,-0.407722264528,-0.220126911998,-0.059997800738,0.400610178709,0.324172675610,0.171127885580,0.558191657066,0.695882678032,0.741392433643,0.964648604393,0.962741851807,0.747286617756,0.561413466930,0.399205535650,0.085116505623,-0.217459574342,-0.412863552570,-0.339300125837,-0.165178894997,-0.207358345389,-0.097863972187,-0.201759129763,-0.384157180786,-0.270953595638,-0.352359622717,-0.145555257797,0.148493453860,0.263492792845,0.632586002350,0.799595296383,0.731652379036,0.520401000977,0.394180685282,0.364570915699,0.256544351578,0.434329986572,0.287293940783,-0.010718703270,-0.036432847381,-0.260566413403,-0.278517186642,-0.393965542316,-0.723218321800,-0.700398802757,-0.612346470356,-0.474093198776,-0.277457714081,-0.098519623280,-0.012040789239,-0.098201528192,-0.035943657160,0.137099668384,0.263756364584,0.386054515839,0.638630926609,0.797528684139,0.594594657421,0.556636452675,0.450423032045,0.013994777575,-0.131156295538,-0.257806420326,-0.379861116409,-0.225029215217,-0.216339707375,-0.207527518272,-0.234120860696,-0.449560761452,-0.518892168999,-0.617263257504,-0.594436407089,-0.316371500492,-0.242495581508,-0.092716418207,0.279521256685,0.440391689539,0.486273884773,0.547516882420,0.475868344307,0.447297871113,0.537014305592,0.499294221401,0.430568307638,0.344850599766,0.173100531101,-0.012219184078,-0.341326892376,-0.575287401676,-0.642255008221,-0.765556395054,-0.689759075642,-0.443140894175,-0.192295134068,0.063795670867,0.167459800839,0.275980561972,0.459226608276,0.493926495314,0.650003910065,1.026838541031,1.118661284447,1.064099907875,1.133882761002,0.926502227783,0.516276419163,0.150650814176,-0.148315072060,-0.254371732473,-0.317127197981,-0.299180656672,-0.179599404335,-0.179555222392,-0.319254994392,-0.415979743004,-0.377696067095,-0.559987306595,-0.523728668690,-0.159623369575,-0.142181217670,0.189836293459,0.567694187164,0.516701161861,0.609923839569,0.500106990337,0.401610285044,0.457962125540,0.448307186365,0.452908694744,0.246267408133,0.136841058731,-0.060341477394,-0.420129656792,-0.537308573723,-0.714184165001,-0.831300377846,-0.781766712666,-0.668381810188,-0.356741666794,-0.086246386170,-0.019889997318,0.017027739435,0.103168979287,0.125837087631,0.191715300083,0.449560254812,0.709823191166,0.856065452099,0.863471627235,0.818099260330,0.748934328556,0.453160524368,0.216240629554,0.128623083234,-0.098083764315,-0.123677313328,0.066770471632,0.178827062249,0.123050108552,-0.137422010303,-0.276908665895,-0.455392509699,-0.670796513557,-0.502046346664,-0.257005512714,0.039928145707,0.436285853386,0.635879456997,0.668735206127,0.568350136280,0.406377285719,0.342711091042,0.489846438169,0.536138534546,0.398868948221,0.392223745584,0.162234306335,-0.126350581646,-0.256472915411,-0.613498091698,-0.864069044590,-0.906379163265,-0.810489296913,-0.535817205906,-0.333525806665,-0.106419280171,0.026602899656,0.095787823200,0.214587122202,0.137816056609,0.290827393532,0.609651803970,0.619114339352,0.652930855751,0.805432856083,0.707025229931,0.250675052404,0.012865863740,-0.096726305783,-0.493127048016,-0.490526199341,-0.349258512259,-0.468591421843,-0.460847437382,-0.487329512835,-0.387190133333,-0.358355104923,-0.565093040466,-0.451558947563,-0.179644599557,0.065735228360,0.397027939558,0.667500972748,0.612613856792,0.517055928707,0.622033238411,0.391878426075,0.213370665908,0.302664160728,0.167120009661,0.154297217727,0.165433645248,-0.010206456296,-0.196218222380,-0.404361575842,-0.484904855490,-0.552394509315,-0.573356151581,-0.349728226662,-0.133582219481,-0.000004515596,0.148712277412,0.176231399179,0.157002985477,0.282436400652,0.361681193113,0.426295816898,0.615727305412,0.656224012375,0.635024964809,0.662691652775,0.493116497993,0.281549036503,0.051636602730,-0.289588302374,-0.373374402523,-0.232703223825,-0.143995150924,-0.118000797927,-0.139648184180,-0.106462277472,-0.129968076944,-0.264387756586,-0.381390571594,-0.434224694967,-0.315095424652,-0.103608369827,0.157661795616,0.411335915327,0.455623388290,0.341416716576,0.262916952372,0.254470527172,0.187371671200,0.178734973073,0.222691118717,0.208969488740,0.175572231412,-0.068219400942,-0.357838690281,-0.563720881939,-0.734522223473,-0.678037524223,-0.587382495403,-0.510327398777,-0.326441168785,-0.157427534461,-0.037339705974,0.048794880509,0.142913013697,0.204011157155,0.380880087614,0.590143740177,0.657974660397,0.910222470760,0.894386112690,0.492437481880,0.308774977922,0.001002325676,-0.273935407400,-0.286490499973,-0.423905849457,-0.424349337816,-0.361659944057,-0.367735981941,-0.245206892490,-0.210688710213,-0.239598631859,-0.298193335533,-0.315589189529,-0.096040166914,0.098574168980,0.243753254414,0.432677805424,0.547314167023,0.573458015919,0.459606707096,0.357905328274,0.308437764645,0.232653379440,0.279078811407,0.254151433706,0.047327455133,-0.146562606096,-0.310837149620,-0.463150233030,-0.686460316181,-0.859104156494,-0.821702241898,-0.650824427605,-0.309107750654,0.087660893798,0.378279000521,0.553949177265,0.582386016846,0.495627343655,0.445389360189,0.601880073547,0.821061551571,0.934563279152,0.944168686867,0.769782364368,0.465317338705,0.117005974054,-0.210097372532,-0.394374668598,-0.450943946838,-0.433610528708,-0.370850354433,-0.330578237772,-0.316352695227,-0.297087818384,-0.287216961384,-0.270361036062,-0.331286042929,-0.287715405226,0.087660260499,0.286484777927,0.370189696550,0.636307299137,0.644016504288,0.598956644535,0.621545553207,0.518764257431,0.438008397818,0.331353425980,0.264143645763,0.171795725822,0.069123953581,-0.123625397682,-0.500853657722,-0.612668097019,-0.640231788158,-0.628685116768,-0.489451497793,-0.491842001677,-0.284205973148,-0.070202089846,0.092320010066,0.420689612627,0.438472211361,0.523725450039,0.698868870735,0.609421849251,0.679337739944,0.654029190540,0.449737221003,0.253322720528,-0.028419945389,-0.243713095784,-0.537845492363,-0.768356680870,-0.768290400505,-0.693838596344,-0.534757614136,-0.416390478611,-0.345184594393,-0.386460512877,-0.454109013081,-0.429183691740,-0.308481186628,0.057417348027,0.270557433367,0.405876547098,0.661784231663,0.721522688866,0.801790177822,0.789316833019,0.608904063702,0.405390411615,0.199663251638,0.128240585327,-0.027848187834,-0.109300024807,-0.187570288777,-0.448772013187,-0.617927312851,-0.855498015881,-0.978910624981,-0.866122186184,-0.631504356861,-0.325836658478,-0.075501099229,0.344990253448,0.572312951088,0.554754257202,0.635195612907,0.577119052410,0.635697603226,0.791103124619,0.866922974586,0.898614704609,0.625567853451,0.352115958929,0.153823241591,-0.136069938540,-0.298745095730,-0.398274421692,-0.441535770893,-0.428925335407,-0.342595666647,-0.256963998079,-0.374621868134,-0.426688700914,-0.481971979141,-0.540080487728,-0.326142042875,-0.166553169489,0.037347618490,0.357404828072,0.462290942669,0.493867695332,0.424728751183,0.296229004860,0.257747411728,0.198097363114,0.231337651610,0.219976335764,0.017828674987,-0.129112944007,-0.322748690844,-0.638601481915,-0.808695673943,-0.900792479515,-0.940867602825,-0.741103112698,-0.505703687668,-0.229462265968,0.088047228754,0.125050351024,0.149080902338,0.255693018436,0.289306133986,0.458050310612,0.578642904758,0.642894148827,0.823969423771,0.719701290131,0.473814964294,0.422504723072,0.149451330304,-0.205321669579,-0.294383853674,-0.356048315763,-0.310328245163,-0.242591425776,-0.334041744471,-0.348875403404,-0.396983534098,-0.458451420069,-0.428817629814,-0.444253414869,-0.261526495218,0.006961337756,0.183081358671,0.412977337837,0.448830693960,0.437784999609,0.500220894814,0.381733447313,0.333772838116,0.357451826334,0.314405381680,0.330937832594,0.291622549295,0.119138062000,-0.178842157125,-0.535870254040,-0.789550423622,-0.819622814655,-0.719981789589,-0.666796028614,-0.492335081100,-0.271552026272,-0.139960855246,0.048496693373,0.106500677764,0.124111451209,0.324887901545,0.562534868717,0.781301558018,0.871555447578,0.865029275417,0.763058543205,0.409054875374,0.139086827636,0.014437680133,-0.204700261354,-0.265958517790,-0.263592958450,-0.331565976143,-0.267981529236,-0.269917935133,-0.347486019135,-0.405720055103,-0.518629193306,-0.570081233978,-0.578945994377,-0.417715489864,-0.069472230971,0.170573100448,0.339924842119,0.385892271996,0.290297299623,0.224615901709,0.194616690278,0.290182590485,0.400275468826,0.424857795238,0.392474234104,0.228301569819,0.085415206850,-0.092910446227,-0.399815768003,-0.648143351078,-0.788480520248,-0.779600441456,-0.658112883568,-0.451762616634,-0.184744954109,-0.015455686487,0.080473430455,0.103554390371,0.107214793563,0.255333513021,0.505175590515,0.754511713982,0.902009665966,0.962530612946,0.876734673977,0.649035513401,0.493842154741,0.300787866116,0.117853015661,0.029856314883,-0.095508478582,0.026941798627,0.236519485712,0.078704811633,-0.160510987043,-0.396594345570,-0.580093562603,-0.461439013481,-0.399613201618,-0.383194297552,-0.183339297771,0.043845590204,0.240018278360,0.263483941555,0.246635317802,0.194826602936,0.104274712503,0.191715106368,0.206567853689,0.211621060967,0.134396016598,-0.072919793427,-0.181510791183,-0.512728393078,-0.808969199657,-0.999143838882,-1.117608189583,-0.866290390491,-0.777985453606,-0.668226003647,-0.384772837162,-0.274427503347,-0.143734231591,-0.134664192796,0.058230686933,0.358048766851,0.384437710047,0.606421232224,0.774122893810,0.649137914181,0.445859760046,0.221618443727,0.017478233203,-0.224942043424,-0.274948000908,-0.265883415937,-0.198283061385,-0.045680172741,-0.197924494743,-0.217845380306,-0.194503635168,-0.332200944424,-0.375549465418,-0.562491059303,-0.361267089844,0.050161045045,0.121055856347,0.316471993923,0.474834859371,0.625190734863,0.723235845566,0.613709032536,0.611171960831,0.513321995735,0.497729301453,0.519109129906,0.336271643639,0.233540058136,-0.006567251869,-0.336670845747,-0.492986440659,-0.581598341465,-0.666708827019,-0.616847395897,-0.427271991968,-0.237892344594,-0.035418547690,-0.095492243767,-0.173899635673,-0.104713633657,-0.097515136003,0.187028363347,0.357918649912,0.451012074947,0.649306893349,0.504235804081,0.462349981070,0.425416320562,0.178621038795,-0.090809032321,-0.375441253185,-0.356041908264,-0.292701512575,-0.256929367781,-0.244054064155,-0.447879433632,-0.538792610168,-0.584357500076,-0.621728360653,-0.628903925419,-0.473846048117,-0.136928439140,0.025203783065,0.250875711441,0.316021621227,0.299461275339,0.438964307308,0.300181180239,0.379423469305,0.526538312435,0.410774379969,0.308756977320,0.041371051222,-0.071370340884,-0.206601932645,-0.480929702520,-0.593941330910,-0.764887571335,-0.729733586311,-0.551102101803,-0.338870823383,-0.088259570301,-0.035965453833,0.149058640003,0.330646783113,0.369128078222,0.395560920238,0.396402508020,0.603536009789,0.786575555801,0.811242163181,0.726755499840,0.521375715733,0.228399828076,-0.179006755352,-0.308407276869,-0.305557370186,-0.348068207502,-0.287103295326,-0.359980463982,-0.272275626659,-0.211196780205,-0.418435990810,-0.493910372257,-0.592561602592,-0.505947828293,-0.280216127634,-0.081158593297,0.327847987413,0.475619941950,0.421162188053,0.362133532763,0.219881176949,0.196083918214,0.185422584414,0.214469701052,0.119099967182,-0.011561295018,-0.014509455301,-0.263390541077,-0.521987676620,-0.658321261406,-0.696572244167,-0.712394237518,-0.777398347855,-0.434582144022,-0.139241605997,-0.058393329382,0.188293367624,0.267339795828,0.354794383049,0.429315626621,0.432891905308,0.527606427670,0.546108722687,0.665415585041,0.651113390923,0.485097467899,0.298013538122,-0.028333652765,-0.209085732698,-0.446413636208,-0.460535049438,-0.155869215727,-0.088702902198,0.025875370950,0.041068021208,-0.094618089497,-0.203906729817,-0.362570315599,-0.284483969212,-0.168748080730,0.117357179523,0.495134413242,0.512312710285,0.577758014202,0.612303555012,0.583611726761,0.632617890835,0.500327885151,0.412432521582,0.449678897858,0.407667487860,0.252119332552,0.162032544613,0.002080862876,-0.373534291983,-0.510854899883,-0.575273334980,-0.608354449272,-0.411239176989,-0.332856148481,-0.147080317140,0.043659396470,0.081112265587,0.224295780063,0.227450639009,0.283561229706,0.438343793154,0.520162999630,0.637369692326,0.633502542973,0.532572031021,0.279469698668,0.025690970942,-0.192984804511,-0.606656074524,-0.806268692017,-0.810814440250,-0.745152592659,-0.529252469540,-0.474866271019,-0.515090286732,-0.603581547737,-0.717195808887,-0.645420670509,-0.506652057171,-0.380121678114,-0.173188149929,0.090864449739,0.236079096794,0.373062342405,0.525403916836,0.455681562424,0.299897611141,0.174822270870,0.205592706800,0.245327264071,0.139982134104,0.094093367457,-0.212925955653,-0.555824398994,-0.668503642082,-0.862263560295,-0.814194202423,-0.668044686317,-0.499974757433,-0.123256206512,0.067005276680,0.283716142178,0.476930171251,0.421761512756,0.506947517395,0.666852414608,0.824067890644,0.970512032509,1.067799806595,1.074903249741,0.846162796021,0.622424542904,0.355362296104,0.026230080053,-0.180840820074,-0.307394802570,-0.247644960880,-0.255229234695,-0.291691839695,-0.223940417171,-0.294899344444,-0.317383557558,-0.413479954004,-0.423779308796,-0.162569656968,-0.015503688715,0.286327004433,0.599736392498,0.674603283405,0.682106494904,0.469124853611,0.289107233286,0.170448943973,0.048277124763,-0.021290363744,-0.080490298569,-0.048356190324,-0.354862898588,-0.603114068508,-0.618505060673,-0.987292706966,-1.065591454506,-0.922404706478,-0.822202324867,-0.387449562550,-0.042713209987,0.085247769952,0.133823692799,0.152849450707,0.302191972733,0.463579237461,0.529567658901,0.642599582672,0.783946394920,0.696169197559,0.608628392220,0.502366960049,0.110595226288,-0.123538538814,-0.372426241636,-0.657479226589,-0.460659503937,-0.374672889709,-0.401857346296,-0.174796372652,-0.212167784572,-0.411625832319,-0.486822605133,-0.504527151585,-0.408147454262,-0.120018631220,0.279437988997,0.541138947010,0.611555874348,0.601417660713,0.687523007393,0.690800666809,0.505288720131,0.544502675533,0.560880899429,0.394141793251,0.337571322918,0.175361931324,-0.100495800376,-0.426326066256,-0.728337824345,-0.804972052574,-0.823640644550,-0.736021935940,-0.487435638905,-0.223038405180,0.000191893429,0.121116295457,0.188959434628,0.178404942155,0.295680582523,0.574351370335,0.691653668880,0.829715907574,0.946257770061,0.851435661316,0.691071152687,0.402496099472,0.088535398245,-0.183960855007,-0.420561224222,-0.423828363419,-0.375002592802,-0.375129580498,-0.326884925365,-0.351142346859,-0.423858582973,-0.500360727310,-0.540158689022,-0.484671741724,-0.405285418034,-0.188795894384,0.157718822360,0.344396024942,0.426026195288,0.525177478790,0.478989750147,0.287962019444,0.192809492350,0.216047435999,0.146353617311,0.141077190638,0.141211494803,-0.144398257136,-0.368166029453,-0.538947641850,-0.716295301914,-0.621130585670,-0.558588325977,-0.544846355915,-0.322163432837,0.039612844586,0.262076705694,0.240695074201,0.327173531055,0.351040273905,0.338540434837,0.572456598282,0.782551586628,1.025942921638,1.100650429726,1.003302812576,0.836435437202,0.381842195988,0.165031880140,0.013197680935,-0.215993404388,-0.106413558125,-0.064658761024,-0.094089522958,-0.045669741929,-0.105312049389,-0.201312825084,-0.256406009197,-0.386551350355,-0.449007421732,-0.125250726938,0.221744135022,0.389851897955,0.514026165009,0.520753502846,0.537224590778,0.540971755981,0.411154776812,0.250438570976,0.199882999063,0.161569669843,0.062955111265,0.010546335019,-0.185532286763,-0.518455326557,-0.729204058647,-0.854501485825,-0.981942832470,-1.039559960365,-0.818234503269,-0.444363474846,-0.300343632698,-0.208088234067,-0.009578874335,0.005682983436,-0.029402235523,0.056255258620,0.225416496396,0.527969777584,0.692098081112,0.752015709877,0.702022790909,0.312097817659,0.077910505235,-0.015964541584,-0.258871555328,-0.343180716038,-0.336949199438,-0.278353542089,-0.118223138154,-0.065301261842,-0.149876236916,-0.299426138401,-0.453185647726,-0.512895762920,-0.404601424932,-0.208150729537,0.033231921494,0.238987475634,0.346920937300,0.472951054573,0.510902762413,0.523178875446,0.607291638851,0.614946663380,0.603335320950,0.631915211678,0.667359411716,0.519968569279,0.203104361892,-0.060986392200,-0.281771004200,-0.522900700569,-0.724846839905,-0.473352164030,-0.122674904764,-0.151110678911,0.007349789608,0.103726223111,-0.000656343240,0.117007084191,0.258395284414,0.506418168545,0.650775372982,0.621653258801,0.850316226482,0.937298417091,0.566468119621,0.226986676455,0.116728588939,-0.195292204618,-0.379679948092,-0.153739437461,-0.219885081053,-0.265545576811,-0.090348944068,-0.200424358249,-0.317288726568,-0.445248514414,-0.694824576378,-0.725193738937,-0.489024132490,-0.274746775627,-0.079828806221,0.219467759132,0.334236174822,0.336153775454,0.384184211493,0.369876652956,0.375544875860,0.333737820387,0.268058419228,0.274714738131,0.152748301625,-0.130037456751,-0.360321193933,-0.599997282028,-0.849523961544,-0.949339687824,-0.887937664986,-0.592500269413,-0.396332025528,-0.268250972033,0.029824899510,0.129945814610,0.232410535216,0.258159548044,0.216943010688,0.453007191420,0.605477988720,0.828027784824,1.028616428375,0.900975763798,0.665609538555,0.428536981344,0.204976171255,-0.116581842303,-0.258956640959,-0.217701330781,-0.118499092758,-0.020431347191,-0.206090092659,-0.276996999979,-0.338142395020,-0.482127755880,-0.469886630774,-0.495000571012,-0.223433136940,0.117926478386,0.316307783127,0.550371348858,0.564472258091,0.548125028610,0.434094518423,0.296241372824,0.328571468592,0.317716509104,0.417116731405,0.356840729713,0.083548359573,-0.146009445190,-0.440217465162,-0.576485872269,-0.666736781597,-0.719492137432,-0.527791678905,-0.409668952227,-0.312923014164,-0.112872265279,0.078325800598,0.197668224573,0.174964562058,0.191347703338,0.255738168955,0.351001173258,0.547492563725,0.636483192444,0.575593113899,0.341311275959,0.079801678658,0.016325393692,-0.197996020317,-0.490771234035,-0.439996123314,-0.278754085302,-0.148797720671,0.066110163927,0.087843634188,-0.124985538423,-0.208749860525,-0.306941151619,-0.399928182364,-0.164155721664,0.072194583714,0.226473405957,0.493454635143,0.687511682510,0.797873020172,0.807688474655,0.666704773903,0.529725670815,0.433890223503,0.415405362844,0.440187066793,0.323118984699,0.151925414801,-0.080708459020,-0.368836224079,-0.412575453520,-0.417569726706,-0.433609634638,-0.212949767709,-0.011819090694,0.113478749990,0.203837737441,0.211017817259,0.238970637321,0.269685208797,0.334949404001,0.402124136686,0.485270321369,0.641042470932,0.644015371799,0.494123071432,0.169987022877,-0.237148627639,-0.368259012699,-0.473452597857,-0.495681643486,-0.317774683237,-0.374885946512,-0.412410318851,-0.324952870607,-0.339818775654,-0.324050724506,-0.364847540855,-0.413630813360,-0.339334636927,-0.214662745595,0.018514474854,0.301852166653,0.391788959503,0.345477163792,0.331962615252,0.211861833930,0.094443485141,0.086270689964,0.079932540655,0.213200643659,0.212130546570,0.001814075164,-0.140925750136,-0.406695425510,-0.624603152275,-0.661033809185,-0.619298934937,-0.410204112530,-0.230096876621,-0.069619730115,0.139984712005,0.225259497762,0.275052636862,0.355209529400,0.323418438435,0.251176387072,0.365709662437,0.576966643333,0.709574878216,0.720749855042,0.517430126667,0.244091689587,0.079183481634,-0.092075712979,-0.149502784014,-0.059105899185,-0.055097498000,-0.013331420720,-0.020315365866,-0.047567564994,0.049405913800,-0.105607882142,-0.223061233759,-0.199918955564,-0.240486681461,-0.026500863954,0.151924237609,0.316406905651,0.514453291893,0.493068456650,0.508402168751,0.446825444698,0.368178218603,0.307849526405,0.216803163290,0.235116422176,0.143869414926,0.024797035381,-0.183206781745,-0.428478240967,-0.640370130539,-0.918201267719,-0.824985682964,-0.659912168980,-0.515477776527,-0.140662238002,0.003523772582,0.085026569664,0.169013753533,0.164525181055,0.230664536357,0.284796595573,0.511650979519,0.731229484081,0.744277954102,0.578596353531,0.224998623133,0.026632722467,-0.125243827701,-0.339653044939,-0.523548543453,-0.647044062614,-0.554233014584,-0.538131415844,-0.501618206501,-0.442636221647,-0.612460970879,-0.571967720985,-0.588789999485,-0.683534741402,-0.338956266642,0.012110078707,0.217296183109,0.409308969975,0.538668990135,0.653172910213,0.713438510895,0.706669688225,0.606025934219,0.535646378994,0.449447751045,0.292742550373,0.138917028904,-0.182365879416,-0.438832044601,-0.590543746948,-0.836530387402,-0.911150515079,-0.887319207191,-0.753085970879,-0.316224664450,0.023884814233,0.126390621066,0.265385657549,0.353458493948,0.416900664568,0.593684017658,0.735424697399,0.881052911282,0.967043876648,0.937057912350,0.845843017101,0.591556310654,0.339329361916,0.009963113815,-0.289043843746,-0.319429397583,-0.360745668411,-0.307295590639,-0.344735175371,-0.514345705509,-0.441292256117,-0.522746503353,-0.693022251129,-0.614737987518,-0.399892330170,-0.063884630799,0.270962446928,0.468181580305,0.496021777391,0.480393141508,0.410723775625,0.311207890511,0.266367048025,0.166844174266,0.222295790911,0.218610092998,0.010683673434,-0.133928775787,-0.436401575804,-0.665136635303,-0.765036940575,-0.833807408810,-0.688408076763,-0.630081772804,-0.462257772684,-0.251551091671,-0.116632938385,0.232650831342,0.342745751143,0.364585876465,0.518402338028,0.688698828220,0.996201217175,1.150837421417,1.179334163666,1.002205967903,0.704667747021,0.534060060978,0.229241713881,-0.102792769670,-0.468065738678,-0.622278988361,-0.487201064825,-0.424480587244,-0.272709280252,-0.363192409277,-0.571685075760,-0.554852128029,-0.618584275246,-0.499709039927,-0.250731647015,0.024077489972,0.368341565132,0.474296569824,0.491232186556,0.548041760921,0.545047044754,0.430244386196,0.305227100849,0.176907792687,0.093920804560,0.160907924175,-0.092858143151,-0.386018753052,-0.463859617710,-0.756288647652,-0.872062087059,-0.872826457024,-0.853863835335,-0.541824221611,-0.254073500633,-0.034951336682,0.050101209432,0.061676070094,0.169151484966,0.185751453042,0.169663429260,0.308910459280,0.565225243568,0.614201903343,0.606473743916,0.591278254986,0.292077720165,0.102863475680,-0.008020417765,-0.123403593898,-0.096812620759,-0.128954872489,-0.127809420228,-0.102500446141,-0.040324579924,-0.001043446362,-0.167815551162,-0.361395448446,-0.468512445688,-0.376682549715,-0.129272952676,0.161588519812,0.418144524097,0.410403132439,0.342775046825,0.316129118204,0.189509943128,0.192356258631,0.291941791773,0.340686380863,0.378839433193,0.305308938026,0.173480346799,0.086283989251,-0.091655328870,-0.353513926268,-0.495771080256,-0.588991522789,-0.675287783146,-0.543610990047,-0.328923374414,-0.262386083603,-0.259208232164,-0.165476068854,-0.040699530393,0.042122147977,0.263350903988,0.461396217346,0.579841852188,0.796622574329,0.715969741344,0.507292509079,0.437865883112,0.184631794691,0.094320505857,0.092970423400,-0.125646993518,-0.076848037541,0.026067366824,-0.137346714735,-0.199790477753,-0.262690931559,-0.466456651688,-0.607337474823,-0.767129957676,-0.738766610622,-0.381659686565,-0.115150310099,0.121985517442,0.336028695107,0.426981478930,0.538423895836,0.475569784641,0.428936511278,0.490945041180,0.478903889656,0.467208921909,0.276137918234,-0.000968498061,-0.269032478333,-0.567352890968,-0.780629158020,-0.924176216125,-0.928749501705,-0.923568129539,-0.816721796989,-0.489379078150,-0.271538197994,-0.158748164773,-0.088073179126,-0.027865521610,0.121953271329,0.319067597389,0.586083352566,0.796255171299,0.782965540886,0.697645008564,0.618630766869,0.367601305246,0.084225259721,-0.055048588663,-0.194069057703,-0.276909977198,-0.247145369649,-0.223488941789,-0.279675245285,-0.409876078367,-0.507671713829,-0.555446445942,-0.638578593731,-0.661372661591,-0.490684956312,-0.278233498335,-0.021423766389,0.238349333405,0.297672927380,0.406764298677,0.488501727581,0.369528204203,0.380105227232,0.505463302135,0.538737833500,0.411012381315,0.228172600269,0.059833984822,-0.152318984270,-0.348588913679,-0.545820891857,-0.637227237225,-0.677194535732,-0.693747282028,-0.432125955820,-0.152207300067,-0.016953319311,0.080943763256,0.091347962618,0.138132512569,0.243603676558,0.334718674421,0.523467361927,0.796403884888,0.791749656200,0.573225498199,0.468606263399,0.246359333396,-0.044274017215,-0.197239205241,-0.347586482763,-0.388093203306,-0.185864448547,-0.018041150644,-0.102693304420,-0.193733841181,-0.354626685381,-0.565950393677,-0.491649061441,-0.395387589931,-0.226484462619,0.142841190100,0.417074769735,0.635493516922,0.737133860588,0.655929923058,0.475542664528,0.374758809805,0.456807255745,0.446491926908,0.364018678665,0.276103407145,0.094857461751,-0.136204272509,-0.433367848396,-0.667031884193,-0.800538897514,-0.821957230568,-0.675863206387,-0.487650245428,-0.211316004395,0.004354014527,-0.016183614731,-0.021509313956,0.070957764983,0.177134439349,0.268364429474,0.341455966234,0.416647970676,0.429152429104,0.393938988447,0.310971170664,0.063040383160,-0.237805292010,-0.453941643238,-0.585085630417,-0.548797249794,-0.373232334852,-0.187778994441,-0.143080294132,-0.152766004205,-0.129715681076,-0.259040981531,-0.243883788586,-0.196613922715,-0.343135267496,-0.114682219923,0.163068592548,0.162543982267,0.221323087811,0.253852188587,0.210639834404,0.143201574683,0.170505136251,0.115372605622,0.039514414966,0.203604474664,0.194973662496,0.122731976211,0.022237405181,-0.248188629746,-0.354172378778,-0.395940184593,-0.343875169754,-0.265961676836,-0.207105308771,0.018988911062,0.122279055417,0.176791489124,0.271997153759,0.233282774687,0.171429067850,0.183819502592,0.347950667143,0.641788780689,0.850240349770,0.665355086327,0.319796591997,0.199035674334,0.000451292348,-0.164608925581,-0.128505557775,-0.169744029641,-0.099605761468,-0.050019562244,-0.136624783278,-0.110279403627,-0.269090980291,-0.533971548080,-0.614356756210,-0.551238894463,-0.282836228609,0.023427553475,0.230076447129,0.258627474308,0.221552118659,0.336214601994,0.350748986006,0.274097293615,0.237630859017,0.161434948444,0.078650869429,0.034789528698,0.034384448081,-0.152471572161,-0.450626641512,-0.743066370487,-1.015757679939,-0.910658299923,-0.708774805069,-0.596263408661,-0.402902483940,-0.268761068583,-0.066535376012,0.079481050372,0.116982549429,0.171095252037,0.287042617798,0.586302340031,0.740339577198,0.806553602219,0.853420972824,0.710880398750,0.533896923065,0.151489287615,-0.191551372409,-0.362937718630,-0.530412793159,-0.429080069065,-0.305405348539,-0.294129878283,-0.302582085133,-0.413695365191,-0.535385668278,-0.517963588238,-0.326017260551,-0.246805578470,-0.041740950197,0.341767221689,0.462572395802,0.656125962734,0.831553280354,0.601960241795,0.329627722502,0.343760669231,0.335345923901,0.246810629964,0.458942949772,0.291497349739,-0.177876204252,-0.209261581302,-0.494171708822,-0.845744907856,-0.834393978119,-0.858096182346,-0.739242315292,-0.407326459885,-0.037799235433,0.135047093034,0.256008327007,0.396523892879,0.317481786013,0.359964042902,0.383666753769,0.499315947294,0.741481184959,0.570204019547,0.476790368557,0.333557546139,0.009180312045,-0.173146829009,-0.403411388397,-0.372927278280,-0.331336319447,-0.351330220699,-0.317623138428,-0.425953567028,-0.330583751202,-0.413524925709,-0.563573420048,-0.482884764671,-0.482689172029,-0.256774753332,0.021021571010,0.367454290390,0.701741158962,0.621597588062,0.583775818348,0.570348978043,0.475299209356,0.464218944311,0.489067226648,0.410113036633,0.138657063246,-0.003664484946,-0.169159784913,-0.417487591505,-0.619329690933,-0.888786315918,-0.842924714088,-0.708133101463,-0.615502297878,-0.253585666418,-0.009083070792,0.168411180377,0.364922612906,0.514375448227,0.755650043488,0.950753152370,1.166694641113,1.241070508957,1.147663712502,0.983417868614,0.603696823120,0.334000438452,0.070030555129,-0.307446867228,-0.521376967430,-0.625968277454,-0.617663562298,-0.518983006477,-0.401136338711,-0.422417312860,-0.513227701187,-0.473097622395,-0.582257449627,-0.729983210564,-0.473604202271,-0.087271563709,0.044013760984,0.257510960102,0.493089497089,0.383902609348,0.374276310205,0.460128068924,0.276153951883,0.069414243102,0.086362376809,0.112260200083,-0.120764493942,-0.311975359917,-0.470766842365,-0.761201262474,-0.947767019272,-0.954500317574,-0.736572444439,-0.482225537300,-0.140274524689,0.194755941629,0.249005883932,0.279175192118,0.248027145863,0.356428414583,0.466571956873,0.439414888620,0.627651274204,0.633332073689,0.755039095879,0.767027914524,0.336504310369,0.248444467783,-0.060053166002,-0.296817302704,-0.143477112055,-0.373799800873,-0.177550643682,0.140760347247,0.003053814638,0.108366675675,-0.009161905386,-0.312500745058,-0.268324345350,-0.226518228650,-0.065840698779,0.303177833557,0.502779722214,0.590663731098,0.580905258656,0.505164504051,0.513328492641,0.358433544636,0.289350271225,0.431891888380,0.283755570650,0.184110835195,0.279226243496,0.016295399517,-0.278365164995,-0.374003469944,-0.649788558483,-0.793120682240,-0.670923054218,-0.551732480526,-0.347233206034,-0.240032255650,-0.192740350962,-0.066601224244,-0.130246385932,-0.067972846329,0.223417460918,0.333882033825,0.506927490234,0.730079472065,0.707794129848,0.584388852119,0.306799143553,-0.013922329061,-0.217859655619,-0.444117516279,-0.530861139297,-0.431017637253,-0.310041546822,-0.250670194626,-0.313120663166,-0.446657031775,-0.623064696789,-0.679639220238,-0.619422614574,-0.526463270187,-0.219186738133,0.081176519394,0.327716141939,0.545871913433,0.500693798065,0.481236934662,0.367791503668,0.249787449837,0.483421295881,0.472181975842,0.474091768265,0.588921070099,0.207214236259,-0.105587705970,-0.410775363445,-0.775185227394,-0.767091095448,-0.863783836365,-0.743229806423,-0.251535445452,-0.040334105492,0.001232772251,0.191986009479,0.364579468966,0.163513153791,0.189583152533,0.439199954271,0.392190098763,0.683388650417,0.860244035721,0.696935772896,0.630105733871,0.378449380398,0.251252025366,0.069198563695,-0.129413619637,-0.082921557128,-0.049973785877,0.139459893107,-0.029917055741,-0.374719202518,-0.401927292347,-0.650392234325,-0.774303734303,-0.628925859928,-0.566263973713,-0.318863511086,0.061242528260,0.268295586109,0.393877238035,0.447947978973,0.344067454338,0.308156430721,0.342250823975,0.420894443989,0.493327170610,0.395228177309,0.355936348438,0.216737270355,-0.119551271200,-0.259101748466,-0.421215564013,-0.684454619884,-0.645021855831,-0.539703905582,-0.488083213568,-0.221963807940,0.002013501711,0.134144544601,0.162034213543,-0.005613801070,0.091927707195,0.405472397804,0.623143255711,0.810347735882,0.833341538906,0.668580114841,0.464279413223,0.128241255879,-0.145273953676,-0.163216084242,-0.301939904690,-0.365575313568,-0.238796398044,-0.212563112378,-0.028073746711,-0.013486570679,-0.273544311523,-0.429425001144,-0.597032368183,-0.505387902260,-0.154572486877,0.183885470033,0.469755560160,0.638468921185,0.761692583561,0.761736810207,0.765663921833,0.771226048470,0.707045078278,0.636413931847,0.496748149395,0.575844764709,0.373024880886,-0.186679273844,-0.312046617270,-0.628176748753,-1.020044922829,-0.866427421570,-0.785641670227,-0.600773990154,-0.180547043681,-0.012630738318,0.172918900847,0.310513854027,0.118204943836,0.184776857495,0.449904024601,0.290607243776,0.368425458670,0.688346147537,0.372727394104,0.192258462310,0.171973630786,-0.365695923567,-0.611199855804,-0.601114332676,-0.637805879116,-0.413367718458,-0.241038203239,-0.186551421881,-0.194031551480,-0.285050392151,-0.312240004539,-0.379011392593,-0.403122305870,-0.309664666653,-0.233613356948,-0.085158035159,0.042381454259,0.142141968012,0.226711183786,0.051084090024,-0.082717835903,-0.024897851050,0.057052098215,0.163364052773,0.240806400776,0.278562426567,0.095900639892,-0.019071798772,-0.072664156556,-0.347837895155,-0.264428943396,-0.073699235916,0.008447518572,0.236080795527,0.248613879085,0.279881894588,0.400635510683,0.356547176838,0.278786808252,0.326591283083,0.441455632448,0.425557523966,0.580096244812,0.691764056683,0.543857991695,0.516657173634,0.345852911472,0.121767863631,-0.025164745748,-0.141834214330,-0.001377525157,0.069963656366,0.106068998575,0.132629930973,-0.060504481196,-0.180187314749,-0.290869086981,-0.414954364300,-0.378588676453,-0.233118310571,-0.049929548055,0.086509890854,0.277170777321,0.378225475550,0.286040276289,0.241788148880,0.149369671941,0.050727423280,0.069283910096,0.088744916022,0.140758529305,0.062738925219,-0.201986134052,-0.476721554995,-0.738634347916,-0.804542362690,-0.662305653095,-0.530073225498,-0.442207247019,-0.345169603825,-0.160137280822,0.003798343241,0.023754954338,0.025371408090,0.097458258271,0.177889227867,0.246208220720,0.380044579506,0.522129774094,0.527339100838,0.385261476040,0.240606889129,0.106564253569,-0.181370258331,-0.374071538448,-0.299692004919,-0.251047372818,-0.184414967895,-0.122654780746,-0.149723887444,-0.090390078723,-0.173477515578,-0.322607636452,-0.298529148102,-0.295197576284,-0.170510485768,0.073554717004,0.333117961884,0.545023739338,0.471257001162,0.388898879290,0.323204159737,0.202413976192,0.275045484304,0.291838645935,0.274195164442,0.302836865187,0.251487821341,0.131588861346,-0.256801933050,-0.484800070524,-0.456111311913,-0.549771070480,-0.390948414803,-0.210806235671,-0.031741227955,0.293148308992,0.289653629065,0.318259119987,0.283581584692,0.148486196995,0.313925206661,0.348711788654,0.485146522522,0.614434361458,0.456850439310,0.430298030376,0.219023838639,-0.076162457466,-0.232006356120,-0.337250232697,-0.286669880152,-0.237652629614,-0.139538943768,-0.189535528421,-0.303768157959,-0.259465515614,-0.372623980045,-0.453269064426,-0.423550963402,-0.289528220892,-0.060503266752,0.071542099118,0.240561470389,0.365930259228,0.427201688290,0.392081677914,0.261647820473,0.232585847378,0.202983826399,0.200250163674,0.270517200232,0.279422551394,0.037888813764,-0.245939090848,-0.360242873430,-0.593954026699,-0.692312180996,-0.590631067753,-0.426818549633,-0.087913088500,0.048318125308,0.194602280855,0.473960757256,0.523121714592,0.584312975407,0.649970054626,0.783393263817,1.003023862839,1.002938747406,0.945228636265,0.726540923119,0.394544810057,0.182940080762,-0.140068918467,-0.389102935791,-0.463397800922,-0.514243960381,-0.474843442440,-0.400009900331,-0.295920729637,-0.243555799127,-0.313232958317,-0.454552650452,-0.486835747957,-0.313899397850,-0.147562921047,0.125992387533,0.249983921647,0.111143082380,0.174374461174,0.110843703151,0.034175984561,0.078428938985,-0.058270581067,-0.031360290945,-0.058151617646,-0.193040505052,-0.250110805035,-0.464636921883,-0.670043408871,-0.779672980309,-0.762008786201,-0.788011670113,-0.759920418262,-0.429597944021,-0.235072135925,-0.060651700944,0.074923276901,0.060514539480,0.293318033218,0.395987451077,0.365341335535,0.524813234806,0.572378575802,0.551737964153,0.526970982552,0.409866213799,0.308174163103,0.182103782892,-0.005468738265,-0.112001024187,-0.043821524829,0.054645281285,0.035101495683,0.028460545465,0.031334109604,-0.024782203138,-0.059175245464,-0.189807385206,-0.212300896645,-0.003580567427,0.117747314274,0.328959733248,0.552519440651,0.596786499023,0.680462896824,0.610291182995,0.454740256071,0.476831614971,0.498478382826,0.447181105614,0.361140787601,0.163287386298,-0.120993755758,-0.279046952724,-0.315287798643,-0.407508969307,-0.591454088688,-0.680716037750,-0.480642199516,-0.224194720387,-0.060324378312,0.083542697132,0.154032066464,0.199515387416,0.239325165749,0.309255033731,0.374072760344,0.382995098829,0.531973302364,0.580012500286,0.301795363426,0.117206767201,0.047622911632,-0.122423715889,-0.264302015305,-0.386944532394,-0.401851892471,-0.282468795776,-0.248025223613,-0.191024810076,-0.202556088567,-0.416885763407,-0.569869995117,-0.638341784477,-0.545491337776,-0.286597818136,-0.095170907676,0.069906964898,0.162526249886,0.204299926758,0.274270623922,0.216078147292,0.176754266024,0.282686144114,0.376151889563,0.436604648829,0.307147502899,-0.000289285264,-0.128038674593,-0.255542188883,-0.461799174547,-0.552623569965,-0.731595218182,-0.674591124058,-0.362421065569,-0.244950503111,-0.072089299560,-0.004266296979,-0.016301525757,0.102794058621,0.058752827346,0.221463307738,0.513956964016,0.553986370564,0.595207929611,0.605840265751,0.581695199013,0.472688555717,0.265747517347,0.198917075992,0.168039649725,0.108748085797,0.064133279026,-0.036249089986,-0.073620922863,-0.014769364148,-0.142023980618,-0.423313885927,-0.600477814674,-0.554179608822,-0.248916596174,-0.018707703799,0.121393479407,0.278916060925,0.270200371742,0.310290217400,0.298949003220,0.253282964230,0.395700156689,0.442399293184,0.444257408381,0.437087267637,0.356257051229,0.130152195692,-0.185393124819,-0.356085419655,-0.600153386593,-0.685893476009,-0.686494648457,-0.783358573914,-0.483108222485,-0.277084916830,-0.251473814249,-0.128125011921,-0.165095493197,-0.075672037899,0.021664224565,0.131530553102,0.380550891161,0.526390492916,0.577927052975,0.355261445045,0.233307898045,0.303234577179,0.133222848177,-0.014236733317,-0.203708961606,-0.257974416018,-0.068320825696,-0.119130723178,-0.164864733815,-0.211188837886,-0.371956080198,-0.465556800365,-0.524581968784,-0.392995655537,-0.261812388897,-0.022408686578,0.323968321085,0.442131370306,0.659094333649,0.667484402657,0.555887877941,0.626114964485,0.471014678478,0.465932428837,0.496765077114,0.414007246494,0.385171115398,0.148807182908,-0.034189965576,-0.315995186567,-0.622077226639,-0.594911634922,-0.499042779207,-0.334820985794,-0.225561663508,-0.147303879261,-0.085094064474,-0.136474236846,-0.098857618868,-0.103149831295,-0.078707426786,0.092463001609,0.278419822454,0.413420081139,0.480674743652,0.501166045666,0.316793590784,0.117017522454,0.037853214890,-0.125381290913,-0.260834425688,-0.262046158314,-0.149009093642,-0.054216492921,-0.105440199375,-0.299954235554,-0.557063937187,-0.703094422817,-0.771135330200,-0.775685489178,-0.597931265831,-0.323677897453,-0.136982679367,0.009091864340,0.155194446445,0.083941891789,0.021623982117,0.195173636079,0.350784927607,0.560903131962,0.712484717369,0.637656152248,0.522706925869,0.250551372766,-0.067724116147,-0.285128295422,-0.472507596016,-0.499436318874,-0.467216461897,-0.294508218765,-0.031074076891,0.004089331720,0.069841697812,0.084088437259,0.008986147121,0.086844034493,0.128980278969,0.335391581059,0.519112169743,0.495663642883,0.633726060390,0.636630594730,0.519040763378,0.384553223848,0.145872339606,0.086102239788,0.025356661528,-0.076054520905,-0.101034894586,-0.139885529876,-0.174061968923,-0.290039807558,-0.355015307665,-0.460432350636,-0.611648619175,-0.418816238642,-0.118391327560,0.165974989533,0.364337772131,0.217990651727,0.151054561138,0.281118929386,0.308087974787,0.339026153088,0.407173067331,0.357600420713,0.238854467869,0.140961930156,-0.002011340111,-0.175820931792,-0.418713450432,-0.715732812881,-0.817275643349,-0.728686690331,-0.585720956326,-0.375889599323,-0.193129777908,-0.094881795347,0.001720155240,-0.003431469668,-0.061624992639,0.054098140448,0.240028977394,0.480795890093,0.703745007515,0.675361573696,0.584053218365,0.471686214209,0.242359966040,0.054387506098,-0.122827097774,-0.245861068368,-0.182795360684,-0.094182886183,-0.082942515612,-0.088771164417,-0.123704455793,-0.250597625971,-0.402317672968,-0.447178333998,-0.470937788486,-0.455579698086,-0.216726571321,0.036590363830,0.166886627674,0.299640685320,0.343635946512,0.335160225630,0.387667834759,0.466589838266,0.482917815447,0.397615730762,0.305958867073,0.218759670854,0.124845676124,-0.132472530007,-0.475855112076,-0.566933155060,-0.564946413040,-0.441440343857,-0.182833850384,-0.033134691417,0.170109316707,0.344294816256,0.368368715048,0.312788009644,0.203521177173,0.204749345779,0.323799014091,0.533023953438,0.670864403248,0.664088070393,0.599857687950,0.343936353922,0.107567586005,-0.055476155132,-0.258744210005,-0.250812500715,-0.184748709202,-0.231665998697,-0.269008159637,-0.264839261770,-0.338649064302,-0.550045609474,-0.648335397243,-0.639196276665,-0.443197250366,-0.090726852417,0.044766202569,0.189269840717,0.277208268642,0.265039443970,0.358130842447,0.253234386444,0.178365275264,0.191450193524,0.167262330651,0.253588408232,0.108690217137,-0.160530358553,-0.340307772160,-0.531213760376,-0.637819588184,-0.623375713825,-0.464071184397,-0.319436579943,-0.129905909300,0.202285528183,0.456171154976,0.547261416912,0.422744810581,0.430974364281,0.622823596001,0.570812106133,0.529395043850,0.592924594879,0.554720759392,0.454776406288,0.288371235132,0.118435010314,-0.107479736209,-0.375592648983,-0.463473767042,-0.355306327343,-0.238490730524,-0.166564449668,-0.080560892820,-0.130672529340,-0.287116706371,-0.390653580427,-0.409905523062,-0.320190340281,-0.247648507357,-0.118793010712,0.039008282125,0.108034156263,0.226975783706,0.204633176327,0.053374305367,0.012836124748,0.020659660921,0.075495056808,0.115921460092,0.147374719381,0.073078446090,-0.218012750149,-0.394491761923,-0.525757014751,-0.684612512589,-0.608664214611,-0.439934164286,-0.250775128603,-0.128983646631,-0.030947770923,0.139318883419,0.122784487903,0.133535400033,0.228846445680,0.261850863695,0.421639144421,0.560046494007,0.578402638435,0.599573135376,0.584272384644,0.363974481821,0.127477109432,0.018825648353,-0.153185427189,-0.158557102084,-0.087490446866,-0.070978425443,-0.042284425348,-0.165300607681,-0.175546184182,-0.231147900224,-0.376512706280,-0.241461008787,-0.132224947214,0.054066140205,0.392409652472,0.435430020094,0.561417341232,0.725699841976,0.335681855679,0.250147432089,0.452824443579,0.177346915007,0.216696977615,0.194787427783,-0.172574013472,-0.168693512678,-0.406272709370,-0.729587852955,-0.761032521725,-0.801498055458,-0.634792387486,-0.405467867851,-0.251125603914,-0.097595065832,0.088471591473,0.243088930845,0.275366157293,0.365943640471,0.397269815207,0.424779325724,0.608826816082,0.739547252655,0.670088946819,0.439461141825,0.303353160620,0.225450873375,0.063767217100,-0.183274388313,-0.404987603426,-0.410552650690,-0.401125609875,-0.302191644907,-0.095382861793,-0.104424417019,-0.174497500062,-0.261403590441,-0.367208749056,-0.283521413803,-0.099292337894,0.108319625258,0.312742263079,0.308063596487,0.253505736589,0.343314528465,0.338602781296,0.319089978933,0.325214326382,0.238643094897,0.187591612339,0.114010035992,0.012892775238,-0.171267941594,-0.422380387783,-0.557164311409,-0.656746506691,-0.648841679096,-0.471889287233,-0.181664973497,0.095548771322,0.215733662248,0.278471827507,0.267147272825,0.231922745705,0.219367474318,0.258102446795,0.384444028139,0.418124884367,0.467761039734,0.425561785698,0.226151570678,0.171640917659,0.036876484752,-0.154988706112,-0.224959656596,-0.307501286268,-0.319071471691,-0.220192119479,-0.072045169771,-0.136974409223,-0.270586609840,-0.200462281704,-0.370719850063,-0.465487927198,-0.162180498242,-0.056437809020,0.068703755736,0.407639265060,0.449076652527,0.340901255608,0.338591784239,0.255674302578,0.293061852455,0.432584017515,0.376049637794,0.331000864506,0.226399868727,0.115292802453,0.047512497753,-0.307075947523,-0.553278982639,-0.667978048325,-0.792385816574,-0.567770838737,-0.306779712439,-0.221486359835,-0.036158666015,0.215754076838,0.236987709999,0.252640515566,0.412523388863,0.395242273808,0.496205389500,0.662690341473,0.584331214428,0.552982985973,0.514947891235,0.244893953204,-0.018422851339,-0.117927074432,-0.283586770296,-0.260728567839,-0.045009501278,-0.035594973713,-0.008176207542,-0.031139507890,-0.137222811580,-0.181708022952,-0.182531639934,-0.118262544274,-0.131075546145,0.085621945560,0.390589147806,0.405847996473,0.448731422424,0.492962270975,0.453069001436,0.370508164167,0.354829162359,0.386750549078,0.312097281218,0.280535161495,0.150277704000,-0.022524785250,-0.269246131182,-0.664148807526,-0.786896884441,-0.805240988731,-0.679418146610,-0.426503628492,-0.375787824392,-0.159761637449,0.024844467640,-0.046366374940,0.000170043422,-0.013541340828,-0.105628833175,0.092864356935,0.372796833515,0.502633213997,0.561202406883,0.442635953426,0.323125272989,0.205392718315,-0.035768795758,-0.058777492493,-0.119517788291,-0.326722234488,-0.287652611732,-0.204803958535,-0.190940603614,-0.239118009806,-0.445552170277,-0.552417337894,-0.497470200062,-0.522351324558,-0.342847436666,0.051589973271,0.120702750981,0.251435369253,0.538428783417,0.521798729897,0.534564256668,0.555448889732,0.510309040546,0.549737989902,0.473658770323,0.401476085186,0.305077135563,0.030728496611,-0.264582425356,-0.390602231026,-0.489277601242,-0.732141494751,-0.618604362011,-0.420409262180,-0.417512238026,-0.097286470234,0.026464127004,-0.010596979409,0.168379396200,0.241301476955,0.322989940643,0.425677210093,0.603720188141,0.719568431377,0.607225358486,0.496148556471,0.342136621475,0.135073453188,-0.094134032726,-0.213117063046,-0.222488909960,-0.307035446167,-0.377527415752,-0.367470622063,-0.324849992990,-0.422950506210,-0.610916197300,-0.685540139675,-0.600876748562,-0.363283246756,-0.126312062144,0.120897263288,0.388781905174,0.554307758808,0.640442132950,0.608670532703,0.403264164925,0.313782423735,0.486501991749,0.550260007381,0.493398457766,0.326935261488,-0.037858694792,-0.317173302174,-0.512124776840,-0.587466657162,-0.658968806267,-0.778173685074,-0.585907757282,-0.300190061331,-0.082528427243,0.084102541208,0.154509589076,0.217297196388,0.246612459421,0.302644938231,0.361142128706,0.550313472748,0.821905434132,0.863400697708,0.726185560226,0.488126069307,0.277654618025,0.068162791431,-0.179469928145,-0.315759807825,-0.312125027180,-0.201024740934,-0.116506561637,-0.101693332195,-0.260219514370,-0.394270628691,-0.326465636492,-0.364657431841,-0.296295434237,-0.166128709912,-0.114143773913,0.106984563172,0.210548013449,0.252813339233,0.305086761713,0.196649000049,0.165694236755,0.188667148352,0.170772030950,0.143362775445,0.122626684606,0.020273754373,-0.248300105333,-0.532624542713,-0.664432346821,-0.589654922485,-0.630508184433,-0.619088530540,-0.334378033876,-0.229703962803,0.056575853378,0.451586306095,0.381508499384,0.322171062231,0.350753605366,0.365926146507,0.538472771645,0.630458056927,0.541468501091,0.458081007004,0.398078948259,0.191593423486,-0.089389339089,-0.290461659431,-0.361860960722,-0.437184542418,-0.450723320246,-0.252150565386,-0.209831655025,-0.120511807501,-0.036902844906,-0.300610810518,-0.393519192934,-0.431837409735,-0.396829128265,-0.076507672668,0.222865000367,0.470970064402,0.530555665493,0.601467132568,0.585276305676,0.417222619057,0.475078344345,0.354195594788,0.242415741086,0.266636818647,0.112806744874,-0.022586980835,-0.333733230829,-0.533003747463,-0.492266565561,-0.600310266018,-0.523418545723,-0.228227481246,0.052963543683,0.295530349016,0.389500916004,0.397154867649,0.482412129641,0.538330256939,0.501904189587,0.569921255112,0.582509934902,0.538251459599,0.531718611717,0.355488210917,0.253602594137,0.086520053446,-0.308722466230,-0.425153225660,-0.399170815945,-0.356377035379,-0.216923311353,-0.219715356827,-0.256762206554,-0.297651141882,-0.341863095760,-0.359606921673,-0.400977492332,-0.343721747398,-0.254053324461,-0.091552257538,0.042392190546,0.050437029451,0.132625207305,0.154180154204,0.137379467487,0.080732606351,-0.023856349289,0.021339014173,0.057350996882,0.063655786216,-0.033889088780,-0.283451706171,-0.485724389553,-0.720603108406,-0.836603105068,-0.737911283970,-0.617587208748,-0.453905731440,-0.182441145182,0.091022565961,0.157217159867,0.178145721555,0.254427671432,0.250619679689,0.310771495104,0.479835003614,0.674108445644,0.753785729408,0.703230977058,0.591625213623,0.359543830156,0.113730400801,-0.092096038163,-0.121555164456,-0.022999111563,-0.129236564040,-0.245370298624,-0.216489329934,-0.144161581993,-0.117513246834,-0.262616723776,-0.350369572639,-0.282593071461,-0.155457079411,0.128117874265,0.384370326996,0.492360353470,0.635965645313,0.627862811089,0.499284625053,0.510188102722,0.337470024824,0.249516382813,0.378167688847,0.120446883142,-0.074906446040,-0.188136056066,-0.529361248016,-0.656278848648,-0.814815163612,-0.956496655941,-0.921630382538,-0.786860108376,-0.404058873653,-0.178327322006,0.012153687887,0.182372003794,0.116050645709,0.230185717344,0.420509040356,0.622296154499,0.671555817127,0.572065830231,0.608860790730,0.447731375694,0.337065607309,0.211221069098,-0.141636565328,-0.305404484272,-0.464804708958,-0.528895497322,-0.529252231121,-0.545713543892,-0.367732554674,-0.398248881102,-0.444157838821,-0.407466441393,-0.456605970860,-0.286961555481,-0.113322302699,0.102695249021,0.372800618410,0.531367182732,0.595882773399,0.461082011461,0.515423834324,0.468041121960,0.233837679029,0.283017992973,0.119976460934,0.021478075534,0.033663179725,-0.253420054913,-0.397246807814,-0.599005758762,-0.731220126152,-0.608752191067,-0.535302817822,-0.309730112553,-0.128439411521,0.061443179846,0.331787675619,0.431215405464,0.461994111538,0.389151960611,0.464628517628,0.489491045475,0.421971648932,0.679074943066,0.675296485424,0.436374902725,0.204926684499,-0.124847054482,-0.287940889597,-0.439683854580,-0.438950866461,-0.289794504642,-0.259394556284,-0.196247264743,-0.218121543527,-0.268977493048,-0.294603794813,-0.395691514015,-0.376001268625,-0.175691127777,0.029919521883,0.098761186004,0.189986631274,0.353121280670,0.395751327276,0.366595476866,0.305271595716,0.245042875409,0.287281304598,0.245202943683,0.129500165582,0.056602649391,-0.253075689077,-0.512274980545,-0.613883256912,-0.878122389317,-0.856835305691,-0.739980995655,-0.670859992504,-0.346399873495,-0.226525574923,-0.080011270940,0.161377876997,0.172101274133,0.287692666054,0.393942505121,0.478877395391,0.591763854027,0.569385051727,0.572029769421,0.504469871521,0.374888986349,0.190405935049,-0.082513496280,-0.197667047381,-0.331026136875,-0.329368799925,-0.074692115188,-0.013213089667,0.091895893216,0.167914733291,0.042583875358,0.087199382484,0.098037458956,0.069375187159,0.081675373018,0.136248379946,0.433228373528,0.583123624325,0.465108782053,0.315149426460,0.248814165592,0.304779052734,0.271987557411,0.315153658390,0.321947813034,0.123244725168,0.081375747919,-0.004901325330,-0.252959698439,-0.515453636646,-0.650705397129,-0.573164820671,-0.684693455696,-0.620690226555,-0.234051793814,-0.180482536554,-0.195257648826,-0.210096403956,-0.286756664515,-0.207944974303,-0.209711760283,-0.101830884814,0.056847423315,0.106095984578,0.269606024027,0.261690974236,0.123994797468,-0.000642714498,-0.117909148335,-0.112238176167,-0.214997902513,-0.306817561388,-0.288145899773,-0.312925606966,-0.312806516886,-0.348108887672,-0.441332936287,-0.590481817722,-0.636807024479,-0.517079353333,-0.379913359880,-0.081495985389,0.196341946721,0.316064417362,0.457642644644,0.454921603203,0.394417881966,0.550638496876,0.770214736462,0.770322442055,0.621735930443,0.490750670433,0.323480725288,0.154603213072,-0.121755167842,-0.457595437765,-0.570700407028,-0.601443171501,-0.587564647198,-0.469732671976,-0.287970900536,-0.037580225617,0.091450199485,0.156263723969,0.272567600012,0.309065401554,0.375773519278,0.627207040787,0.790070176125,0.704893350601,0.641405403614,0.492046415806,0.296873986721,0.120302125812,-0.217130362988,-0.320973902941,-0.388921439648,-0.392774015665,-0.208644613624,-0.412178397179,-0.479308664799,-0.494076043367,-0.699687838554,-0.672717452049,-0.712655127048,-0.584525287151,-0.364818930626,-0.151179715991,0.208443924785,0.312323927879,0.395200669765,0.368858307600,0.266454547644,0.326926738024,0.257190376520,0.312001585960,0.325847178698,0.154294461012,-0.050087571144,-0.378736376762,-0.515828907490,-0.624585449696,-0.750361025333,-0.668797254562,-0.535142183304,-0.288534253836,-0.065376438200,0.022546177730,-0.024991948158,-0.074103683233,0.070792242885,0.222461462021,0.414725482464,0.570229351521,0.612828016281,0.652607321739,0.600803971291,0.517043113708,0.327922433615,0.121096596122,0.018069570884,-0.045119363815,-0.027959972620,-0.115083381534,-0.134581714869,-0.073821365833,-0.165418520570,-0.168940648437,-0.211806416512,-0.324543982744,-0.255035966635,-0.077197365463,0.057946577668,0.139377564192,0.309548079967,0.435081213713,0.435849696398,0.382591098547,0.250254064798,0.235847145319,0.283642858267,0.222401633859,0.205838084221,0.198317885399,-0.054755751044,-0.363856047392,-0.448601424694,-0.580960869789,-0.622425138950,-0.418748706579,-0.352403014898,-0.180095046759,0.036247286946,-0.028859188780,0.033530291170,0.111873105168,0.134838327765,0.352529555559,0.448010385036,0.464877456427,0.434736013412,0.341995775700,0.366629332304,0.180707141757,0.004791229498,-0.163017928600,-0.502697527409,-0.405633002520,-0.293162643909,-0.368786931038,-0.319674640894,-0.386165052652,-0.327768325806,-0.353785604239,-0.482990145683,-0.417299598455,-0.371984511614,-0.156153574586,0.077612407506,0.224201083183,0.404918730259,0.437644153833,0.398865252733,0.347204327583,0.450625181198,0.476575732231,0.360941469669,0.431736946106,0.283232748508,0.132105991244,0.124462388456,-0.054656159133,-0.091431707144,-0.182305857539,-0.299168527126,-0.184154704213,-0.059657044709,0.111742399633,0.212669759989,0.267921864986,0.366035640240,0.319096058607,0.309011936188,0.435617208481,0.505410671234,0.531598389149,0.637965440750,0.616030037403,0.279739350080,0.010754399933,-0.046938702464,-0.133694529533,-0.116799816489,-0.018279086798,-0.084903568029,-0.139190897346,-0.192876547575,-0.308241873980,-0.306522905827,-0.506509602070,-0.773183226585,-0.689482152462,-0.591216862202,-0.393050372601,-0.100962094963,-0.051962036639,-0.066568411887,-0.152122214437,-0.054553702474,0.165715843439,0.024267369881,-0.016341218725,0.063160158694,0.008074256591,-0.049551628530,-0.248155847192,-0.420969605446,-0.622949659824,-0.781601846218,-0.701374232769,-0.674490869045,-0.543274104595,-0.317039698362,-0.156496092677,-0.022313350812,0.092639990151,0.242832273245,0.258053034544,0.360797226429,0.509654760361,0.554216444492,0.725539088249,0.747944414616,0.664639890194,0.422738492489,0.045175440609,-0.070856042206,-0.163767188787,-0.144141197205,-0.034700885415,-0.041577924043,-0.001369178179,-0.026496773586,-0.091700248420,-0.202087640762,-0.351419299841,-0.363314807415,-0.150428846478,0.181111797690,0.348245799541,0.466122448444,0.546251356602,0.524823009968,0.581245362759,0.602019488811,0.575266659260,0.550398766994,0.476698249578,0.329220205545,0.050085313618,-0.245583266020,-0.485982626677,-0.646854639053,-0.754971325397,-0.891384959221,-0.886534154415,-0.667284369469,-0.380186498165,-0.148752778769,-0.010480982251,0.104695126414,0.198507845402,0.189024850726,0.229203253984,0.489497184753,0.591138243675,0.521309077740,0.603829801083,0.479854464531,0.234726428986,0.227999329567,0.092003792524,-0.317047148943,-0.460155665874,-0.458512544632,-0.708164334297,-0.498590797186,-0.297290503979,-0.652214169502,-0.587635815144,-0.552594184875,-0.658415436745,-0.305109292269,-0.024017078802,0.201813712716,0.435978174210,0.501349329948,0.560564160347,0.646911740303,0.637389242649,0.510440349579,0.472326755524,0.369512587786,0.236911490560,0.137548804283,-0.092003121972,-0.243317753077,-0.491197377443,-0.686252355576,-0.706190764904,-0.753255963326,-0.505733013153,-0.239004954696,-0.025458691642,0.186136156321,0.251635998487,0.460385203362,0.492731571198,0.540505886078,0.741164743900,0.657413959503,0.670990705490,0.666836619377,0.551088511944,0.438790917397,0.112554840744,-0.110360227525,-0.284353673458,-0.404646247625,-0.397464722395,-0.473508656025,-0.376698702574,-0.310372352600,-0.338920772076,-0.260785669088,-0.301672458649,-0.295663744211,-0.139643162489,0.059872668236,0.273451983929,0.450228333473,0.566022813320,0.595803499222,0.586478590965,0.486275851727,0.427384734154,0.393857687712,0.272096037865,0.301507085562,0.169724881649,-0.141217410564,-0.269356548786,-0.553936302662,-0.802990913391,-0.802797257900,-0.811668872833,-0.648473143578,-0.424914211035,-0.277553379536,-0.032306220382,0.233830794692,0.421059757471,0.491116285324,0.501113414764,0.570462346077,0.644497275352,0.659140527248,0.708219349384,0.650715291500,0.369443446398,0.179054096341,0.044877752662,-0.278814405203,-0.461429536343,-0.369967341423,-0.441107332706,-0.425820708275,-0.159297943115,-0.168758407235,-0.080287039280,0.105849057436,-0.065554201603,-0.100433669984,0.025526825339,0.267296969891,0.526763319969,0.473556905985,0.580651640892,0.606368839741,0.382891058922,0.394034504890,0.266601651907,0.082776874304,0.151065304875,0.193975806236,0.053222190589,-0.066127829254,-0.131375700235,-0.422762751579,-0.401082366705,-0.288309663534,-0.549351751804,-0.376263231039,-0.253045976162,-0.359080553055,-0.095002405345,-0.058519791812,-0.082794360816,-0.005628305487,-0.046068325639,0.175846710801,0.307999491692,0.304177105427,0.407210290432,0.288627117872,0.144736528397,0.034408017993,-0.123143292964,-0.173494338989,-0.286642700434,-0.390547126532,-0.317544937134,-0.243823438883,-0.277808517218,-0.267131567001,-0.278126120567,-0.458558946848,-0.471287399530,-0.309692472219,-0.245978668332,-0.163622409105,-0.007460086141,0.158149078488,0.270000815392,0.345817834139,0.477211833000,0.541436791420,0.494496732950,0.599726438522,0.642201304436,0.436269342899,0.428167253733,0.369318336248,0.044999007136,-0.266860276461,-0.668025374413,-0.847242355347,-0.623741209507,-0.371361762285,-0.252798229456,-0.174651339650,-0.024153722450,0.105722442269,0.234858229756,0.321845114231,0.370983660221,0.549624264240,0.685215294361,0.808370292187,0.913823723793,0.796278655529,0.563789784908,0.233569383621,-0.062521398067,-0.268778681755,-0.444727927446,-0.417723357677,-0.353248804808,-0.282161951065,-0.252801269293,-0.408231079578,-0.455011665821,-0.599344313145,-0.728740513325,-0.469409346581,-0.306480616331,-0.176407068968,0.122686214745,0.375089079142,0.534953355789,0.478986412287,0.527224779129,0.603284537792,0.438815891743,0.510747253895,0.478819638491,0.231960043311,0.152137756348,-0.135490879416,-0.475511193275,-0.724955022335,-0.885585486889,-0.836526513100,-0.664513051510,-0.326376438141,-0.226535528898,-0.139131918550,0.095146849751,0.065050050616,0.202745169401,0.297238737345,0.270429998636,0.476275950670,0.509383976460,0.493316471577,0.505691707134,0.391376733780,0.275016129017,0.077229119837,-0.094416826963,-0.214763343334,-0.297267049551,-0.140643820167,-0.032671749592,-0.217764541507,-0.340034425259,-0.311573892832,-0.365750730038,-0.457799702883,-0.473147869110,-0.469164431095,-0.330176919699,-0.020405497402,0.172966003418,0.325695872307,0.398769199848,0.320205688477,0.372234880924,0.351080566645,0.393092781305,0.518547177315,0.368121355772,0.347739875317,0.285877943039,0.033347874880,-0.172761887312,-0.529714763165,-0.641683340073,-0.475151419640,-0.360373049974,-0.228934466839,-0.119835391641,0.045457109809,0.199791878462,0.315011769533,0.354126513004,0.299510061741,0.441235393286,0.713909566402,0.926153481007,0.896375477314,0.615821957588,0.389022231102,0.217974618077,0.062853932381,-0.098443105817,-0.261941134930,-0.182525694370,-0.045659303665,-0.191513270140,-0.298357903957,-0.200083464384,-0.373557269573,-0.559600770473,-0.335788100958,-0.377349555492,-0.428783863783,-0.035536892712,0.126013055444,0.308307319880,0.482951760292,0.357656240463,0.432984322309,0.334681332111,0.145884335041,0.313731759787,0.310997694731,0.124704644084,0.122912473977,0.064862325788,-0.243962496519,-0.361303657293,-0.333206146955,-0.387082248926,-0.257372766733,-0.200274601579,-0.177457720041,0.048734039068,0.204385444522,0.209350883961,0.192218363285,0.224303111434,0.220542654395,0.347764551640,0.479230761528,0.468207806349,0.499715179205,0.351037889719,0.318353563547,0.255435377359,-0.099712871015,-0.170953795314,-0.227259233594,-0.270661175251,-0.180508315563,-0.201276853681,-0.118479222059,-0.152874663472,-0.243211239576,-0.321286350489,-0.518841862679,-0.450474023819,-0.342149734497,-0.247248724103,0.016199739650,0.079779520631,0.016068046913,-0.014492572285,0.057466957718,0.056791793555,-0.068836450577,0.128296181560,0.217232003808,0.128721997142,0.167992815375,-0.042463093996,-0.213495969772,-0.323630630970,-0.455492287874,-0.378223836422,-0.406933635473,-0.342466890812,-0.132030501962,-0.044102776796,0.034440770745,0.061811551452,0.120058141649,0.198976308107,0.358136892319,0.632871091366,0.707203567028,0.626114606857,0.473277211189,0.400902152061,0.475360304117,0.319024384022,0.005412789993,-0.189942821860,-0.226800277829,-0.142112359405,-0.158098012209,-0.228174522519,-0.237295612693,-0.354713290930,-0.469339281321,-0.431892454624,-0.360274523497,-0.282542496920,-0.073330067098,0.223246708512,0.307088583708,0.319308757782,0.440180093050,0.423694401979,0.366778403521,0.310326933861,0.219962865114,0.227761864662,0.134680807590,-0.026748619974,-0.133974879980,-0.403040051460,-0.692392289639,-0.717995464802,-0.706384658813,-0.806893706322,-0.647688984871,-0.281657427549,-0.123363643885,0.037319369614,0.217423915863,0.171926498413,0.271916389465,0.496189236641,0.546586275101,0.563383638859,0.574287533760,0.643774211407,0.632954776287,0.410445392132,0.130093768239,-0.205044016242,-0.369559079409,-0.398706376553,-0.406484425068,-0.262045174837,-0.209027960896,-0.263293236494,-0.252788513899,-0.183023527265,-0.236954838037,-0.373080253601,-0.245047286153,-0.037308897823,0.165319100022,0.333085685968,0.368333131075,0.407938063145,0.285053312778,0.277548909187,0.363943219185,0.187814757228,0.145294591784,0.083415739238,-0.100327931345,-0.230054646730,-0.513619422913,-0.712787151337,-0.780957579613,-0.829229593277,-0.758006513119,-0.571008741856,-0.282886743546,-0.076259158552,0.069996036589,0.205957293510,0.302988320589,0.380137979984,0.398608922958,0.563812971115,0.640594601631,0.483963042498,0.512827694416,0.458844065666,0.237414970994,0.109806001186,-0.204206138849,-0.492773294449,-0.497107565403,-0.435250222683,-0.296981960535,-0.255185514688,-0.307621777058,-0.302655339241,-0.328168123960,-0.214206472039,-0.098860941827,-0.028276257217,0.151073753834,0.281567454338,0.498929977417,0.647521138191,0.645923078060,0.657859325409,0.603845953941,0.550736963749,0.342004150152,0.266517281532,0.239617764950,-0.072618626058,-0.087715946138,-0.182558700442,-0.476701527834,-0.606119513512,-0.782691538334,-0.751170992851,-0.752684116364,-0.638272821903,-0.191128492355,0.007139410824,0.202472969890,0.417832553387,0.477990478277,0.550014257431,0.553334832191,0.634385466576,0.819616556168,0.890980064869,0.721598565578,0.499150246382,0.235065504909,-0.193231329322,-0.396645009518,-0.496155142784,-0.555469870567,-0.349363446236,-0.292534768581,-0.275041937828,-0.153811991215,-0.211306929588,-0.178760722280,-0.046737238765,-0.025563852862,0.100291959941,0.280125081539,0.406475305557,0.535676538944,0.552443563938,0.548145294189,0.473706334829,0.259073436260,0.153337910771,0.103129342198,0.064489722252,-0.022922970355,-0.258344084024,-0.517927527428,-0.714439630508,-0.729643702507,-0.781428694725,-0.850713729858,-0.673945188522,-0.574562847614,-0.413332551718,-0.121095426381,-0.053505707532,0.033307977021,0.124521479011,0.129803106189,0.196094393730,0.293148070574,0.424827277660,0.463086992502,0.476627498865,0.395478308201,0.148377239704,-0.003283326281,-0.249532833695,-0.489024668932,-0.518336534500,-0.562383115292,-0.552372574806,-0.473218381405,-0.390730470419,-0.398198127747,-0.485130965710,-0.387114316225,-0.311338156462,-0.344466358423,-0.175911858678,0.072765775025,0.337945133448,0.591026842594,0.658756077290,0.630979120731,0.529736220837,0.501967966557,0.483191996813,0.360590368509,0.413757711649,0.317444980145,0.063686050475,-0.076253876090,-0.331571370363,-0.560370862484,-0.730868279934,-0.770269632339,-0.695712387562,-0.591981589794,-0.273339897394,-0.067639000714,0.124183326960,0.308740675449,0.249679222703,0.360264867544,0.510528624058,0.617070913315,0.728594124317,0.648124575615,0.544858157635,0.455947101116,0.310687810183,0.054745778441,-0.202174633741,-0.415110141039,-0.575156390667,-0.503849983215,-0.503334939480,-0.496716588736,-0.321029603481,-0.373316317797,-0.485405951738,-0.500165283680,-0.486013889313,-0.290179193020,-0.049849994481,0.122972995043,0.315333455801,0.413970053196,0.411573171616,0.395181238651,0.313758403063,0.341661006212,0.368062585592,0.179732888937,0.104805305600,0.025597259402,-0.187023267150,-0.276823580265,-0.490450799465,-0.759396970272,-0.807262718678,-0.830627441406,-0.675804674625,-0.354953914881,-0.175172016025,0.027477968484,0.114993907511,0.075864575803,0.236571654677,0.340046465397,0.448971688747,0.596946418285,0.587281465530,0.682444155216,0.596855461597,0.346441656351,0.266757607460,0.025561694056,-0.240329340100,-0.316698640585,-0.345414131880,-0.307177215815,-0.197784096003,-0.221174970269,-0.352714180946,-0.253607124090,-0.279232442379,-0.472580939531,-0.408838957548,-0.340307503939,-0.112477593124,0.179269790649,0.241604954004,0.394193619490,0.422837466002,0.347268849611,0.251423835754,0.067210689187,0.143269926310,0.220854505897,0.228753089905,0.201445132494,-0.104181125760,-0.405138581991,-0.696688830853,-0.920894622803,-0.896438062191,-0.792590498924,-0.616123020649,-0.470131546259,-0.332792788744,-0.068930581212,0.146884530783,0.228515490890,0.340969622135,0.509546518326,0.570363640785,0.699928462505,0.871737241745,0.805055499077,0.672693789005,0.426335990429,0.086137123406,-0.142183244228,-0.356958121061,-0.411257207394,-0.348968327045,-0.350095927715,-0.369700580835,-0.417475670576,-0.355048269033,-0.290641516447,-0.407780110836,-0.513574063778,-0.401950329542,-0.169711619616,-0.049498859793,0.215713143349,0.570957839489,0.561543166637,0.488305330276,0.458644568920,0.336905896664,0.319875240326,0.255219131708,0.169957622886,0.233229890466,0.112959668040,-0.217426210642,-0.318090379238,-0.227247938514,-0.323005348444,-0.429102748632,-0.291401535273,-0.103380337358,0.157679855824,0.350622802973,0.341489374638,0.388374716043,0.251379847527,0.182643100619,0.407014042139,0.389023244381,0.406331896782,0.537617266178,0.493171542883,0.325534105301,0.150242403150,0.089150875807,-0.131200134754,-0.368374466896,-0.395078212023,-0.267964541912,-0.130451723933,-0.321976989508,-0.425430983305,-0.333518534899,-0.431198328733,-0.598903775215,-0.712635636330,-0.569434583187,-0.371648073196,-0.343187808990,-0.215105861425,-0.017133655027,0.071011595428,0.034982390702,0.063551679254,0.122242331505,0.172557935119,0.292742282152,0.269117534161,0.172761157155,-0.057162839919,-0.315703064203,-0.327745109797,-0.516388118267,-0.746233344078,-0.726760566235,-0.663794219494,-0.488470852375,-0.354199141264,-0.319858610630,-0.141879141331,0.054894819856,0.154038801789,0.261392414570,0.430794179440,0.645059108734,0.841144621372,0.946303725243,0.863417804241,0.701304316521,0.622303426266,0.385254859924,0.061323601753,-0.025391506031,-0.113047838211,-0.139225378633,-0.001787054585,-0.153345987201,-0.321289032698,-0.281172990799,-0.378853678703,-0.357431739569,-0.320284783840,-0.365812927485,-0.119843967259,0.082809798419,0.284454733133,0.511054694653,0.441701084375,0.463720619678,0.444538891315,0.348781257868,0.355188876390,0.219623297453,0.199515804648,0.081179983914,-0.224854916334,-0.420580118895,-0.620293736458,-0.725648105145,-0.883198440075,-0.808334887028,-0.466584205627,-0.393833190203,-0.268489629030,-0.140071526170,-0.007460379042,0.183971464634,0.125785425305,0.069426596165,0.115286380053,0.422787547112,0.609911441803,0.441656261683,0.486586540937,0.375628620386,0.125134870410,-0.070081479847,-0.317919999361,-0.303205847740,-0.301987230778,-0.321241825819,-0.327825129032,-0.358107894659,-0.224758327007,-0.329966127872,-0.465359628201,-0.450898230076,-0.432868838310,-0.171408742666,0.127100154757,0.353487938643,0.380530416965,0.256722241640,0.297047555447,0.298034876585,0.318728089333,0.359993875027,0.300128042698,0.280117958784,0.195461571217,0.130192890763,0.047022823244,-0.251197189093,-0.527187407017,-0.733051180840,-0.715361952782,-0.380780041218,-0.346673876047,-0.337031960487,-0.025415563956,-0.069382332265,0.053361620754,0.424347221851,0.337774604559,0.430101335049,0.610995471478,0.620471954346,0.746990919113,0.561316668987,0.404831886292,0.367367416620,0.062400072813,-0.190105885267,-0.399706542492,-0.417519152164,-0.345744669437,-0.444780379534,-0.409714788198,-0.380038797855,-0.469030946493,-0.558846235275,-0.550550222397,-0.460726261139,-0.391009002924,-0.112681590021,0.246957659721,0.424932658672,0.495505541563,0.582961320877,0.695365071297,0.680955111980,0.579660475254,0.464229553938,0.416769385338,0.279350429773,-0.090726561844,-0.272755622864,-0.410750061274,-0.695613920689,-0.787789702415,-0.778682112694,-0.667624533176,-0.405611962080,-0.225409537554,-0.019250331447,0.291513442993,0.383446842432,0.335522711277,0.459333777428,0.569878518581,0.642951369286,0.802985370159,0.873893499374,0.734901428223,0.500542998314,0.388226777315,0.214843988419,-0.085590787232,-0.204051047564,-0.326409131289,-0.357169985771,-0.144288524985,-0.139029040933,-0.079593993723,0.136170148849,0.102201841772,0.046078890562,-0.016619406641,-0.051764141768,0.106983877718,0.263527095318,0.405943512917,0.527800023556,0.582217276096,0.518451988697,0.365252494812,0.183723241091,0.052851002663,0.115317098796,-0.007121254690,-0.256913244724,-0.389575272799,-0.641095995903,-0.687136292458,-0.624220550060,-0.783562302589,-0.892248094082,-0.767166256905,-0.404356211424,-0.141135185957,-0.017448384315,0.165677204728,0.238740965724,0.166750267148,0.147181242704,0.315883547068,0.491049468517,0.633775651455,0.593633830547,0.261250615120,0.207372158766,0.121661797166,-0.173384234309,-0.182689279318,-0.488300949335,-0.657538056374,-0.268600434065,-0.304122179747,-0.269030451775,-0.006459619384,-0.161468252540,-0.217378452420,-0.251486271620,-0.324270308018,-0.047845259309,0.268175244331,0.537539422512,0.673797249794,0.610521912575,0.642138302326,0.709571242332,0.691329121590,0.560487806797,0.355763643980,0.263147473335,0.233147129416,0.104383237660,-0.024351207539,-0.166471913457,-0.464268058538,-0.608635187149,-0.512198746204,-0.402620196342,-0.246224746108,-0.154210358858,-0.047499500215,0.168146833777,0.270341664553,0.366746902466,0.468180328608,0.389568835497,0.400448262691,0.613542556763,0.669739127159,0.561485767365,0.425939559937,0.252277761698,0.065948091447,-0.189306005836,-0.321835368872,-0.375133037567,-0.493199348450,-0.478352338076,-0.535161614418,-0.588115036488,-0.484534174204,-0.482296347618,-0.518400907516,-0.595359623432,-0.470478087664,-0.112674668431,0.058376308531,0.237461254001,0.350844025612,0.328276932240,0.338054805994,0.171491369605,0.059891626239,0.110127218068,0.168580502272,0.211080119014,0.074457004666,-0.140396907926,-0.336264133453,-0.470358252525,-0.521779775620,-0.683322608471,-0.851469039917,-0.690775215626,-0.253097265959,-0.030287476256,-0.083942599595,0.037684082985,0.273788779974,0.304694026709,0.296144694090,0.476816892624,0.618409514427,0.658312797546,0.875131368637,0.914206147194,0.478017091751,0.171455189586,0.100844092667,-0.206716135144,-0.361215442419,-0.242411568761,-0.314335376024,-0.242928788066,-0.226530373096,-0.321145981550,-0.140322789550,-0.269866198301,-0.391308873892,-0.337562829256,-0.286407381296,0.194689691067,0.438421159983,0.488278359175,0.615974068642,0.469089955091,0.390030711889,0.340580582619,0.400068521500,0.484738796949,0.482888519764,0.492164701223,0.155437618494,-0.062912479043,-0.295785516500,-0.718527793884,-0.716354310513,-0.883962690830,-1.068309187889,-0.795251131058,-0.549495041370,-0.170376449823,0.177507489920,0.196935802698,0.278130531311,0.394209444523,0.451994836330,0.732969880104,1.033494710922,1.091933488846,0.961696803570,0.537253797054,0.315224051476,0.340126514435,-0.045990638435,-0.311760485172,-0.386609017849,-0.601362645626,-0.388034284115,-0.129353612661,-0.272902369499,-0.365800380707,-0.455459445715,-0.591284692287,-0.497071743011,-0.320731163025,-0.063990287483,0.318018525839,0.425729095936,0.532656013966,0.674327909946,0.538845837116,0.629044055939,0.601608991623,0.425727814436,0.581969857216,0.461385011673,0.276583522558,0.218075141311,0.034492749721,-0.082777149975,-0.417535513639,-0.663163781166,-0.551584303379,-0.404933750629,-0.166223615408,0.009846732020,0.082473814487,0.116417534649,0.231676042080,0.424563616514,0.426674544811,0.497504472733,0.646452665329,0.904741704464,1.077907085419,0.712516486645,0.553924798965,0.433384120464,-0.048716563731,-0.163885384798,-0.293043911457,-0.500242471695,-0.440505504608,-0.472317457199,-0.432448267937,-0.442481368780,-0.600939929485,-0.576252222061,-0.569083213806,-0.624606370926,-0.447869986296,-0.041480656713,0.080706834793,0.053628187627,0.266447663307,0.159795552492,0.208878368139,0.544899344444,0.326191276312,0.229737848043,0.275126844645,0.117709644139,0.128883302212,-0.143744930625,-0.541195571423,-0.685765802860,-0.800362110138,-0.767171025276,-0.682659149170,-0.537142038345,-0.294543534517,-0.205789610744,-0.017468951643,0.227595224977,0.314050704241,0.499791622162,0.604468166828,0.529197812080,0.624706804752,0.844911098480,0.838761448860,0.724692106247,0.723961174488,0.459451556206,0.052072651684,-0.131539091468,-0.226825997233,-0.193470895290,-0.132104367018,-0.072527818382,-0.069471441209,-0.254813909531,-0.336822658777,-0.322622478008,-0.322820901871,-0.318356633186,-0.096283040941,0.309204250574,0.404770106077,0.507987618446,0.691495776176,0.626785814762,0.486044108868,0.317259460688,0.299088388681,0.289045602083,0.171892315149,0.116765111685,-0.036017011851,-0.264414757490,-0.619127929211,-0.873037397861,-0.877932667732,-0.859583735466,-0.606721401215,-0.334566444159,-0.258296787739,-0.169896259904,-0.060743983835,0.051410447806,0.097149908543,0.113271467388,0.168146267533,0.419787108898,0.681058406830,0.577257037163,0.480274468660,0.468655139208,0.235551178455,-0.081128098071,-0.194195419550,-0.183988839388,-0.353332519531,-0.347766995430,-0.145086482167,-0.307218790054,-0.431282371283,-0.223187640309,-0.244605436921,-0.470002681017,-0.526180863380,-0.378513664007,-0.072590306401,0.088884018362,0.185025990009,0.449332565069,0.419470727444,0.271370202303,0.404684036970,0.390356868505,0.290018945932,0.293170988560,0.235587731004,0.222158595920,0.000237868822,-0.326160043478,-0.377057313919,-0.603655934334,-0.776015043259,-0.625113546848,-0.547292172909,-0.276133954525,-0.000899602892,0.068596601486,0.214700013399,0.257951647043,0.277473658323,0.290653318167,0.370819747448,0.666832268238,0.803500592709,0.779478192329,0.659690141678,0.455754846334,0.249052286148,-0.015492816456,-0.162947699428,-0.344893574715,-0.428394824266,-0.266893565655,-0.286470115185,-0.274882167578,-0.289789557457,-0.416571348906,-0.343870818615,-0.316146939993,-0.279762923717,-0.114367574453,0.140987083316,0.387172460556,0.494596481323,0.555970430374,0.395435929298,0.260352462530,0.349086076021,0.405341506004,0.432689368725,0.352415651083,0.239532634616,0.011675050482,-0.305460691452,-0.462332040071,-0.651660621166,-0.704628229141,-0.656711518764,-0.673906624317,-0.457090288401,-0.259997040033,-0.125667273998,0.096602581441,0.174675181508,0.290076047182,0.377811133862,0.318773120642,0.463175863028,0.638231039047,0.688765048981,0.734536767006,0.613718867302,0.421396225691,0.222371801734,-0.045659337193,-0.202050477266,-0.245200008154,-0.235213041306,-0.163125500083,-0.099669039249,-0.086121074855,-0.083368882537,-0.112082459033,-0.224840119481,-0.308989852667,-0.269643515348,-0.034407135099,0.242670491338,0.300431758165,0.328298896551,0.405120491982,0.402266979218,0.396552413702,0.402589440346,0.305171042681,0.225439682603,0.257657855749,0.087064586580,-0.177283138037,-0.362648427486,-0.580139696598,-0.686315596104,-0.825208485126,-0.863448619843,-0.689875602722,-0.559249341488,-0.301375955343,-0.046732433140,0.127119943500,0.186873421073,0.150757834315,0.369954586029,0.480913907290,0.551164269447,0.795743048191,0.730277597904,0.482380300760,0.231476128101,-0.005995742045,-0.228046789765,-0.488647103310,-0.595381677151,-0.621742904186,-0.594600260258,-0.472438782454,-0.357446908951,-0.311273664236,-0.403100818396,-0.500546813011,-0.447678148746,-0.195663779974,0.091514401138,0.337971627712,0.556118607521,0.542076110840,0.481135338545,0.518934667110,0.582411229610,0.601751446724,0.487666517496,0.402940511703,0.257944762707,0.063870906830,-0.105579078197,-0.330176144838,-0.494392216206,-0.716723382473,-0.824903190136,-0.715355515480,-0.575567543507,-0.299052089453,-0.095102608204,0.039743918926,0.209687799215,0.307833731174,0.476958662271,0.466614097357,0.299850910902,0.455588817596,0.663390696049,0.625095725060,0.540345430374,0.284669548273,-0.059887614101,-0.115735568106,-0.213004380465,-0.403695195913,-0.312169313431,-0.246379822493,-0.318712264299,-0.316638708115,-0.357517302036,-0.379672557116,-0.392601847649,-0.493767708540,-0.427544116974,-0.294493913651,-0.193660482764,0.047396477312,0.229381233454,0.341802179813,0.402629613876,0.321884274483,0.253920435905,0.153732389212,0.087950944901,0.192090556026,0.234043136239,0.097787007689,-0.092629916966,-0.326384454966,-0.612532317638,-0.745464146137,-0.676889359951,-0.596700370312,-0.471406042576,-0.295497059822,-0.153829559684,-0.000941092847,0.042808189988,0.059988871217,0.186857864261,0.285560935736,0.504989624023,0.648007750511,0.548635125160,0.551217019558,0.464350998402,0.263667911291,0.124095626175,-0.026749314740,-0.160136118531,-0.400054365396,-0.533747673035,-0.434389352798,-0.352141737938,-0.384728461504,-0.560620844364,-0.645373642445,-0.652265131474,-0.572026789188,-0.357097476721,-0.261859744787,-0.008572123013,0.235871940851,0.313373923302,0.559066295624,0.563169360161,0.547172307968,0.618041098118,0.457063287497,0.527955174446,0.435326814651,0.188589975238,0.092659711838,-0.293417006731,-0.489462047815,-0.650667130947,-0.913904786110,-0.881106674671,-0.886578977108,-0.580800175667,-0.191552102566,-0.058831762522,0.130577906966,0.183311954141,0.369516938925,0.458128660917,0.484324187040,0.746438503265,0.758906066418,0.838103413582,0.785087943077,0.571191072464,0.475457221270,0.091904304922,-0.106845438480,-0.259925842285,-0.437399834394,-0.349183231592,-0.475987017155,-0.481407076120,-0.417308270931,-0.500552296638,-0.473583608866,-0.555517077446,-0.532891750336,-0.422864794731,-0.296122223139,0.054329771549,0.256589472294,0.342598050833,0.441557586193,0.347267955542,0.284925758839,0.402172237635,0.478732526302,0.465808033943,0.430926233530,0.233179643750,-0.030682658777,-0.207870334387,-0.371058374643,-0.476198524237,-0.633793294430,-0.701463103294,-0.570415318012,-0.478475511074,-0.321790009737,-0.161375507712,-0.066093578935,0.045417070389,0.220285966992,0.491505801678,0.623181104660,0.734830319881,0.921804368496,0.980282425880,0.783587098122,0.452953100204,0.286208599806,-0.040051493794,-0.314132094383,-0.302467137575,-0.528930008411,-0.640041232109,-0.612180173397,-0.630341768265,-0.569680511951,-0.698735833168,-0.738916337490,-0.659061431885,-0.586061120033,-0.370873242617,-0.108316138387,0.225989207625,0.403128743172,0.406268894672,0.444461256266,0.478673249483,0.490089982748,0.370433986187,0.320791721344,0.316462606192,0.135460570455,-0.044844076037,-0.316458106041,-0.578977823257,-0.690960526466,-0.805885732174,-0.795698046684,-0.679338932037,-0.477778971195,-0.185327202082,-0.054517146200,0.031392619014,0.255480676889,0.365497976542,0.388310819864,0.517465531826,0.622024774551,0.786795914173,0.973571062088,0.874237179756,0.681329607964,0.501052796841,0.210265889764,-0.014438324608,-0.259866863489,-0.461744040251,-0.374966144562,-0.296619981527,-0.269095391035,-0.321745723486,-0.447141528130,-0.388470262289,-0.427358359098,-0.418223172426,-0.235444933176,-0.167374983430,-0.039496965706,0.063233621418,0.142951101065,0.303548067808,0.475146204233,0.550723135471,0.304615557194,0.118523336947,0.072383016348,-0.019123842940,0.026467854157,-0.062378812581,-0.283448249102,-0.521634459496,-0.825728297234,-0.882288753986,-0.745633721352,-0.642194986343,-0.487915158272,-0.264575302601,-0.106154121459,-0.000576711318,0.095230534673,0.051938116550,0.053054548800,0.197878673673,0.274962365627,0.458570092916,0.592834711075,0.459321051836,0.391789168119,0.241892293096,0.005665665492,-0.096405588090,-0.254866421223,-0.387028634548,-0.376814037561,-0.269597291946,-0.228371143341,-0.287699401379,-0.363265842199,-0.491933524609,-0.445091754198,-0.420645684004,-0.421337127686,-0.120114229620,0.099155835807,0.394491910934,0.549074411392,0.277426958084,0.380318105221,0.380095571280,0.170559883118,0.351116359234,0.334492594004,0.202543035150,0.007777727209,-0.293956249952,-0.345146894455,-0.519522845745,-0.672394156456,-0.668839335442,-0.761583626270,-0.668054640293,-0.436218202114,-0.144412055612,0.161099061370,0.221896409988,0.216437995434,0.283416062593,0.352674245834,0.408181369305,0.536564528942,0.770289421082,0.768556714058,0.597962260246,0.472858577967,0.215021803975,-0.066099725664,-0.408575713634,-0.641638815403,-0.485817790031,-0.379372060299,-0.324289321899,-0.327464133501,-0.405327320099,-0.306319296360,-0.452170312405,-0.507743120193,-0.312603831291,-0.240501478314,0.104743994772,0.343829512596,0.402094006538,0.451273232698,0.326200723648,0.416947066784,0.381445497274,0.319360107183,0.376861125231,0.261033475399,0.277825266123,-0.005371630657,-0.331621974707,-0.368093311787,-0.564973235130,-0.594560623169,-0.631020605564,-0.626495838165,-0.377747625113,-0.198605164886,0.056162137538,0.152801766992,0.184053793550,0.329293578863,0.305483698845,0.443960011005,0.637016892433,0.644814014435,0.763261914253,0.807377696037,0.646515488625,0.447992086411,0.214639589190,0.036196287721,-0.089123897254,-0.212920695543,-0.226862102747,-0.190353244543,-0.223444491625,-0.347353786230,-0.499146968126,-0.552392661572,-0.559836268425,-0.550545632839,-0.397901445627,-0.132429495454,0.122208066285,0.346573114395,0.463382661343,0.395954996347,0.349275201559,0.334114432335,0.170532450080,0.089630037546,0.032178349793,-0.188316062093,-0.291606545448,-0.401738971472,-0.608857214451,-0.773030042648,-0.983490824699,-1.024064183235,-0.900521218777,-0.703861176968,-0.347747713327,-0.091163784266,0.081842482090,0.203109785914,0.230199322104,0.345429420471,0.436443448067,0.488401293755,0.559312701225,0.634691774845,0.688618361950,0.538325250149,0.317745029926,0.061746273190,-0.270433038473,-0.460097193718,-0.587761044502,-0.595349192619,-0.441334366798,-0.307553321123,-0.155258476734,-0.133992269635,-0.134203091264,-0.072661049664,-0.145217224956,-0.022261790931,0.266082108021,0.565936803818,0.778368651867,0.664633393288,0.613778769970,0.598576307297,0.567534089088,0.582202076912,0.409590363503,0.311630427837,0.125025957823,0.069482862949,0.123737998307,-0.364264994860,-0.543163836002,-0.508736968040,-0.859984278679,-0.826497435570,-0.488754093647,-0.281946718693,-0.067139469087,0.328409731388,0.384420216084,0.169051408768,0.458775043488,0.430864691734,0.197250962257,0.558266878128,0.699446380138,0.565035879612,0.475368171930,0.259319990873,0.020383810624,-0.179455220699,-0.429702848196,-0.716732621193,-0.783509910107,-0.617941260338,-0.397554963827,-0.286588490009,-0.281716912985,-0.313386559486,-0.461638867855,-0.478259265423,-0.379440605640,-0.188346788287,0.085167199373,0.131686985493,0.345519065857,0.530588686466,0.410027325153,0.359943121672,0.095202863216,0.023238033056,0.219627320766,0.074123851955,0.019040951505,-0.079090245068,-0.415463775396,-0.537014365196,-0.602846741676,-0.700617611408,-0.693030893803,-0.593773782253,-0.394454002380,-0.143836483359,0.119247585535,0.287638664246,0.362500160933,0.416525125504,0.435991525650,0.581649184227,0.758264839649,0.787917017937,0.820328176022,0.800821483135,0.630276679993,0.365802943707,0.096558108926,-0.129712924361,-0.363273888826,-0.498450547457,-0.525199234486,-0.512926459312,-0.397704362869,-0.316950172186,-0.294397294521,-0.246215343475,-0.249362185597,-0.233270645142,-0.199267759919,-0.095983147621,0.158431634307,0.416389942169,0.603483796120,0.543476641178,0.421568989754,0.499367833138,0.479492008686,0.398509681225,0.315437853336,0.223595291376,0.095459513366,-0.236938133836,-0.448536992073,-0.630306899548,-0.889136910439,-0.968537747860,-0.907912373543,-0.736906409264,-0.705891430378,-0.403179645538,0.076989829540,0.057567190379,0.247199386358,0.437362432480,0.323511660099,0.544071495533,0.746925234795,0.779051899910,0.702375113964,0.523293495178,0.498086035252,0.386221736670,0.121155381203,-0.083559907973,-0.315318435431,-0.498928755522,-0.411344468594,-0.296980053186,-0.272552847862,-0.173617273569,-0.292827278376,-0.524790227413,-0.484032660723,-0.396348595619,-0.241424679756,0.111667469144,0.298921614885,0.399908840656,0.685584187508,0.778769969940,0.774120748043,0.838474333286,0.755330264568,0.784169673920,0.659107029438,0.444196343422,0.435783892870,0.103500582278,-0.214292854071,-0.416943520308,-0.669384658337,-0.684475898743,-0.795856952667,-0.750374734402,-0.481033444405,-0.320816487074,-0.103952638805,0.061853714287,0.252648830414,0.368957668543,0.468237817287,0.642630696297,0.661558747292,0.841675162315,0.851122617722,0.600083112717,0.420414239168,0.086134515703,-0.178803011775,-0.455715626478,-0.630637526512,-0.572609961033,-0.627745568752,-0.602082133293,-0.679934144020,-0.793410420418,-0.671332597733,-0.639713943005,-0.600027620792,-0.437802195549,-0.176306635141,0.160479620099,0.482872068882,0.703120529652,0.652396559715,0.587150037289,0.570008695126,0.481203824282,0.498813480139,0.447858780622,0.270865470171,0.095605082810,-0.110495530069,-0.289933443069,-0.506266295910,-0.717912971973,-0.742918431759,-0.642736911774,-0.475614011288,-0.225734218955,0.023523174226,0.211836412549,0.338460296392,0.428864151239,0.541490197182,0.612011790276,0.633196175098,0.808497786522,0.885663270950,0.758705079556,0.833141744137,0.750072300434,0.483768075705,0.376165390015,0.072476923466,-0.211503624916,-0.332999229431,-0.344324618578,-0.201055213809,-0.219171434641,-0.164189636707,-0.214334368706,-0.458424329758,-0.383833348751,-0.428078591824,-0.498671770096,-0.134566724300,0.161217346787,0.315517485142,0.481140851974,0.449538767338,0.447898328304,0.520585536957,0.375116348267,0.269807219505,0.312646865845,0.276729106903,0.145589739084,-0.092916265130,-0.395351767540,-0.598854124546,-0.636273324490,-0.671146333218,-0.672418177128,-0.556788742542,-0.426638692617,-0.259616136551,-0.182073950768,-0.022788112983,0.241256967187,0.217331171036,0.306254744530,0.548529922962,0.559394896030,0.717177808285,0.932694733143,0.840778470039,0.634457111359,0.354186654091,0.019301028922,-0.218598604202,-0.383549094200,-0.437599241734,-0.398161143064,-0.401808440685,-0.314819395542,-0.209674909711,-0.317467063665,-0.314956784248,-0.288489550352,-0.454171270132,-0.293543308973,0.088650725782,0.365129798651,0.618675708771,0.673880279064,0.625312566757,0.595578730106,0.470781177282,0.431251257658,0.446032732725,0.326352298260,0.276000797749,0.137087002397,-0.225969925523,-0.380701690912,-0.513773262501,-0.706999659538,-0.699229538441,-0.663975477219,-0.404566347599,-0.129350602627,-0.087682940066,0.121422037482,0.252478033304,0.272115498781,0.482939749956,0.653347671032,0.636849045753,0.686890780926,0.783969104290,0.597707986832,0.459551781416,0.290194571018,-0.057750225067,-0.232754632831,-0.558877289295,-0.532344937325,-0.209502965212,-0.445172250271,-0.483632057905,-0.311353385448,-0.436098098755,-0.433974832296,-0.323725402355,-0.449715107679,-0.524428844452,-0.217770516872,-0.020241318271,0.157907098532,0.396574348211,0.258546203375,0.252282202244,0.406392604113,0.341850191355,0.290241748095,0.273972541094,0.259261518717,0.209381356835,0.132430374622,0.049155417830,-0.247689634562,-0.534107685089,-0.616210758686,-0.654989600182,-0.491583555937,-0.271946400404,-0.097545169294,0.149932414293,0.211689412594,0.202691525221,0.243644669652,0.366136819124,0.597836256027,0.726498425007,0.876574575901,0.995093822479,0.955120086670,0.766165912151,0.516108751297,0.391103863716,0.171664223075,-0.039290599525,-0.076018176973,-0.110720239580,-0.118697233498,-0.111336790025,-0.155156105757,-0.310072571039,-0.445270955563,-0.551500678062,-0.575114548206,-0.345202803612,-0.109723195434,0.155125916004,0.391416639090,0.421188622713,0.351778209209,0.227495342493,0.211883738637,0.196914747357,0.137892127037,0.072672255337,-0.032993808389,-0.122772283852,-0.316309809685,-0.418378591537,-0.635604918003,-0.878177344799,-0.743839025497,-0.736370623112,-0.527296006680,-0.167256250978,-0.101772859693,0.185679182410,0.281767338514,0.189182430506,0.374577373266,0.440512031317,0.376632332802,0.425242453814,0.605448722839,0.568608582020,0.396763563156,0.345858484507,0.088003598154,-0.120251305401,-0.144241809845,-0.195048213005,-0.179238438606,-0.120966389775,-0.008013727143,0.013759076595,-0.067636579275,-0.153382763267,-0.305467516184,-0.324467003345,-0.209357813001,-0.029592314735,0.306646645069,0.522984921932,0.542466044426,0.619484424591,0.596005856991,0.539620101452,0.564015090466,0.365246325731,0.264662384987,0.264792531729,0.119632579386,0.120276831090,-0.055580530316,-0.298447370529,-0.420707434416,-0.620072305202,-0.493034064770,-0.323595076799,-0.214461550117,0.007576980628,0.069325678051,0.190860822797,0.255563378334,0.327832251787,0.445260673761,0.374124288559,0.463679790497,0.546758115292,0.559092164040,0.566719472408,0.433882623911,0.256177723408,-0.106318108737,-0.372714996338,-0.518827199936,-0.640226542950,-0.435420572758,-0.348897904158,-0.430107593536,-0.289326041937,-0.260127246380,-0.413353353739,-0.387916773558,-0.345350354910,-0.295773059130,0.061169408262,0.239939078689,0.214123129845,0.417051583529,0.459940582514,0.402659058571,0.408587366343,0.206799432635,0.063642948866,0.054364837706,0.019810529426,-0.048059474677,-0.393743783236,-0.687956213951,-0.671586513519,-0.816060721874,-0.798925817013,-0.491092413664,-0.355192691088,-0.115523040295,0.143170744181,0.229482755065,0.346811413765,0.397082984447,0.410374522209,0.426437854767,0.508560836315,0.635748028755,0.763144135475,0.847149431705,0.567262828350,0.261746466160,0.058450665325,-0.172239631414,-0.204506471753,-0.347593605518,-0.371158152819,-0.261597037315,-0.303256124258,-0.109638318419,-0.112398713827,-0.295278459787,-0.234047010541,-0.260398417711,-0.152380779386,0.189484879375,0.393136829138,0.457403928041,0.524921298027,0.530613720417,0.424593061209,0.286658048630,0.172245085239,0.244705930352,0.275938928127,0.125627756119,-0.014362529851,-0.309243351221,-0.502245366573,-0.590553581715,-0.839168965816,-0.867030024529,-0.796073377132,-0.738714993000,-0.448062986135,-0.057186037302,0.213180571795,0.268396556377,0.311159044504,0.348635971546,0.382027506828,0.548139333725,0.622630178928,0.677321314812,0.638211786747,0.423649281263,0.316626876593,0.037070881575,-0.244839504361,-0.365504294634,-0.623958051205,-0.554256796837,-0.349942237139,-0.338945508003,-0.269588291645,-0.368863046169,-0.390765577555,-0.256910055876,-0.221296876669,-0.143513664603,-0.031252495944,0.186240881681,0.445106863976,0.706928372383,0.836912393570,0.711413681507,0.591327369213,0.421953082085,0.331734031439,0.242151170969,0.126426428556,0.208748504519,0.017572695389,-0.214005842805,-0.380938857794,-0.698226094246,-0.747757613659,-0.747234523296,-0.666458964348,-0.425767749548,-0.240639016032,0.031659089029,0.288058012724,0.413054853678,0.424218207598,0.497447818518,0.505170881748,0.606512367725,0.894243180752,0.679946184158,0.470681309700,0.380536228418,-0.006214425433,-0.199819266796,-0.414674043655,-0.632278203964,-0.741949319839,-0.793476402760,-0.597010910511,-0.471217662096,-0.366966485977,-0.326445430517,-0.406148970127,-0.381128042936,-0.331250816584,-0.203604727983,-0.030321072787,0.183173194528,0.353250175714,0.457283854485,0.511451423168,0.404830873013,0.411495923996,0.362575054169,0.201909810305,0.159162849188,0.027342148125,-0.061739388853,-0.181983292103,-0.403341531754,-0.552896738052,-0.797963202000,-0.912565767765,-0.815201461315,-0.663727462292,-0.259595453739,0.095419101417,0.147972330451,0.189203649759,0.264164328575,0.380088180304,0.517180263996,0.559625446796,0.587118566036,0.748982012272,0.939533650875,0.758045911789,0.384758204222,0.182714581490,-0.086816214025,-0.326236188412,-0.359055876732,-0.393225044012,-0.374696373940,-0.262766778469,-0.276334792376,-0.378607392311,-0.360406786203,-0.314698070288,-0.321102321148,-0.258494585752,-0.097249113023,0.154587075114,0.409678220749,0.536796331406,0.533875346184,0.455534636974,0.416217029095,0.417179882526,0.366408199072,0.343754589558,0.252455741167,0.097478352487,-0.062263738364,-0.415738135576,-0.585984468460,-0.660071969032,-0.890118956566,-0.730688929558,-0.524029552937,-0.484953433275,-0.315658628941,-0.167175620794,-0.009287673980,0.064893022180,0.096472553909,0.084261603653,0.157379001379,0.503182232380,0.742758810520,0.872765779495,0.778370797634,0.609571695328,0.507955670357,0.119961522520,-0.079473584890,-0.266193032265,-0.515338718891,-0.424709618092,-0.483845233917,-0.494916945696,-0.494918197393,-0.634701848030,-0.571649134159,-0.494562387466,-0.299660235643,-0.202507331967,-0.183300226927,0.143868163228,0.354609876871,0.369632899761,0.372823655605,0.408430367708,0.457425177097,0.400746822357,0.290535777807,0.241481587291,0.275535374880,0.140953704715,-0.040186788887,-0.168115288019,-0.488552659750,-0.696287751198,-0.758428931236,-0.774278402328,-0.578651607037,-0.416808992624,-0.286101520061,-0.106050282717,0.042906358838,0.218790009618,0.320014744997,0.331992417574,0.376880556345,0.523444414139,0.617101430893,0.603093385696,0.577972710133,0.444281429052,0.347468376160,0.203225210309,-0.074174560606,-0.130774453282,-0.141225919127,-0.249938800931,-0.209294572473,-0.169693440199,-0.334687888622,-0.523470461369,-0.630332767963,-0.768434107304,-0.779329299927,-0.540634810925,-0.309390842915,-0.059063363820,0.324852049351,0.509701788425,0.476044446230,0.517282843590,0.476733356714,0.383423507214,0.430759578943,0.366393715143,0.245975524187,0.158683180809,-0.061364021152,-0.223145410419,-0.374108403921,-0.593973815441,-0.622316658497,-0.608680129051,-0.672585964203,-0.584065735340,-0.387695848942,-0.170174747705,0.088562697172,0.219338864088,0.276083439589,0.445895642042,0.594859361649,0.774511039257,1.019351363182,1.051792144775,0.915997743607,0.632577478886,0.208394497633,-0.104237802327,-0.335350275040,-0.473867654800,-0.509561598301,-0.486387670040,-0.368428558111,-0.338084667921,-0.355212926865,-0.406679570675,-0.558092772961,-0.586892902851,-0.425695389509,-0.196803599596,-0.047146942466,0.137313559651,0.333118855953,0.367478817701,0.390266716480,0.298232585192,0.241530701518,0.255198508501,0.068055182695,0.091048002243,0.052403349429,-0.283452451229,-0.407585501671,-0.615892589092,-0.848483085632,-0.820834040642,-0.809480965137,-0.703101038933,-0.472727656364,-0.252359986305,-0.003522332991,0.191715791821,0.277392715216,0.349786847830,0.429213196039,0.448149174452,0.533304750919,0.690456390381,0.663584232330,0.529777586460,0.537872135639,0.446290582418,0.122808404267,-0.088193893433,-0.291503936052,-0.442686796188,-0.313552767038,-0.291698127985,-0.280544370413,-0.191294297576,-0.250532776117,-0.283859372139,-0.347494721413,-0.395749330521,-0.316708207130,-0.094968691468,0.140581592917,0.182025417686,0.306393563747,0.355474144220,0.311210393906,0.407109320164,0.340538799763,0.295734375715,0.294148266315,0.192205682397,0.110642917454,-0.003136864165,-0.117744795978,-0.418943196535,-0.651652574539,-0.660812079906,-0.717494368553,-0.545882463455,-0.351001113653,-0.228144600987,-0.114558599889,-0.136310711503,0.129537358880,0.351687580347,0.305608004332,0.300225228071,0.290232062340,0.465060591698,0.620753884315,0.633887350559,0.487785607576,0.195200726390,0.124366492033,-0.125353932381,-0.401588231325,-0.434956014156,-0.568718850613,-0.406688719988,-0.257605612278,-0.311531811953,-0.307538181543,-0.483243107796,-0.427699089050,-0.278199672699,-0.134127587080,0.147380322218,0.202052682638,0.432437688112,0.586415529251,0.527786195278,0.635206997395,0.431114584208,0.244240283966,0.243117958307,0.064601130784,-0.100853234529,-0.251047223806,-0.472400635481,-0.695282816887,-0.693801999092,-0.766246855259,-0.875281929970,-0.567506551743,-0.349713683128,-0.139466181397,0.204588204622,0.335005611181,0.485563397408,0.602084398270,0.570130467415,0.463058620691,0.482728689909,0.627739191055,0.616940021515,0.487263858318,0.241662278771,0.110706433654,-0.088997788727,-0.449579089880,-0.536590456963,-0.619251668453,-0.491748392582,-0.328039497137,-0.465996205807,-0.310480028391,-0.286800891161,-0.413115203381,-0.350430518389,-0.394735723734,-0.284608930349,-0.096902295947,0.153078168631,0.449712514877,0.546198010445,0.573078930378,0.463854193687,0.417246967554,0.342049449682,0.198926314712,0.195938453078,-0.015429787338,-0.053498458117,0.003617925337,-0.236314877868,-0.431571364403,-0.733321666718,-0.765880823135,-0.526770949364,-0.422281324863,-0.116936407983,0.008049170487,0.062279414386,0.301093071699,0.205500513315,0.131250455976,0.301527887583,0.490402728319,0.623074412346,0.595259845257,0.570932865143,0.468757212162,0.303416609764,0.182273074985,-0.068508259952,-0.306452572346,-0.454920053482,-0.443137675524,-0.295460402966,-0.244825586677,-0.206748664379,-0.223467707634,-0.157150059938,-0.061875771731,-0.246594250202,-0.189637035131,0.110510677099,0.269301116467,0.463851243258,0.525409698486,0.515604734421,0.587470173836,0.645231783390,0.704986035824,0.448260784149,0.180276632309,0.245186358690,0.111183047295,-0.032071862370,-0.091153167188,-0.514451622963,-0.830449402332,-0.820121943951,-0.937765777111,-0.806258440018,-0.334945112467,-0.250382095575,-0.175679087639,0.219815179706,0.359595417976,0.386194020510,0.445572882891,0.378686755896,0.460173606873,0.639610826969,0.631044387817,0.498498201370,0.302443325520,0.096290968359,-0.099537119269,-0.447489321232,-0.721156656742,-0.690016090870,-0.634396612644,-0.623071074486,-0.634057760239,-0.561887621880,-0.403176546097,-0.478720963001,-0.454130977392,-0.301506102085,-0.244897827506,0.097926966846,0.323918581009,0.350854903460,0.504793345928,0.409957259893,0.469956725836,0.656841874123,0.453146725893,0.378337979317,0.353357046843,0.156239941716,0.060999557376,-0.095603793859,-0.329314857721,-0.433298945427,-0.463818997145,-0.557432174683,-0.545205950737,-0.452930450439,-0.317298471928,0.056100834161,0.317846775055,0.454784452915,0.563598752022,0.483121305704,0.604731738567,0.769742012024,0.751296877861,0.868221700191,0.867254614830,0.619389116764,0.425196796656,0.252270847559,-0.060141559690,-0.308568924665,-0.423753887415,-0.610497474670,-0.586168050766,-0.460086673498,-0.513451516628,-0.409341722727,-0.391177177429,-0.546502828598,-0.475891232491,-0.321119278669,-0.162551283836,0.040743622929,0.163671478629,0.246619939804,0.408000260592,0.539718687534,0.451644808054,0.220032304525,0.161274045706,0.193484753370,0.061822764575,0.099944047630,0.055081952363,-0.361131578684,-0.568840682507,-0.715699374676,-0.895580112934,-0.879239082336,-0.748381972313,-0.505607962608,-0.390227019787,-0.188180893660,0.156377673149,0.319922029972,0.368865549564,0.420819193125,0.630186915398,0.653547525406,0.730331361294,0.939951479435,0.691968679428,0.605459094048,0.390586704016,-0.085123479366,-0.185879528522,-0.464090138674,-0.602265655994,-0.458453565836,-0.325337082148,-0.228609994054,-0.362265348434,-0.311906576157,-0.408862233162,-0.413472533226,-0.048148710281,-0.026755476370,0.225768476725,0.445902585983,0.425448209047,0.782102644444,0.719167113304,0.489731431007,0.524572670460,0.384595483541,0.491411268711,0.543178975582,0.236654296517,0.085479222238,-0.086507894099,-0.343518227339,-0.524213850498,-0.795706570148,-0.927463710308,-0.787882745266,-0.677738547325,-0.447164475918,-0.146234750748,-0.056105833501,0.185967519879,0.423560917377,0.399518221617,0.445235073566,0.474342316389,0.551784992218,0.686305165291,0.653674721718,0.606418669224,0.471175134182,0.160658970475,-0.078806616366,-0.139352872968,-0.315523087978,-0.466355085373,-0.327357590199,-0.300406873226,-0.232168212533,-0.247105658054,-0.515157163143,-0.513513207436,-0.632652342319,-0.684442341328,-0.389579564333,-0.275204628706,0.005817964673,0.287900269032,0.369870960712,0.508098244667,0.431999564171,0.425046682358,0.482341021299,0.345166236162,0.284188926220,0.278063595295,0.237492218614,0.106555081904,-0.080236412585,-0.325732946396,-0.460731714964,-0.389162600040,-0.469619572163,-0.277523398399,0.063406571746,0.125038951635,0.374483436346,0.411428779364,0.417646318674,0.624629616737,0.526668190956,0.678242564201,0.953916072845,1.048034906387,1.069341421127,0.961681187153,0.835119247437,0.388760387897,0.114646814764,-0.042355980724,-0.364309996367,-0.204252764583,-0.214578628540,-0.371882528067,-0.331822752953,-0.412550002337,-0.398346602917,-0.496515542269,-0.483058035374,-0.492435604334,-0.514468848705,-0.116153761744,-0.006393472664,0.097047880292,0.302216082811,0.110013827682,0.064311228693,0.104912407696,0.033983953297,0.061169877648,0.112525835633,0.057764619589,-0.115773983300,-0.332260549068,-0.576657116413,-0.762283980846,-0.905066370964,-0.937029838562,-0.782970428467,-0.624962687492,-0.392023563385,-0.192236945033,-0.131221324205,0.054199028760,0.155071184039,0.180394619703,0.418934643269,0.547050595284,0.592742860317,0.696723937988,0.690286993980,0.761741459370,0.707369446754,0.331901103258,0.060844190419,-0.059237651527,-0.093462184072,0.062811583281,0.105784073472,-0.049787972122,-0.049017626792,-0.078528471291,-0.297584712505,-0.400667846203,-0.382840752602,-0.248405247927,-0.115662254393,0.040577590466,0.371119678020,0.493871122599,0.523920595646,0.557018041611,0.536129772663,0.660403847694,0.570907175541,0.422368735075,0.353371024132,0.168733134866,0.083802349865,-0.089006014168,-0.358428746462,-0.573620975018,-0.630680501461,-0.623775780201,-0.666270077229,-0.269088834524,-0.028661338612,-0.249634221196,-0.072681263089,0.147917330265,0.183327198029,0.348929852247,0.487203538418,0.530318260193,0.525826632977,0.627880454063,0.670776724815,0.467056840658,0.137057498097,-0.076431863010,-0.089519791305,-0.297343015671,-0.370881110430,-0.213083550334,-0.320399433374,-0.365503370762,-0.387475788593,-0.421831876040,-0.403702378273,-0.450690358877,-0.322668075562,-0.288812875748,-0.179436370730,0.132702752948,0.288812607527,0.464401185513,0.447243541479,0.354328811169,0.415228664875,0.374940276146,0.356812626123,0.338942289352,0.192716360092,-0.083220265806,-0.239820584655,-0.362132519484,-0.724501252174,-0.849514722824,-0.733164131641,-0.620051622391,-0.345595985651,-0.009856113233,0.214588955045,0.367814421654,0.507952690125,0.509454846382,0.484262138605,0.526789069176,0.503191411495,0.531785607338,0.673609554768,0.662794291973,0.425109595060,0.242360174656,-0.053156767040,-0.386358946562,-0.308286845684,-0.277903586626,-0.386128276587,-0.266198873520,-0.220675677061,-0.281260251999,-0.302044808865,-0.387147665024,-0.445086658001,-0.369795262814,-0.164519026875,0.099229887128,0.287349015474,0.426477730274,0.493813186884,0.402161300182,0.394988030195,0.504258811474,0.432115733624,0.284666866064,0.189605414867,0.107239194214,0.087866522372,0.017091786489,-0.175115242600,-0.473349034786,-0.728472471237,-0.811505913734,-0.775918245316,-0.492249816656,-0.189956709743,-0.069258093834,0.123758755624,0.355819970369,0.463765323162,0.415451407433,0.426440834999,0.480098873377,0.507143616676,0.682178854942,0.668045401573,0.550438225269,0.473902940750,0.075431689620,-0.226610735059,-0.333533316851,-0.441308528185,-0.276328116655,-0.131294518709,-0.072844825685,-0.031486500055,-0.167679086328,-0.113504789770,-0.071382045746,-0.184237748384,0.022803232074,0.240099921823,0.429160863161,0.673220932484,0.660489737988,0.718469321728,0.688102900982,0.494117736816,0.443998426199,0.214453250170,0.040227018297,-0.052257422358,-0.250557005405,-0.335648089647,-0.486995577812,-0.627605617046,-0.732528209686,-0.721085965633,-0.584560155869,-0.442390501499,-0.125349387527,-0.042597912252,0.079521581531,0.349713683128,0.353642374277,0.494579434395,0.386154562235,0.150384455919,0.190608561039,0.114890493453,0.192365601659,0.231241285801,0.068059429526,-0.087139569223,-0.351836085320,-0.495825439692,-0.520917057991,-0.539699852467,-0.559454917908,-0.617596626282,-0.538923203945,-0.397569298744,-0.332483261824,-0.304893404245,-0.358947455883,-0.360430538654,-0.228902876377,-0.121838055551,0.141592472792,0.399631887674,0.350692749023,0.378444790840,0.442179352045,0.326610147953,0.168236181140,0.153344467282,0.264144837856,0.191868349910,0.115796431899,-0.012928675860,-0.268372267485,-0.384343326092,-0.477888613939,-0.439023375511,-0.437504202127,-0.382084012032,-0.121338121593,0.025082742795,0.317953616381,0.391340672970,0.355603724718,0.574168741703,0.546661078930,0.678060650826,0.783566176891,0.643674373627,0.669355809689,0.609939694405,0.469643652439,0.147860497236,-0.146826162934,-0.308840155602,-0.491376549006,-0.359290510416,-0.327098011971,-0.386279791594,-0.323866307735,-0.425989776850,-0.439936161041,-0.442479103804,-0.475504189730,-0.364922702312,-0.119769603014,0.124657146633,0.246269583702,0.439721345901,0.487363845110,0.410295814276,0.388027608395,0.351743966341,0.401147365570,0.221259877086,0.130212366581,0.209602802992,-0.090554937720,-0.296444922686,-0.528683304787,-0.851807951927,-0.840945065022,-0.895025908947,-0.802749931812,-0.471223920584,-0.266117691994,-0.117496594787,0.036985095590,0.303917855024,0.445450782776,0.511307358742,0.632904708385,0.586234688759,0.644720256329,0.718950092793,0.591522037983,0.449807494879,0.304844290018,0.000106869164,-0.377213448286,-0.504573404789,-0.524243950844,-0.444778680801,-0.364488691092,-0.403904885054,-0.279205977917,-0.332258552313,-0.396586596966,-0.252481639385,-0.165711522102,0.098020359874,0.323549538851,0.507805764675,0.683977425098,0.614631533623,0.508641839027,0.359534412622,0.311031937599,0.283691167831,0.212737932801,0.272502958775,0.129080459476,-0.072173602879,-0.289426445961,-0.526515066624,-0.544386088848,-0.765011906624,-0.882889389992,-0.660460352898,-0.570472896099,-0.363256067038,-0.072743825614,0.144468083978,0.327370047569,0.299257963896,0.361025869846,0.496373504400,0.469121158123,0.501548707485,0.577341198921,0.612200379372,0.553204119205,0.327399790287,0.071306623518,-0.192624315619,-0.347653448582,-0.268725365400,-0.339491099119,-0.470152437687,-0.371734619141,-0.453373134136,-0.461569875479,-0.278197139502,-0.450935393572,-0.566728413105,-0.451771825552,-0.239556387067,0.132958114147,0.198092803359,0.157480567694,0.243753924966,0.226448357105,0.312871903181,0.369758605957,0.232833385468,0.126007184386,0.140028461814,0.150684863329,0.026236096397,-0.222948163748,-0.495951622725,-0.611822247505,-0.623035192490,-0.553465843201,-0.375085830688,-0.208724066615,0.038982506841,0.340820491314,0.598731994629,0.724741399288,0.715147078037,0.800108075142,0.881109595299,0.836371958256,0.836738586426,0.821316838264,0.555077552795,0.279978841543,0.144307911396,-0.084293454885,-0.264797300100,-0.460048824549,-0.573911190033,-0.391477644444,-0.296387940645,-0.226494655013,-0.179424166679,-0.323956757784,-0.425254374743,-0.490554451942,-0.533072769642,-0.506080448627,-0.331211715937,-0.147076770663,-0.082288332283,0.017693139613,-0.047372907400,-0.024219667539,0.035986091942,-0.143614590168,-0.007092646789,0.034403972328,-0.102933444083,-0.095331586897,-0.324841558933,-0.394774466753,-0.498732775450,-0.714322805405,-0.665133237839,-0.754641771317,-0.643636882305,-0.364522337914,-0.222426399589,-0.022676991299,0.015415882692,0.080253489316,0.139853343368,0.090237930417,0.198488578200,0.321817278862,0.521619558334,0.718242645264,0.662805736065,0.554755091667,0.479475706816,0.328995198011,0.206581488252,0.173696875572,0.072050146759,-0.004948363639,-0.023051833734,-0.084637686610,-0.157387331128,-0.317147076130,-0.492275834084,-0.529683768749,-0.370562195778,-0.185795232654,0.016445562243,0.317286819220,0.396422445774,0.518844604492,0.661519527435,0.513730823994,0.494979083538,0.473735660315,0.430877178907,0.495838761330,0.401351422071,0.128206118941,-0.224260061979,-0.391877353191,-0.550721824169,-0.649738550186,-0.664123773575,-0.843834340572,-0.649641275406,-0.436903536320,-0.384107261896,-0.160276964307,-0.130134299397,0.000050265324,0.125333428383,0.168728291988,0.369753181934,0.451427996159,0.516931772232,0.550158917904,0.496657699347,0.337535321712,0.144026502967,-0.031525526196,-0.308697372675,-0.385852634907,-0.380322277546,-0.437102556229,-0.462972253561,-0.580916762352,-0.705773651600,-0.694950461388,-0.533441781998,-0.497876197100,-0.380861282349,-0.071034602821,0.074856758118,0.284158289433,0.397963076830,0.320191890001,0.232544779778,0.160151079297,0.251034706831,0.215529546142,0.179624289274,0.193452328444,0.054908636957,-0.049347139895,-0.274201422930,-0.474242240191,-0.615099072456,-0.717557787895,-0.624190211296,-0.616475462914,-0.482668429613,-0.181283965707,0.009893649258,0.157655477524,0.250912725925,0.293325990438,0.314468532801,0.494141399860,0.637836933136,0.642521798611,0.740748107433,0.613125741482,0.484367132187,0.430749744177,0.106936074793,-0.073353566229,-0.258541256189,-0.451308697462,-0.328586220741,-0.306410670280,-0.251272648573,-0.171713575721,-0.263215154409,-0.277199029922,-0.395903080702,-0.414794564247,-0.246170699596,-0.112770900130,0.082734629512,0.136119499803,0.229440256953,0.371370285749,0.380016714334,0.459040284157,0.433155030012,0.375246286392,0.253666520119,0.064620882273,0.041232202202,-0.116528697312,-0.368862926960,-0.534803688526,-0.580540955067,-0.650061607361,-0.746961772442,-0.544393599033,-0.385758519173,-0.170371532440,0.091747187078,0.063709206879,0.210313707590,0.243897914886,0.244578003883,0.464468985796,0.455183833838,0.550233364105,0.540625631809,0.407780468464,0.374540448189,-0.000842110428,-0.293215990067,-0.456468701363,-0.585057377815,-0.458101600409,-0.346058040857,-0.158249199390,-0.052750322968,-0.053259015083,-0.026275359094,-0.122626684606,-0.083852574229,0.015146273188,0.156357437372,0.376714318991,0.513487815857,0.673872649670,0.605962038040,0.423282653093,0.373294353485,0.238462716341,0.090890534222,-0.030771810561,-0.046909112483,-0.082826927304,-0.300441652536,-0.434962958097,-0.608621180058,-0.771958351135,-0.697856545448,-0.563927114010,-0.448898315430,-0.334358066320,-0.099906608462,0.102501288056,0.157554566860,0.254654258490,0.207950815558,0.178126722574,0.308132439852,0.290224701166,0.296246200800,0.314872980118,0.202136531472,0.068405888975,-0.122881256044,-0.228351578116,-0.319437742233,-0.470483362675,-0.391638606787,-0.286607921124,-0.315592825413,-0.300631493330,-0.391052246094,-0.479172319174,-0.339085817337,-0.297737389803,-0.339909285307,-0.217722103000,-0.110355868936,0.138141736388,0.391601383686,0.359315484762,0.432043552399,0.472471266985,0.390146940947,0.383068740368,0.312329232693,0.267935782671,0.188024282455,0.067360222340,-0.119562588632,-0.329714208841,-0.416990309954,-0.651142776012,-0.736967742443,-0.642519295216,-0.518523097038,-0.170705422759,0.020742326975,0.280110895634,0.524469733238,0.428966194391,0.456843942404,0.469011694193,0.540633201599,0.672491669655,0.625627875328,0.606133103371,0.503349721432,0.342312365770,0.065896309912,-0.207246169448,-0.342738628387,-0.545649111271,-0.544386684895,-0.467813342810,-0.444431304932,-0.411764293909,-0.452744215727,-0.367094725370,-0.403227865696,-0.422902226448,-0.229884102941,-0.080361358821,0.221303850412,0.439539223909,0.556850612164,0.670831918716,0.537384629250,0.503148078918,0.473227560520,0.384436398745,0.321090012789,0.081507652998,-0.012976530008,-0.160998165607,-0.413390547037,-0.485779345036,-0.743405044079,-0.963231742382,-1.012035489082,-0.960863649845,-0.562574148178,-0.221419125795,0.002590927994,0.274344682693,0.444551318884,0.610365629196,0.601191401482,0.530589938164,0.607865452766,0.667837262154,0.742585778236,0.628984153271,0.323688507080,0.070828996599,-0.196136668324,-0.420804917812,-0.567154049873,-0.633453130722,-0.622161448002,-0.653142809868,-0.635404229164,-0.469633281231,-0.354878693819,-0.347931593657,-0.289835661650,-0.244520172477,-0.059359453619,0.311015814543,0.521075248718,0.707710802555,0.775817632675,0.678978502750,0.734387576580,0.601323187351,0.390222996473,0.336535543203,0.164870932698,0.001808023779,-0.161446943879,-0.419948339462,-0.588731288910,-0.724266648293,-0.910093367100,-0.758644342422,-0.548653423786,-0.514676809311,-0.078891091049,0.105841651559,0.086817800999,0.472912669182,0.525743901730,0.505769431591,0.638223648071,0.661553025246,0.714521348476,0.703157246113,0.674998104572,0.466927140951,0.300994366407,0.146024391055,-0.266198784113,-0.522284209728,-0.701093733311,-0.672401666641,-0.527035236359,-0.437436431646,-0.271035581827,-0.439421772957,-0.470870763063,-0.321135014296,-0.322759032249,-0.104391843081,0.059844203293,0.320589005947,0.542111217976,0.413344770670,0.444043517113,0.442815244198,0.425367057323,0.415571182966,0.209243178368,0.168427288532,0.071833871305,-0.064873442054,-0.120835363865,-0.318068087101,-0.435173064470,-0.550813913345,-0.594501316547,-0.521401643753,-0.362281829119,-0.039712809026,0.121615722775,0.389732807875,0.666376769543,0.647201836109,0.720986664295,0.736818432808,0.701314687729,0.720102608204,0.696455836296,0.700387775898,0.527925968170,0.267368048429,0.015480550937,-0.282546490431,-0.478899031878,-0.589412033558,-0.581802785397,-0.582154631615,-0.545037567616,-0.317139953375,-0.225953638554,-0.244688928127,-0.375996410847,-0.594432890415,-0.537275552750,-0.343104302883,-0.113784693182,0.055044069886,0.139673024416,0.232887610793,0.157736033201,0.191008299589,0.278167992830,0.103647924960,0.046432327479,0.165564760566,0.135768890381,-0.004458044190,-0.084345847368,-0.325246393681,-0.639207959175,-0.743252575397,-0.907124578953,-0.822250366211,-0.550371825695,-0.455741584301,-0.144007414579,-0.012495327741,0.112377114594,0.386022925377,0.249978899956,0.439713597298,0.703164815903,0.653145015240,0.900249361992,0.943111777306,0.705180406570,0.605402827263,0.478028625250,0.170676022768,-0.086686335504,-0.186998859048,-0.349833339453,-0.303959786892,-0.249215662479,-0.386821031570,-0.293886631727,-0.288134723902,-0.369860559702,-0.274113893509,-0.158739700913,0.060071919113,0.252335071564,0.431469470263,0.615553855896,0.613550364971,0.641221344471,0.614215195179,0.526359319687,0.524114549160,0.342695504427,0.141360327601,-0.000760447409,-0.191376686096,-0.403251498938,-0.640469670296,-0.686488389969,-0.784076690674,-0.843291521072,-0.600821614265,-0.431690007448,-0.247007533908,-0.080350205302,0.117964960635,0.316002726555,0.232799842954,0.372527241707,0.538634479046,0.495634377003,0.630341768265,0.698179304600,0.579805850983,0.424383133650,0.311751931906,0.032998830080,-0.326616108418,-0.388810247183,-0.421090394258,-0.387366801500,-0.249648213387,-0.219911843538,-0.253976315260,-0.415217697620,-0.475560516119,-0.471767276525,-0.436450421810,-0.158712387085,0.018277106807,0.118785426021,0.313618034124,0.435550987720,0.463065564632,0.459765374660,0.466495364904,0.512748241425,0.526403605938,0.255630731583,0.180741012096,0.323407888412,0.002551120240,-0.221277311444,-0.402302175760,-0.749787628651,-0.758030593395,-0.732753992081,-0.504290997982,-0.234248086810,-0.260708451271,0.004629933275,0.267526030540,0.240640833974,0.273463487625,0.407889008522,0.443883240223,0.513813257217,0.850566923618,0.758260607719,0.446549564600,0.494628459215,0.289676606655,0.052154492587,-0.070208854973,-0.351984113455,-0.470716744661,-0.438034504652,-0.443377882242,-0.430719137192,-0.416515290737,-0.561635851860,-0.613579511642,-0.556136548519,-0.470856547356,-0.177185222507,0.008940103464,0.234109431505,0.448434203863,0.482097476721,0.603665888309,0.539412319660,0.446330785751,0.369475156069,0.214118063450,0.225144684315,0.166009828448,-0.006922970992,-0.240498766303,-0.479823470116,-0.635102450848,-0.704679012299,-0.716969013214,-0.740078091621,-0.465714395046,-0.050514314324,0.172749757767,0.369926065207,0.485839128494,0.447436749935,0.480600208044,0.730261981487,0.843909919262,0.758660435677,0.691948831081,0.575719773769,0.453519880772,0.208177477121,-0.041424728930,-0.229348793626,-0.365557074547,-0.204441517591,-0.125919893384,-0.109943352640,0.031439375132,0.056868370622,0.128655046225,0.176673009992,0.060661260039,-0.044597409666,0.008518990129,0.128004565835,0.291530102491,0.533840179443,0.590089440346,0.533181905746,0.405971586704,0.219827160239,0.177814722061,0.111634522676,0.030863504857,-0.008732021786,-0.162000045180,-0.379300922155,-0.490841448307,-0.540357470512,-0.665425300598,-0.667015552521,-0.518832981586,-0.433827847242,-0.366580426693,-0.234155878425,-0.095689952374,-0.001837414573,0.094197943807,0.078558102250,0.042605530471,0.125245183706,0.133786767721,0.302372097969,0.465242683887,0.254731059074,0.146439909935,0.054605334997,-0.258527100086,-0.449710220098,-0.461383670568,-0.370782852173,-0.245925962925,-0.148740276694,-0.193150460720,-0.329847544432,-0.393163144588,-0.422825396061,-0.386385023594,-0.338216692209,-0.148307412863,0.124070808291,0.307006746531,0.637980937958,0.726876497269,0.583065748215,0.539574623108,0.448453307152,0.537470877171,0.562520623207,0.440747857094,0.260660260916,-0.032717563212,-0.078248530626,-0.306089401245,-0.600252211094,-0.573971509933,-0.594770967960,-0.367015749216,-0.134183645248,-0.092992946506,0.139711111784,0.317679077387,0.506846547127,0.666850626469,0.639861464500,0.681766927242,0.729365110397,0.720236182213,0.677715957165,0.537581205368,0.316526323557,0.123777970672,-0.085937120020,-0.421851694584,-0.530346691608,-0.442882180214,-0.491275191307,-0.436383455992,-0.315573841333,-0.248687416315,-0.227737456560,-0.321967810392,-0.312591373920,-0.271392047405,-0.143832340837,0.112298451364,0.157449990511,0.262660712004,0.455778747797,0.445604503155,0.365456640720,0.275775104761,0.162839531898,0.017170894891,-0.052544362843,-0.154829144478,-0.342988312244,-0.447857677937,-0.656203627586,-0.794839560986,-0.819554090500,-0.848158419132,-0.632249116898,-0.490486025810,-0.336674839258,0.045076277107,0.286422044039,0.538220107555,0.607066512108,0.419118136168,0.474228739738,0.538279533386,0.564131319523,0.655267715454,0.519742310047,0.371469348669,0.288271546364,-0.002573474078,-0.280446529388,-0.375054270029,-0.453812956810,-0.452840775251,-0.303798019886,-0.199330598116,-0.254825472832,-0.340443998575,-0.322903692722,-0.285651952028,-0.216161638498,-0.001997049432,0.228768005967,0.383054494858,0.505238652229,0.610974907875,0.645194947720,0.589047908783,0.577523112297,0.532782793045,0.397533267736,0.284671872854,0.116908319294,-0.017673552036,-0.096079155803,-0.284244358540,-0.541910350323,-0.755936026573,-0.784191071987,-0.672764420509,-0.548377096653,-0.376435279846,-0.134695932269,0.110747322440,0.334661036730,0.533051848412,0.526584923267,0.483610600233,0.590986847878,0.655502796173,0.701443850994,0.684504687786,0.592352032661,0.392856776714,0.072999142110,-0.163199141622,-0.440734326839,-0.588747560978,-0.478997677565,-0.488684296608,-0.508316218853,-0.377311617136,-0.398964494467,-0.507421851158,-0.390910595655,-0.332766979933,-0.261553198099,0.057726480067,0.247813954949,0.406765013933,0.558679103851,0.586390137672,0.581979572773,0.421320348978,0.326520234346,0.290038704872,0.142127186060,0.059551946819,-0.048812847584,-0.232235223055,-0.273631244898,-0.283909589052,-0.431809633970,-0.463859677315,-0.449297308922,-0.410303413868,-0.150541290641,0.065424181521,0.270317494869,0.452189892530,0.500164687634,0.591027379036,0.634969592094,0.678359568119,0.748564898968,0.747589290142,0.658224046230,0.481596052647,0.291556388140,0.013758133166,-0.228368014097,-0.419754445553,-0.587843775749,-0.527926445007,-0.455254971981,-0.411783993244,-0.379275500774,-0.459331989288,-0.399696677923,-0.332689374685,-0.378407478333,-0.319517165422,-0.232171028852,-0.068966381252,0.181103572249,0.290781855583,0.320421725512,0.274542331696,0.203191310167,0.277852356434,0.297450959682,0.201812371612,0.116744026542,0.047008689493,-0.053019542247,-0.211686223745,-0.380271106958,-0.583829104900,-0.700417995453,-0.723735690117,-0.661362349987,-0.448567241430,-0.319721192122,-0.102765254676,0.200298905373,0.323381006718,0.405762851238,0.449151366949,0.512131452560,0.536110401154,0.600130975246,0.790029644966,0.794946074486,0.724607467651,0.552154839039,0.277963995934,0.013074574061,-0.277875900269,-0.302751779556,-0.310686647892,-0.360779434443,-0.261498302221,-0.290426015854,-0.266245633364,-0.259847462177,-0.333099663258,-0.234977856278,-0.148856222630,-0.000718426483,0.182094767690,0.336778223515,0.541822969913,0.548011302948,0.448442786932,0.326914310455,0.211835712194,0.194041058421,0.159879729152,0.176471874118,0.092763528228,-0.097536064684,-0.249547570944,-0.462428152561,-0.651680231094,-0.798461854458,-0.829881012440,-0.753582596779,-0.607307255268,-0.329571664333,-0.115637667477,0.050081409514,0.198730394244,0.210509449244,0.163456469774,0.251925736666,0.421785891056,0.509508430958,0.633158147335,0.588950991631,0.376842230558,0.201439425349,-0.032332994044,-0.188472121954,-0.404536187649,-0.477454215288,-0.350812971592,-0.377413332462,-0.273462146521,-0.276893079281,-0.341045439243,-0.336187541485,-0.524778425694,-0.466726034880,-0.299011111259,-0.123476751149,0.090295054018,0.189655721188,0.365521371365,0.322828114033,0.322735458612,0.435347288847,0.321706652641,0.343666672707,0.332263380289,0.250120311975,0.123293183744,-0.074297063053,-0.161966785789,-0.438844174147,-0.611852228642,-0.616406440735,-0.671781122684,-0.545541286469,-0.398183554411,-0.122055023909,0.118016906083,0.143745332956,0.287389338017,0.341590493917,0.386807441711,0.491914898157,0.539940536022,0.696209013462,0.629495620728,0.425566196442,0.331832528114,0.119770884514,-0.055119495839,-0.109207786620,-0.173702642322,-0.280422836542,-0.316003680229,-0.316710323095,-0.356430828571,-0.329929351807,-0.393402069807,-0.481971174479,-0.588303387165,-0.601950705051,-0.330316543579,-0.118985056877,0.134693667293,0.298696458340,0.250381052494,0.324907153845,0.382963210344,0.430472701788,0.348756790161,0.244776099920,0.198292255402,0.025873916224,0.058393664658,-0.065174184740,-0.372311234474,-0.476015478373,-0.594034075737,-0.553152978420,-0.438720166683,-0.346498191357,-0.220553591847,-0.053553108126,0.204140543938,0.254892945290,0.288957923651,0.371419489384,0.469726175070,0.663855254650,0.675460457802,0.683599293232,0.550434112549,0.393930256367,0.477853417397,0.262863665819,0.030130703002,-0.053865633905,-0.164455220103,-0.061191249639,0.054314393550,0.045688033104,-0.059461150318,-0.112637519836,-0.115328013897,-0.125961810350,-0.056796833873,-0.074272312224,-0.010273540393,0.070828750730,0.145160600543,0.320198178291,0.294644743204,0.247784897685,0.195787712932,0.213967859745,0.248991146684,0.047628082335,0.027188027278,-0.040721893311,-0.217303127050,-0.295899719000,-0.454361319542,-0.500313103199,-0.626276195049,-0.695320844650,-0.601885199547,-0.531327486038,-0.321921169758,-0.343639045954,-0.271916568279,0.012424868532,-0.033030450344,0.054433215410,0.205325171351,0.254198193550,0.429463475943,0.466124653816,0.488536685705,0.495897203684,0.309783369303,0.127448916435,-0.081547275186,-0.253255903721,-0.265017271042,-0.344256132841,-0.391795307398,-0.284187167883,-0.304999500513,-0.315712630749,-0.288450539112,-0.468590199947,-0.446389555931,-0.220215797424,-0.101740889251,0.185521975160,0.417256891727,0.404696881771,0.478020668030,0.468628436327,0.393990576267,0.530843138695,0.575128853321,0.467875272036,0.429970443249,0.235570311546,-0.034327954054,-0.166217356920,-0.330638170242,-0.485366880894,-0.492890179157,-0.414238065481,-0.395024567842,-0.303497642279,-0.110110744834,-0.016336981207,0.114609129727,0.217745974660,0.305929660797,0.426539748907,0.480961054564,0.672621130943,0.740254521370,0.658905148506,0.570732295513,0.278908789158,0.036655645818,-0.224588707089,-0.421692341566,-0.476289004087,-0.647960841656,-0.558449685574,-0.461479336023,-0.536977767944,-0.372476816177,-0.309808164835,-0.439260512590,-0.524004697800,-0.461885452271,-0.226301372051,0.052490301430,0.331279128790,0.357907503843,0.290427654982,0.403728276491,0.362683445215,0.318597644567,0.324937075377,0.158185184002,0.032131213695,-0.146002769470,-0.270583003759,-0.356794446707,-0.624960064888,-0.708487331867,-0.775779008865,-0.811591327190,-0.598181903362,-0.501035511494,-0.326478183270,-0.078121632338,0.087731353939,0.341755688190,0.477957874537,0.516832709312,0.619896113873,0.710122406483,0.701051235199,0.635159134865,0.545182228088,0.377979725599,0.214180529118,0.023004636168,-0.181244194508,-0.303111910820,-0.375540107489,-0.439518302679,-0.437249958515,-0.379368782043,-0.411519229412,-0.351806998253,-0.332199901342,-0.396113514900,-0.214384436607,-0.089310519397,0.098791532218,0.343029648066,0.412365108728,0.597823917866,0.610302329063,0.618974089622,0.693825542927,0.440697133541,0.299235075712,0.245786488056,0.124581322074,-0.055852685124,-0.376479089260,-0.554902732372,-0.734524965286,-0.892524003983,-0.884695172310,-0.806320130825,-0.614817202091,-0.425653070211,-0.081681676209,0.226001113653,0.334653913975,0.581083178520,0.632195413113,0.575653195381,0.666851103306,0.671781301498,0.714946448803,0.542501866817,0.239639863372,0.172127783298,0.009954315610,-0.223905593157,-0.467008262873,-0.650320231915,-0.637039244175,-0.576801896095,-0.457666754723,-0.491115182638,-0.467289268970,-0.293610930443,-0.333921283484,-0.168499127030,0.084317393601,0.131266430020,0.281215965748,0.511058688164,0.540093064308,0.378926098347,0.474940299988,0.382746815681,0.122088268399,0.270610392094,0.090105526149,-0.147459432483,-0.060360286385,-0.229122146964,-0.373465001583,-0.341300904751,-0.344531059265,-0.347459077835,-0.214024290442,-0.110740482807,-0.030955448747,0.305328607559,0.524855792522,0.593017041683,0.680561542511,0.616028189659,0.558698654175,0.678803265095,0.742779374123,0.596721887589,0.618696212769,0.582808852196,0.312090426683,0.097088776529,-0.262434780598,-0.368511855602,-0.318531215191,-0.489750415087,-0.432834088802,-0.419207036495,-0.506437242031,-0.493165344000,-0.466967225075,-0.322185754776,-0.376480579376,-0.476281553507,-0.211215689778,0.124138236046,0.303518533707,0.333439588547,0.334814667702,0.327137827873,0.329678475857,0.433036178350,0.323419183493,0.032599147409,-0.037177525461,-0.037860803306,-0.129563599825,-0.265672504902,-0.523856759071,-0.736207425594,-0.758887767792,-0.737292408943,-0.673052549362,-0.538353145123,-0.317685276270,-0.066744111478,0.116842471063,0.311399966478,0.455611646175,0.548214614391,0.524146199226,0.515480697155,0.751741409302,0.763943016529,0.695661425591,0.694063305855,0.417994886637,0.182183951139,-0.089513666928,-0.340735107660,-0.372544735670,-0.444268971682,-0.485281795263,-0.523834586143,-0.451457232237,-0.354361474514,-0.430147260427,-0.344230771065,-0.200681149960,-0.074095152318,0.119598060846,0.317897081375,0.502057850361,0.494144827127,0.596260726452,0.720899820328,0.498769164085,0.420335590839,0.441945701838,0.222276180983,-0.050417110324,-0.130622148514,-0.086551889777,-0.389984965324,-0.680673241615,-0.633987247944,-0.800522685051,-0.904954373837,-0.693927645683,-0.468555539846,-0.181112319231,0.150368571281,0.316783100367,0.295017272234,0.502134084702,0.627629876137,0.556002438068,0.851929306984,0.760343611240,0.580233335495,0.732959449291,0.383517444134,0.196932509542,-0.020597036928,-0.509869158268,-0.444099694490,-0.463112175465,-0.502603471279,-0.277451068163,-0.352286338806,-0.453960835934,-0.429309546947,-0.461477816105,-0.486528187990,-0.370426833630,-0.118576385081,0.150700643659,0.260283052921,0.191940695047,0.400610685349,0.506733119488,0.321460664272,0.474725663662,0.378013998270,0.153001308441,0.264215499163,0.102776326239,-0.054306004196,-0.276050865650,-0.633630216122,-0.705407083035,-0.867376208305,-0.884437739849,-0.718997001648,-0.658627867699,-0.341728419065,-0.023603048176,0.062492772937,0.179277017713,0.401745378971,0.526515781879,0.583012998104,0.767682492733,0.792996704578,0.841764867306,0.907550394535,0.600117981434,0.352462828159,0.107080765069,-0.200157910585,-0.263908118010,-0.320537686348,-0.314769804478,-0.312596380711,-0.415895015001,-0.377349257469,-0.366228938103,-0.465583384037,-0.452785998583,-0.321911096573,-0.127959102392,0.173459812999,0.402577877045,0.480809837580,0.557503700256,0.453829348087,0.376339703798,0.531706809998,0.457396656275,0.341645300388,0.341072142124,0.188773691654,0.085228323936,-0.201486080885,-0.614408135414,-0.668511271477,-0.745074093342,-0.904753923416,-0.772392451763,-0.523740768433,-0.404373407364,-0.231274485588,0.037716127932,0.162602216005,0.383919358253,0.617440760136,0.622410058975,0.578074336052,0.519033908844,0.620866894722,0.684390008450,0.583735287189,0.387314110994,0.062269963324,-0.050334114581,-0.216400414705,-0.398664653301,-0.273571193218,-0.219051554799,-0.094226129353,0.115805700421,0.117084816098,0.050424776971,-0.058643903583,-0.105187252164,0.052398726344,0.230030775070,0.302752196789,0.343526929617,0.438009977341,0.518513202667,0.530136227608,0.487609595060,0.343831390142,0.211205184460,0.088091321290,0.055922642350,0.120792366564,-0.131073087454,-0.420863300562,-0.556236982346,-0.731818258762,-0.795115888119,-0.805657565594,-0.583161234856,-0.377330422401,-0.393525242805,-0.177101805806,-0.044260267168,0.053806722164,0.261579811573,0.272026151419,0.248793065548,0.303277075291,0.573131084442,0.713068425655,0.600542545319,0.542797863483,0.309565037489,0.099210955203,-0.096369422972,-0.278817355633,-0.309191793203,-0.455498278141,-0.450293213129,-0.404369950294,-0.379348665476,-0.275248050690,-0.398353934288,-0.445444315672,-0.435877501965,-0.306187033653,0.124590121210,0.320194900036,0.455445438623,0.728539109230,0.734359979630,0.589973330498,0.668651878834,0.709122657776,0.413037538528,0.306886434555,0.283802747726,-0.023053748533,-0.116423703730,-0.222441866994,-0.520161032677,-0.630091369152,-0.815028548241,-0.855983495712,-0.509463191032,-0.375763863325,-0.230414792895,0.216131672263,0.230656594038,0.160987198353,0.526035904884,0.491707414389,0.368125081062,0.699096262455,0.804936528206,0.676078021526,0.505019843578,0.236652120948,0.007841509767,-0.132919028401,-0.283216089010,-0.475423783064,-0.490546971560,-0.521654963493,-0.522641479969,-0.321658641100,-0.326536357403,-0.324990153313,-0.280346781015,-0.382408231497,-0.336132079363,-0.209626093507,0.021226413548,0.257289707661,0.364355325699,0.464246481657,0.409002035856,0.374930948019,0.348075836897,0.242820039392,0.290791988373,0.162951722741,-0.081586055458,-0.202490463853,-0.463103652000,-0.642024993896,-0.650032818317,-0.697192370892,-0.695142447948,-0.538849949837,-0.303962647915,-0.215346664190,-0.068774804473,0.125852376223,0.198192283511,0.438699781895,0.535470187664,0.506706357002,0.623010933399,0.589187264442,0.585388064384,0.620150625706,0.547367155552,0.356481224298,0.052810657769,-0.114621482790,-0.232869759202,-0.351518303156,-0.501020133495,-0.561330378056,-0.334107190371,-0.277617573738,-0.336016178131,-0.342897415161,-0.450045138597,-0.312691956758,-0.129819661379,0.016704602167,0.365530073643,0.503944754601,0.540142416954,0.585258066654,0.473662704229,0.502070069313,0.509556651115,0.319325834513,0.153349027038,0.028729572892,-0.116769738495,-0.273473680019,-0.419322162867,-0.634186744690,-0.854743361473,-0.925640046597,-0.786733746529,-0.591492056847,-0.470165461302,-0.109376326203,0.254651635885,0.374872297049,0.568061649799,0.642114043236,0.685925006866,0.742039442062,0.672167241573,0.750725388527,0.682985723019,0.471884310246,0.341161727905,0.084498994052,-0.245789751410,-0.559815764427,-0.616803705692,-0.535207569599,-0.495622187853,-0.278545022011,-0.124894507229,-0.133199915290,-0.262270808220,-0.331609755754,-0.150390848517,-0.076147980988,0.093208439648,0.361499875784,0.445242822170,0.617707073689,0.620456457138,0.489267230034,0.560050964355,0.499060094357,0.263658881187,0.150282695889,0.085882678628,-0.076118916273,-0.126438885927,-0.236361280084,-0.537769079208,-0.673756241798,-0.661332488060,-0.507835626602,-0.394207954407,-0.338218063116,-0.110309623182,0.038803491741,0.273385077715,0.555081725121,0.633073151112,0.611347138882,0.439496308565,0.426508277655,0.603313803673,0.657653868198,0.504461884499,0.225527614355,0.035197775811,-0.281118899584,-0.587693274021,-0.678803861141,-0.806458592415,-0.764692664146,-0.631891489029,-0.590922057629,-0.508154213428,-0.503100156784,-0.546990573406,-0.600902974606,-0.568482637405,-0.300757020712,-0.045875951648,0.127630844712,0.334490209818,0.418136805296,0.450529605150,0.575295746326,0.510984659195,0.300115406513,0.211850970984,0.107076272368,-0.011180412956,-0.129385709763,-0.418573945761,-0.689359545708,-0.818549752235,-0.906505525112,-0.803786277771,-0.632290542126,-0.477705001831,-0.140143901110,0.073774576187,0.251527398825,0.590864837170,0.702194094658,0.787732481956,0.902624547482,0.829649865627,0.849011361599,0.905915141106,0.804212093353,0.607315480709,0.372463077307,0.157838582993,-0.017019927502,-0.242509394884,-0.401589125395,-0.275642901659,-0.203011140227,-0.285990476608,-0.227373898029,-0.217018708587,-0.266424506903,-0.176146224141,-0.040483284742,0.089492991567,0.201068446040,0.325092196465,0.482367217541,0.519306242466,0.461763978004,0.461508631706,0.394019246101,0.187524899840,-0.019268574193,-0.139712437987,-0.191443637013,-0.293874502182,-0.476533681154,-0.620048880577,-0.688683152199,-0.790946066380,-0.919058263302,-0.942327022552,-0.768445432186,-0.486447095871,-0.374222636223,-0.221785962582,0.076198369265,0.203887104988,0.371798306704,0.464073359966,0.375791072845,0.528515517712,0.723260223866,0.744461834431,0.629444479942,0.343573719263,0.078393258154,-0.020964758471,-0.173006579280,-0.448294430971,-0.602027595043,-0.670043587685,-0.542155504227,-0.393685579300,-0.415511429310,-0.212011203170,-0.184798061848,-0.294794470072,-0.178466483951,-0.135901659727,0.146114379168,0.475992798805,0.580080091953,0.700109362602,0.690896391869,0.619332253933,0.491095215082,0.421010524035,0.437064468861,0.313503235579,0.197551965714,0.021734945476,-0.199541062117,-0.367474526167,-0.557923793793,-0.721733987331,-0.832845747471,-0.766899108887,-0.591934382915,-0.378118306398,-0.188923910260,-0.092490166426,0.182262241840,0.379867970943,0.392617017031,0.550348520279,0.636058330536,0.693967044353,0.860610961914,0.893894851208,0.707489192486,0.409441292286,0.148721471429,-0.149234458804,-0.430334895849,-0.554891705513,-0.593068838120,-0.573908448219,-0.660921990871,-0.749501824379,-0.663014769554,-0.631288409233,-0.588581740856,-0.433384358883,-0.292706042528,-0.116798050702,0.191490709782,0.529400229454,0.629524230957,0.575985670090,0.562735080719,0.484194457531,0.393546581268,0.317258238792,0.145931392908,-0.009120551869,-0.035315789282,-0.074295207858,-0.341997087002,-0.691592812538,-0.801356673241,-0.782726168633,-0.843208849430,-0.814112126827,-0.588680446148,-0.348140418530,-0.173284888268,0.025423238054,0.301665335894,0.492388695478,0.544119060040,0.717387795448,0.867369771004,0.891516983509,0.948771119118,0.836836516857,0.686677098274,0.511127233505,0.186660751700,-0.058124281466,-0.330208420753,-0.385175287724,-0.185837522149,-0.080914005637,-0.043515417725,-0.208427444100,-0.246427923441,-0.192439541221,-0.344649940729,-0.285557597876,-0.129819542170,0.091269530356,0.321940153837,0.310696572065,0.374708801508,0.510975480080,0.617440044880,0.643912315369,0.561552286148,0.389071553946,0.107179589570,0.009183722548,-0.100639216602,-0.312555074692,-0.447881102562,-0.784567832947,-0.993313491344,-0.945999383926,-1.024530887604,-0.982690930367,-0.790630817413,-0.540842533112,-0.200421422720,-0.043739389628,0.108515180647,0.290555745363,0.332038909197,0.522816658020,0.639266908169,0.654732763767,0.735390722752,0.602019608021,0.415198802948,0.162265777588,-0.131935089827,-0.302675515413,-0.545602381229,-0.658277630806,-0.590130925179,-0.563946068287,-0.518612802029,-0.394189655781,-0.360245019197,-0.422700136900,-0.369187951088,-0.380498230457,-0.172310888767,0.274059295654,0.406385302544,0.654841244221,0.749669373035,0.474809318781,0.476825654507,0.385332852602,0.291360050440,0.357901066542,0.237335830927,0.192604437470,0.078925244510,-0.199241921306,-0.344531655312,-0.391750484705,-0.541367530823,-0.667775213718,-0.506805658340,-0.402795910835,-0.261537969112,0.006158151664,0.029427058995,0.256201326847,0.502909839153,0.431796818972,0.400994807482,0.388458728790,0.622220218182,0.770096242428,0.592499852180,0.474169284105,0.167718797922,0.039765987545,0.031887702644,-0.220497235656,-0.179875135422,-0.211228892207,-0.326210290194,-0.121266975999,-0.138879090548,-0.378581583500,-0.487406700850,-0.514118313789,-0.461847722530,-0.254189014435,-0.092960096896,-0.010147958994,0.179734140635,0.290098309517,0.374655753374,0.378689140081,0.265573501587,0.326886355877,0.330060452223,0.279455512762,0.247313156724,0.092500664294,-0.109124124050,-0.363882809877,-0.580530166626,-0.749516189098,-0.768022477627,-0.693315029144,-0.607299447060,-0.443246573210,-0.428883492947,-0.215424031019,0.020572043955,-0.028884524480,0.191438719630,0.389132529497,0.563378036022,0.776809811592,0.710230648518,0.776241779327,0.728329002857,0.507202446461,0.385126382113,0.109343715012,-0.116261050105,-0.336608052254,-0.498973011971,-0.425374120474,-0.358022928238,-0.282815694809,-0.306656211615,-0.349774271250,-0.408404648304,-0.481300711632,-0.207873269916,0.007535727695,0.097070902586,0.333987891674,0.436989635229,0.507935225964,0.547560691833,0.571696698666,0.594706058502,0.418026477098,0.331176966429,0.259843349457,0.131216153502,-0.027344208211,-0.407263666391,-0.591882050037,-0.687065899372,-0.916228771210,-0.976482331753,-0.806501030922,-0.464625954628,-0.317281156778,-0.153801411390,0.149152770638,0.241331577301,0.401839405298,0.466798514128,0.448829889297,0.573485732079,0.577687263489,0.544299364090,0.475555270910,0.378012776375,0.137535035610,-0.142893031240,-0.205522194505,-0.460969954729,-0.631280422211,-0.515595614910,-0.492183476686,-0.377339392900,-0.217873319983,-0.176968887448,-0.293065577745,-0.368493229151,-0.207662373781,-0.114325687289,-0.016214508563,0.171581074595,0.371144384146,0.563799858093,0.600865304470,0.603233218193,0.557388305664,0.540397882462,0.536521971226,0.333988457918,0.200417160988,0.032885689288,-0.192244648933,-0.271176576614,-0.445312798023,-0.597578644753,-0.567306041718,-0.469262391329,-0.387885630131,-0.313786208630,-0.153508633375,0.058790363371,0.328640580177,0.555968642235,0.626548051834,0.620482087135,0.627251029015,0.713977396488,0.723861336708,0.644717037678,0.535326242447,0.212998092175,-0.110854521394,-0.363825887442,-0.670007765293,-0.797779560089,-0.820649802685,-0.760291755199,-0.609483301640,-0.546652555466,-0.473892450333,-0.414736896753,-0.313621401787,-0.214001968503,-0.170992299914,0.040869034827,0.224488690495,0.350893586874,0.467994660139,0.449046164751,0.461565464735,0.487277746201,0.454004853964,0.283174216747,0.088339433074,0.022225076333,-0.144004508853,-0.291737079620,-0.420211017132,-0.600703537464,-0.694508194923,-0.772340655327,-0.630345404148,-0.425763607025,-0.293511539698,0.011971622705,0.277758121490,0.535653293133,0.724714517593,0.716204345226,0.694273829460,0.690232753754,0.840197980404,0.896377563477,0.716236650944,0.498260736465,0.209551289678,0.003433186328,-0.191034793854,-0.391770392656,-0.471381455660,-0.458858072758,-0.301539927721,-0.200293719769,-0.194506600499,-0.202104106545,-0.136017516255,-0.061399240047,-0.134998306632,-0.040440805256,0.000168408267,0.012677319348,0.299626797438,0.353694558144,0.357687026262,0.474419593811,0.380483746529,0.260716348886,0.193496689200,0.140711173415,0.063113659620,-0.102976009250,-0.258985191584,-0.343801528215,-0.461006611586,-0.599564731121,-0.728845417500,-0.904284238815,-0.897865295410,-0.656462430954,-0.314014047384,0.053343866020,0.289439290762,0.395094305277,0.402294665575,0.398223906755,0.399515032768,0.504781961441,0.754471480846,0.778365671635,0.656951189041,0.509989738464,0.276842147112,0.100659385324,-0.163107797503,-0.437789231539,-0.549745619297,-0.617969930172,-0.591230213642,-0.453769147396,-0.377139061689,-0.358770608902,-0.376786470413,-0.450928449631,-0.290868818760,-0.105838634074,-0.074123308063,0.290820479393,0.464118599892,0.380277782679,0.756225943565,0.793768405914,0.562402904034,0.737484335899,0.530700922012,0.247318044305,0.232544705272,-0.048232905567,-0.202100411057,-0.347987949848,-0.598137974739,-0.677536010742,-0.829964220524,-0.870215177536,-0.738982558250,-0.448582291603,-0.095900543034,0.065796084702,0.296618491411,0.520964801311,0.570725142956,0.582312762737,0.693681359291,0.752177655697,0.670087635517,0.786893725395,0.781451344490,0.515811979771,0.232967004180,-0.162437364459,-0.392117917538,-0.585336983204,-0.694150686264,-0.469807893038,-0.503980875015,-0.584065020084,-0.464836955070,-0.530639111996,-0.496963739395,-0.363863646984,-0.242090865970,-0.058174010366,0.068033352494,0.298346698284,0.511061608791,0.572657167912,0.581004261971,0.478783309460,0.337261229753,0.216745823622,0.171357095242,0.073908746243,-0.075460843742,-0.175309047103,-0.406450241804,-0.584878265858,-0.690497994423,-0.775138914585,-0.730505645275,-0.716145515442,-0.559975743294,-0.271912425756,0.043006297201,0.428919851780,0.621211946011,0.650312483311,0.684252083302,0.796181976795,0.942495107651,1.037993907928,1.054460763931,0.852137684822,0.695169448853,0.598215460777,0.331306129694,0.050779003650,-0.318541675806,-0.442755103111,-0.262258291245,-0.282564073801,-0.160196840763,-0.092173643410,-0.368274956942,-0.332500785589,-0.193506181240,-0.222974628210,-0.077165924013,0.168349742889,0.342401415110,0.476150900126,0.621275782585,0.611412823200,0.534571588039,0.494291007519,0.376310944557,0.259246110916,-0.019411588088,-0.120764777064,-0.136993736029,-0.622284591198,-0.854351937771,-0.885142266750,-1.048642635345,-0.926834702492,-0.809266507626,-0.814287781715,-0.647310137749,-0.260854572058,0.003231063485,0.160817295313,0.375369071960,0.384710401297,0.472225487232,0.572527945042,0.524483799934,0.609489619732,0.665100514889,0.629956722260,0.406646758318,0.099345959723,-0.154501691461,-0.439744621515,-0.552821815014,-0.573453664780,-0.492781221867,-0.445438504219,-0.534747183323,-0.394301861525,-0.202941492200,-0.131438270211,-0.244484335184,-0.312692821026,-0.022643392906,0.188572853804,0.427177906036,0.681706845760,0.565303206444,0.516626417637,0.637303113937,0.573367714882,0.409377902746,0.324724465609,0.285113900900,0.235070049763,0.062732204795,-0.149773851037,-0.284563243389,-0.517534792423,-0.541109323502,-0.415648311377,-0.553635895252,-0.490408062935,-0.240240365267,-0.080152392387,0.155108898878,0.305257946253,0.336292028427,0.391354948282,0.496471196413,0.594798266888,0.651160180569,0.639592707157,0.591796040535,0.605406463146,0.485083818436,0.293465554714,0.055688437074,-0.270994246006,-0.368378937244,-0.396995157003,-0.353836655617,-0.273571729660,-0.389897495508,-0.321080386639,-0.257055550814,-0.443034440279,-0.417204082012,-0.238094791770,-0.206479206681,-0.003796349978,0.385020226240,0.440263420343,0.419401913881,0.526541411877,0.510923981667,0.470083028078,0.320122659206,0.197610333562,0.137020066381,-0.063037768006,-0.193852931261,-0.380196541548,-0.679582357407,-0.898786544800,-0.916830837727,-0.806697785854,-0.783740580082,-0.515502870083,-0.187332764268,-0.161006093025,-0.013048956171,0.147307440639,0.207034945488,0.353982150555,0.421139687300,0.541911721230,0.707439959049,0.768662869930,0.790373802185,0.608488082886,0.385161399841,0.175709053874,-0.131319105625,-0.242600560188,-0.292603641748,-0.395634979010,-0.329025506973,-0.253974914551,-0.317062437534,-0.335690349340,-0.407563328743,-0.521003961563,-0.342201620340,-0.210504785180,-0.001940177055,0.480808556080,0.595468580723,0.664197325706,0.768147706985,0.659044206142,0.648268997669,0.520643234253,0.400097191334,0.357776492834,0.224552482367,0.015194261447,-0.256406217813,-0.348772048950,-0.554491043091,-0.773119330406,-0.785753011703,-0.842656135559,-0.670332908630,-0.330715656281,0.024438239634,0.227139323950,0.259130775928,0.423713684082,0.467602849007,0.549749553204,0.685966849327,0.622673749924,0.601873695850,0.523773968220,0.398835688829,0.171284303069,-0.152479991317,-0.319235295057,-0.505101680756,-0.568016231060,-0.497267574072,-0.484689831734,-0.469737917185,-0.485169976950,-0.386443763971,-0.408031404018,-0.511761009693,-0.306726396084,-0.145242735744,-0.066826224327,0.111314117908,0.323847860098,0.525882422924,0.652983248234,0.825634479523,0.809093117714,0.561578750610,0.414941847324,0.296974897385,0.205327361822,0.031392760575,-0.144557014108,-0.212778761983,-0.502576947212,-0.698588728905,-0.625142276287,-0.611776709557,-0.633271753788,-0.451305985451,-0.023624621332,0.230317547917,0.414997309446,0.621727228165,0.583991408348,0.626543819904,0.663235604763,0.673155903816,0.835715472698,0.780218958855,0.624670088291,0.411569088697,0.026285381988,-0.220995664597,-0.441939294338,-0.644371211529,-0.716348171234,-0.768048226833,-0.653393924236,-0.603371679783,-0.611244618893,-0.476525425911,-0.493056952953,-0.393117487431,-0.181915104389,-0.081489630044,0.155279248953,0.364718735218,0.485976248980,0.553789973259,0.548833847046,0.446355551481,0.293045818806,0.317358374596,0.180037155747,-0.066187940538,-0.142087042332,-0.351257711649,-0.493648529053,-0.555862367153,-0.760777115822,-0.825359880924,-0.785541296005,-0.713583111763,-0.444062858820,-0.166454821825,-0.011261010543,0.224778667092,0.448421239853,0.504589200020,0.549551427364,0.583304703236,0.612038016319,0.694270372391,0.765799283981,0.798203706741,0.689653575420,0.433114618063,0.151123687625,-0.100686371326,-0.306511789560,-0.370502650738,-0.307233065367,-0.297234505415,-0.294489473104,-0.257750660181,-0.181058526039,-0.135308757424,-0.205742835999,-0.172287300229,-0.037978630513,0.153524547815,0.368751138449,0.482226669788,0.539416491985,0.494535386562,0.440543442965,0.395184606314,0.316061347723,0.253290593624,0.127297505736,0.022630307823,-0.129904359579,-0.313020348549,-0.467245399952,-0.669464766979,-0.679248690605,-0.646908402443,-0.630995869637,-0.444189429283,-0.327563583851,-0.201939702034,0.003211806528,0.190343931317,0.386069595814,0.459629088640,0.485371708870,0.555012822151,0.576930046082,0.631731808186,0.692052543163,0.522789657116,0.285066455603,0.133561626077,-0.142972886562,-0.410917937756,-0.562666118145,-0.646050214767,-0.652718305588,-0.605058193207,-0.406075805426,-0.410325199366,-0.557236909866,-0.408883720636,-0.339314907789,-0.289153337479,-0.064130343497,0.163923487067,0.389020472765,0.476371228695,0.599382519722,0.674634277821,0.528028190136,0.445761710405,0.351131320000,0.168824300170,-0.029847402126,-0.137205839157,-0.146828517318,-0.299457997084,-0.578181564808,-0.811597406864,-0.803171813488,-0.674088537693,-0.632502555847,-0.476058691740,-0.212696984410,0.025178210810,0.272838294506,0.471155673265,0.588018059731,0.700924098492,0.712638914585,0.682238519192,0.776309132576,0.685027360916,0.461043536663,0.345007061958,0.136824339628,-0.131361857057,-0.359593540430,-0.513251245022,-0.554261386395,-0.453739881516,-0.368974626064,-0.470039933920,-0.472635895014,-0.426747828722,-0.398882806301,-0.334006905556,-0.356535851955,-0.223477423191,-0.080445870757,0.102761775255,0.420461624861,0.412191301584,0.364901810884,0.348389178514,0.241936087608,0.278707444668,0.213727682829,0.141171976924,0.099642187357,-0.034668579698,-0.194648608565,-0.471482038498,-0.612233877182,-0.721301436424,-0.927460789680,-0.892740190029,-0.689276456833,-0.377551257610,-0.057000126690,0.163356512785,0.341014862061,0.452889561653,0.622462332249,0.730406880379,0.832686185837,1.073658823967,1.100092172623,0.979319810867,0.751908540726,0.438248813152,0.300911426544,0.038973797113,-0.194010838866,-0.278779953718,-0.477631181479,-0.477448582649,-0.437062859535,-0.426441639662,-0.386068135500,-0.574301898479,-0.609359323978,-0.503067851067,-0.334922552109,-0.028295237571,0.087923876941,0.314051330090,0.470526844263,0.396472752094,0.575085759163,0.562008619308,0.431008607149,0.391391783953,0.178426623344,0.082665808499,-0.147076204419,-0.470889776945,-0.680346310139,-0.923888027668,-0.922415852547,-0.931367814541,-0.934651494026,-0.760507643223,-0.590237796307,-0.216562896967,0.052875291556,0.177280604839,0.333929866552,0.330340951681,0.482396870852,0.609730482101,0.558017075062,0.697642028332,0.762453794479,0.674769997597,0.551792562008,0.277636796236,0.016461832449,-0.197457090020,-0.305929005146,-0.223562121391,-0.230218946934,-0.329832851887,-0.373331099749,-0.370727062225,-0.283146649599,-0.238440647721,-0.284026056528,-0.232741519809,-0.062752597034,0.171113431454,0.427266001701,0.469637811184,0.379232585430,0.438514500856,0.448368638754,0.394515812397,0.374433308840,0.212161615491,0.062947236001,0.030557611957,-0.111177727580,-0.295560687780,-0.398633569479,-0.540129959583,-0.636681437492,-0.639322817326,-0.616771578789,-0.563179433346,-0.514570951462,-0.344117015600,-0.199126616120,-0.147978693247,0.077668525279,0.223639249802,0.299511611462,0.448973089457,0.480627775192,0.583011031151,0.578043580055,0.338354885578,0.241788834333,0.130259707570,-0.139919698238,-0.294002056122,-0.260825425386,-0.274440079927,-0.337941348553,-0.300228297710,-0.320129722357,-0.402182519436,-0.405528366566,-0.372228264809,-0.378783345222,-0.315073072910,-0.101121462882,0.039782352746,0.150924831629,0.325235247612,0.412098079920,0.476438194513,0.552137970924,0.555480360985,0.452042937279,0.326177418232,0.256385594606,0.153307527304,0.024776162580,-0.160630941391,-0.406017750502,-0.576430320740,-0.696854531765,-0.792971014977,-0.760570585728,-0.512267112732,-0.238621920347,-0.105822145939,0.032321833074,0.203474894166,0.329335480928,0.393332719803,0.477441996336,0.627197861671,0.829994082451,1.037260532379,0.962516486645,0.685431659222,0.423315793276,0.106895335019,-0.086249470711,-0.207747951150,-0.307948589325,-0.353607118130,-0.509956777096,-0.528356552124,-0.463270843029,-0.440767407417,-0.435634285212,-0.631454288960,-0.584599316120,-0.263955801725,-0.096215970814,0.061949674040,0.231236577034,0.337566673756,0.377215296030,0.393370091915,0.350673675537,0.249876990914,0.300658971071,0.270165115595,0.154947370291,0.074267685413,-0.258587777615,-0.509857714176,-0.664671480656,-0.886366903782,-0.857848763466,-0.860573947430,-0.887649714947,-0.744021713734,-0.468441665173,-0.113457046449,0.055216863751,0.236999765038,0.327972352505,0.287291616201,0.445990622044,0.537711083889,0.624621570110,0.714041471481,0.634978473186,0.494168221951,0.239503443241,0.043793171644,-0.133553028107,-0.260714411736,-0.119947373867,-0.032211575657,-0.087284237146,-0.193683966994,-0.286841362715,-0.311672151089,-0.390162587166,-0.414500653744,-0.296269863844,-0.050924740732,0.210258513689,0.489514768124,0.745012223721,0.723302066326,0.738744020462,0.754942417145,0.635412871838,0.637443959713,0.489297330379,0.453043431044,0.447713822126,0.047911837697,-0.221774399281,-0.493570089340,-0.711447119713,-0.643788218498,-0.740826070309,-0.701821267605,-0.553907573223,-0.522674977779,-0.319622963667,-0.128584876657,0.010727875866,0.148026376963,0.207313671708,0.273432821035,0.405700266361,0.556497871876,0.543959200382,0.460194587708,0.333320587873,0.191618442535,0.079430334270,-0.268422454596,-0.476152390242,-0.492393791676,-0.617017209530,-0.540119707584,-0.528147816658,-0.619498848915,-0.597865045071,-0.597600221634,-0.519125461578,-0.531150639057,-0.473232984543,-0.239097163081,-0.065817601979,0.179034307599,0.339737921953,0.352326095104,0.354738920927,0.405441969633,0.410041004419,0.269735485315,0.241689592600,0.151287585497,-0.015510353260,-0.090962305665,-0.246306136250,-0.353815227747,-0.537521183491,-0.607653915882,-0.437842309475,-0.419634252787,-0.214502364397,0.012474972755,0.089593917131,0.335606694221,0.399009197950,0.425197601318,0.492574542761,0.505418121815,0.648154973984,0.709434449673,0.787101805210,0.687145054340,0.462788790464,0.434604585171,0.157329246402,-0.102714143693,-0.166856452823,-0.152370348573,-0.012569042854,-0.103199802339,-0.074567168951,-0.016848459840,-0.228772670031,-0.269439280033,-0.356564313173,-0.398275852203,-0.093504838645,0.252643108368,0.411690086126,0.375836968422,0.352759867907,0.396683812141,0.538040697575,0.507057964802,0.174166589975,0.009797742590,-0.072598658502,-0.066643804312,-0.030343482271,-0.284602999687,-0.519554257393,-0.729679584503,-0.855045914650,-0.717715919018,-0.631463348866,-0.577740609646,-0.391036272049,-0.221099182963,-0.167251586914,-0.011859267019,0.190801426768,0.293071717024,0.418655842543,0.464009553194,0.568651080132,0.640815973282,0.481521010399,0.390224486589,0.253886640072,0.052294749767,-0.216847240925,-0.474142342806,-0.498336851597,-0.644492745399,-0.623736500740,-0.436804473400,-0.528983831406,-0.485509961843,-0.368138790131,-0.300430744886,-0.136087507010,0.070273950696,0.267632633448,0.392888247967,0.589350521564,0.674522936344,0.717145860195,0.813359439373,0.663497686386,0.528027474880,0.405007839203,0.254963427782,0.120001122355,-0.140892490745,-0.258131295443,-0.358569651842,-0.526617467403,-0.663779079914,-0.798126220703,-0.678519845009,-0.439554601908,-0.218799531460,0.052950765938,0.302811503410,0.507706701756,0.535068273544,0.537630438805,0.763310790062,0.804985463619,0.640902578831,0.737025737762,0.656305909157,0.355648756027,0.349265456200,0.196255654097,-0.245576605201,-0.432792454958,-0.368571788073,-0.487591296434,-0.519882023335,-0.342308908701,-0.508885741234,-0.491362124681,-0.201750800014,-0.334514141083,-0.352304160595,-0.081303365529,0.038817752153,0.138548135757,0.248188182712,0.250918924809,0.326921582222,0.450863003731,0.386378407478,0.354744106531,0.308347493410,0.159434005618,0.116759046912,-0.023046061397,-0.259965926409,-0.535928487778,-0.647602796555,-0.594736754894,-0.761920571327,-0.752918183804,-0.577622294426,-0.420729011297,-0.070870481431,0.264881223440,0.586797714233,0.815956294537,0.946565806866,1.063742041588,1.078605055809,1.103106141090,1.077922821045,1.061569571495,0.876624882221,0.495474398136,0.253942102194,-0.139536231756,-0.426626861095,-0.509731411934,-0.735847353935,-0.660230517387,-0.552257359028,-0.574497044086,-0.379738748074,-0.301134169102,-0.191891998053,-0.057750910521,-0.078311651945,0.087390951812,0.275365501642,0.455008417368,0.601603567600,0.518177151680,0.418952673674,0.310235798359,0.297888487577,0.212339594960,-0.028506385162,-0.099630482495,-0.322351992130,-0.517647206783,-0.593076229095,-0.795660138130,-0.892367720604,-1.048081398010,-1.004826784134,-0.754956722260,-0.502835988998,-0.094010405242,0.055472224951,0.180040359497,0.331107169390,0.402475357056,0.596326291561,0.476615786552,0.447722017765,0.612562716007,0.595210194588,0.594908058643,0.469345331192,0.283187538385,-0.086264155805,-0.363554418087,-0.265758574009,-0.385306745768,-0.380554437637,-0.248795494437,-0.387808203697,-0.317642569542,-0.108459800482,-0.000928561785,-0.025000466034,-0.190238401294,-0.092692673206,0.174441307783,0.283216565847,0.515653491020,0.719147443771,0.640067219734,0.592461407185,0.533261358738,0.384768307209,0.350257247686,0.373981297016,0.220253780484,0.049019418657,-0.137914866209,-0.551019012928,-0.554843246937,-0.487109810114,-0.815056741238,-0.616072416306,-0.417932182550,-0.441925972700,-0.076343782246,0.058861386031,0.220224678516,0.425947695971,0.300761848688,0.485900580883,0.706749677658,0.762742757797,0.897332131863,0.808128416538,0.630178332329,0.431344896555,0.158630192280,0.001664170064,-0.212702706456,-0.518844962120,-0.620461523533,-0.537483930588,-0.475359648466,-0.369265973568,-0.225245505571,-0.310928344727,-0.432323426008,-0.323394954205,-0.190287902951,-0.016958042979,0.224359199405,0.385755121708,0.469503670931,0.543428778648,0.666648209095,0.617642700672,0.441706091166,0.395100176334,0.262220203876,0.156500861049,0.097826443613,-0.167601034045,-0.334907561541,-0.486567854881,-0.708369791508,-0.725970804691,-0.759114325047,-0.749856710434,-0.498808026314,-0.254020392895,-0.093557275832,0.154437512159,0.389030724764,0.451270222664,0.550449371338,0.595187306404,0.543948292732,0.666994273663,0.729610145092,0.717170476913,0.718338489532,0.521705150604,0.268978565931,-0.051117960364,-0.365822702646,-0.375205427408,-0.325246006250,-0.309931129217,-0.186141610146,-0.166787490249,-0.169944375753,-0.139715835452,-0.302983731031,-0.320404022932,-0.203564479947,-0.156448081136,0.185757204890,0.446481138468,0.367894440889,0.391469478607,0.505305707455,0.537126481533,0.472531795502,0.455771327019,0.384380668402,0.259222388268,0.248596861959,0.046291936189,-0.278023928404,-0.518545448780,-0.716223478317,-0.808798611164,-0.753782689571,-0.653619885445,-0.603425025940,-0.306744813919,-0.073406822979,-0.099669054151,0.133351966739,0.304686903954,0.333840906620,0.492946922779,0.591800510883,0.714316189289,0.814215302467,0.684811294079,0.439220905304,0.258119583130,0.071568623185,-0.212650403380,-0.430072307587,-0.437711089849,-0.371561825275,-0.362344056368,-0.259029686451,-0.152237966657,-0.263382643461,-0.364152878523,-0.231781318784,-0.120131790638,0.016669118777,0.390577465296,0.570595383644,0.771378278732,1.003087520599,0.869996607304,0.894609332085,0.671785116196,0.364891916513,0.468533784151,0.269573688507,0.179875791073,0.011143476702,-0.415559470654,-0.491425633430,-0.688581228256,-0.811838567257,-0.777641832829,-0.774364829063,-0.546456933022,-0.279198586941,-0.035791743547,0.106446966529,0.233222901821,0.284191370010,0.338658988476,0.557728469372,0.579120576382,0.708549737930,0.803957939148,0.599825084209,0.408809840679,0.094016231596,-0.079412780702,-0.251186490059,-0.596356868744,-0.650766551495,-0.590918302536,-0.589383900166,-0.465501129627,-0.267941206694,-0.395493507385,-0.481107175350,-0.241860926151,-0.357626289129,-0.318875432014,-0.090706981719,-0.117866635323,0.181119382381,0.294247865677,0.264433443546,0.513020694256,0.378855705261,0.237285718322,0.378775596619,0.319461792707,0.130302265286,0.186933666468,0.136373773217,-0.280951976776,-0.322622925043,-0.414463937283,-0.752079606056,-0.624930620193,-0.536314725876,-0.418884664774,-0.091570504010,0.088710829616,0.257855713367,0.358945190907,0.415106981993,0.493654251099,0.612564086914,0.782970249653,0.909641206264,0.955095708370,0.811539411545,0.629763245583,0.489682942629,0.270185023546,-0.003069796367,-0.221035152674,-0.276424556971,-0.316512346268,-0.263600945473,-0.168845474720,-0.347478359938,-0.425147593021,-0.362080782652,-0.393110930920,-0.333564907312,-0.251384556293,-0.071380078793,0.185690239072,0.384821444750,0.528541266918,0.527547180653,0.548663854599,0.500320494175,0.384005665779,0.330867946148,0.118746995926,-0.044279433787,-0.168148726225,-0.413185507059,-0.543013632298,-0.677465975285,-0.830545008183,-0.850125253201,-0.763378500938,-0.523470997810,-0.241255745292,-0.071295082569,0.051490589976,0.255956113338,0.402412712574,0.410672724247,0.455417662859,0.472637474537,0.501982271671,0.520926535130,0.395796775818,0.378356575966,0.367643594742,0.109874285758,-0.182499140501,-0.463149160147,-0.699540913105,-0.657032251358,-0.540112793446,-0.451363861561,-0.317999601364,-0.426210612059,-0.443980991840,-0.205316305161,-0.203282564878,-0.101754650474,0.240039423108,0.431476891041,0.564427077770,0.664401292801,0.634140193462,0.476003468037,0.392475932837,0.439827561378,0.376664608717,0.299051582813,0.196775674820,0.036609768867,0.010716359131,-0.170076787472,-0.537320733070,-0.607409238815,-0.630493044853,-0.734796404839,-0.434173107147,-0.183356359601,-0.171708673239,0.118127040565,0.269596606493,0.318650543690,0.528497576714,0.455680310726,0.416316360235,0.535943210125,0.544541776180,0.595103681087,0.530487239361,0.402710825205,0.246095865965,-0.041926287115,-0.204233944416,-0.349683672190,-0.439827620983,-0.341651469469,-0.320489019156,-0.344213902950,-0.360990852118,-0.491953581572,-0.639436900616,-0.553979277611,-0.381160736084,-0.249895542860,0.055166926235,0.201667904854,0.278905123472,0.532973170280,0.513994693756,0.517618775368,0.522688210011,0.270149886608,0.281873255968,0.247805178165,-0.056156512350,-0.317212283611,-0.608045518398,-0.725459754467,-0.687321782112,-0.681464612484,-0.678775310516,-0.619702517986,-0.391077041626,-0.173574730754,0.141644209623,0.439497858286,0.493857622147,0.694552063942,0.857405304909,1.012127280235,1.165195226669,1.022511839867,1.009819149971,0.857926905155,0.505928397179,0.355230420828,0.017956152558,-0.382968336344,-0.630400598049,-0.780924797058,-0.707762062550,-0.550202548504,-0.386224359274,-0.289373576641,-0.288499832153,-0.270327299833,-0.244328588247,-0.188373863697,-0.119395226240,0.080021448433,0.309180438519,0.348800301552,0.413152903318,0.378563731909,0.315788656473,0.377971440554,0.219643175602,0.088631287217,0.014805954881,-0.155763968825,-0.190843865275,-0.318746298552,-0.492506772280,-0.615453362465,-0.795477807522,-0.862563908100,-0.858068406582,-0.676952302456,-0.378551661968,-0.176224470139,0.044178962708,0.173609837890,0.265694528818,0.360844522715,0.355895340443,0.430657207966,0.522576689720,0.544884800911,0.593294143677,0.591550648212,0.412910372019,0.194217845798,0.045439671725,-0.206206083298,-0.362414211035,-0.345556050539,-0.476231455803,-0.533782124519,-0.414475977421,-0.422368735075,-0.511959075928,-0.509746491909,-0.378144860268,-0.200989350677,-0.002581520472,0.192089423537,0.326383173466,0.501407623291,0.586044788361,0.556514441967,0.588331222534,0.570385932922,0.520410299301,0.453787654638,0.297157883644,0.123172886670,-0.038263164461,-0.194111958146,-0.389459282160,-0.646589338779,-0.872859537601,-0.931822776794,-0.851182460785,-0.590277493000,-0.211349502206,-0.046261101961,0.098693124950,0.309985965490,0.411237001419,0.541947007179,0.632776737213,0.696738541126,0.783760368824,0.832676887512,0.731847584248,0.426351755857,0.210990667343,0.005677716341,-0.260230302811,-0.411189645529,-0.507174253464,-0.526573956013,-0.510057866573,-0.464103311300,-0.499456524849,-0.614109754562,-0.558638453484,-0.449955016375,-0.265856146812,-0.061534989625,0.000146474718,0.128083109856,0.288322836161,0.383331000805,0.446521759033,0.523679018021,0.534791767597,0.323489457369,0.198342546821,0.171857357025,-0.012819817290,-0.167080014944,-0.433232784271,-0.814245760441,-0.911428153515,-0.864003956318,-0.816615641117,-0.714917004108,-0.567953944206,-0.288756400347,0.017278362066,0.201723918319,0.358487904072,0.503630757332,0.509598493576,0.553938150406,0.670873045921,0.646295666695,0.676096677780,0.659552097321,0.515884041786,0.434489607811,0.223401412368,0.065494202077,-0.067224830389,-0.367155939341,-0.411313146353,-0.353783369064,-0.361928462982,-0.275122433901,-0.361742347479,-0.476588189602,-0.483308553696,-0.441688686609,-0.254748225212,-0.199527621269,-0.110756017268,0.154969796538,0.345481842756,0.475652098656,0.380778044462,0.334674865007,0.456353813410,0.447950720787,0.411390453577,0.226151600480,0.046758376062,-0.054389279336,-0.261208117008,-0.451289564371,-0.677680909634,-0.760034322739,-0.777476966381,-0.805848598480,-0.633106827736,-0.464867264032,-0.208261132240,0.035960733891,0.188186094165,0.334592431784,0.330017715693,0.463881850243,0.573051035404,0.659631609917,0.851712942123,0.696951568127,0.445150315762,0.199482813478,-0.075961112976,-0.171208962798,-0.315795451403,-0.433225661516,-0.353370726109,-0.241758361459,-0.209128186107,-0.149129718542,-0.158979982138,-0.278856396675,-0.221519097686,-0.215347573161,-0.069236159325,0.309389233589,0.357403486967,0.511552035809,0.707950353622,0.579733312130,0.582398235798,0.499040246010,0.296119838953,0.204144820571,0.054537367076,0.017384661362,-0.022740330547,-0.276423901320,-0.501750349998,-0.661169409752,-0.769083023071,-0.754534780979,-0.703627586365,-0.658940732479,-0.528542816639,-0.324473083019,-0.154966399074,-0.059441134334,-0.001058044028,0.102138161659,0.135880500078,0.215246811509,0.382078677416,0.375367134809,0.461538136005,0.458759784698,0.258319228888,0.167149126530,-0.089981600642,-0.260133326054,-0.251956611872,-0.312512159348,-0.420739740133,-0.533773124218,-0.435950189829,-0.488454759121,-0.519417881966,-0.465103715658,-0.686071276665,-0.522257804871,-0.286048769951,-0.152860715985,0.139864206314,0.172558039427,0.327819883823,0.443286985159,0.445488303900,0.540426969528,0.378157377243,0.350385218859,0.370716184378,0.377959221601,0.370390713215,-0.048126123846,-0.329398006201,-0.458509385586,-0.581627190113,-0.519404411316,-0.565087020397,-0.501575112343,-0.246149390936,-0.066827267408,-0.014320679009,0.030021613464,0.170091524720,0.240799561143,0.372549384832,0.500630199909,0.564268827438,0.738383650780,0.598196387291,0.454924762249,0.533113598824,0.193629264832,-0.096992269158,-0.202793881297,-0.403070420027,-0.354586690664,-0.383755624294,-0.362119078636,-0.128181472421,-0.174693018198,-0.336569219828,-0.504447042942,-0.473418474197,-0.227742195129,-0.054998341948,0.153474554420,0.192595452070,0.257805317640,0.435244888067,0.452961862087,0.435885727406,0.204081401229,0.122158743441,0.240443974733,0.096539109945,0.045499686152,-0.095140583813,-0.289562642574,-0.362104296684,-0.629640758038,-0.625446140766,-0.505314409733,-0.450605839491,-0.233123451471,-0.208052441478,-0.080279745162,-0.006932892371,-0.049319066107,0.215870469809,0.199013367295,0.185615301132,0.385620415211,0.413050949574,0.593102037907,0.542944848537,0.286358058453,0.161145344377,-0.108447238803,-0.250550657511,-0.295373380184,-0.353797048330,-0.349688798189,-0.371068030596,-0.238627851009,-0.168844833970,-0.266153454781,-0.291525244713,-0.250486880541,-0.188130676746,-0.201394602656,-0.157638341188,0.011767362244,0.094671316445,0.115328393877,0.174309849739,0.203299105167,0.212121576071,0.267865180969,0.271042019129,0.249506115913,0.268941819668,0.163305386901,-0.072289824486,-0.249193653464,-0.509373307228,-0.853875517845,-0.838931143284,-0.677416741848,-0.545349299908,-0.337961971760,-0.345792382956,-0.239332735538,0.000661072438,0.126685276628,0.327284783125,0.369566917419,0.452295243740,0.519514143467,0.395282208920,0.472961992025,0.447470277548,0.311701387167,0.181510299444,-0.087910823524,-0.221323996782,-0.216953650117,-0.168248772621,-0.203325048089,-0.242263466120,-0.205356836319,-0.299959003925,-0.424358814955,-0.533190786839,-0.485313266516,-0.310336887836,-0.179412111640,0.018592292443,0.187795773149,0.393798857927,0.558144748211,0.553319871426,0.557075679302,0.491228044033,0.375649183989,0.306922197342,0.241786822677,0.102942608297,-0.041987549514,-0.147592261434,-0.338595330715,-0.413992434740,-0.276284128428,-0.070271641016,-0.011236516759,-0.014955753461,0.193830385804,0.263673692942,0.349673032761,0.557108402252,0.493611484766,0.466760784388,0.520660996437,0.589169263840,0.606559872627,0.531619310379,0.440468639135,0.088054060936,-0.025219319388,-0.023085149005,-0.297860383987,-0.331882476807,-0.415716916323,-0.480205029249,-0.376868605614,-0.375140815973,-0.349694460630,-0.504798352718,-0.568628907204,-0.555967926979,-0.603223979473,-0.378571540117,-0.264066636562,-0.183588132262,-0.049621321261,-0.030214615166,0.081560969353,0.192735210061,0.290616273880,0.252446502447,0.185252487659,0.128237053752,-0.083640024066,-0.107911057770,-0.167482152581,-0.347125321627,-0.468174844980,-0.669523775578,-0.771400332451,-0.786846995354,-0.641631543636,-0.374194651842,-0.173087596893,0.033635016531,0.161053627729,0.262657493353,0.325574904680,0.461510002613,0.675293445587,0.796966910362,0.911510705948,0.792920589447,0.695428431034,0.661643922329,0.402400642633,0.220065727830,-0.071224309504,-0.244568243623,-0.215897485614,-0.325465500355,-0.258467793465,-0.301344960928,-0.386005461216,-0.254248678684,-0.249455198646,-0.201227381825,-0.056735847145,0.149587616324,0.377217203379,0.509812057018,0.615958571434,0.646581470966,0.654327690601,0.587888002396,0.517820298672,0.433839470148,0.099205702543,-0.163394793868,-0.287725627422,-0.420415073633,-0.529220163822,-0.725389122963,-0.802078425884,-0.866359531879,-0.913927733898,-0.582381427288,-0.315186560154,-0.129054754972,0.216464281082,0.362961411476,0.460973322392,0.564860343933,0.557081580162,0.608714342117,0.716255128384,0.727248191833,0.554070711136,0.482508361340,0.285663008690,-0.057773999870,-0.181454539299,-0.633765697479,-0.804713010788,-0.510843634605,-0.677268981934,-0.575230538845,-0.321997612715,-0.350734889507,-0.267267316580,-0.290796130896,-0.232051730156,-0.155323833227,0.012080296874,0.339965462685,0.371901482344,0.420125246048,0.435898751020,0.412426114082,0.484228670597,0.392042189837,0.301844209433,0.119829520583,-0.073828160763,-0.196631744504,-0.269257783890,-0.238680481911,-0.406011700630,-0.486138433218,-0.500433266163,-0.496584296227,-0.324871629477,-0.336933434010,-0.103162735701,0.201697587967,0.237727895379,0.449681431055,0.489215612411,0.465240955353,0.650007605553,0.730320870876,0.808990597725,0.827161550522,0.575608193874,0.378761023283,0.356174409389,0.140683785081,0.050305657089,0.065992079675,-0.236396819353,-0.348343342543,-0.366046071053,-0.413653075695,-0.279836118221,-0.336225211620,-0.428533941507,-0.372220277786,-0.241506770253,-0.107417978346,-0.020824683830,0.086710385978,0.203241109848,0.411296755075,0.400992125273,0.327063143253,0.462404906750,0.406161725521,0.379078149796,0.281013727188,-0.023189039901,-0.171911492944,-0.365447014570,-0.548969447613,-0.624433994293,-0.772546172142,-0.932608067989,-0.954696059227,-0.801183700562,-0.629438579082,-0.448520153761,-0.164084985852,0.205028355122,0.387728124857,0.403082937002,0.605440616608,0.651889622211,0.600352942944,0.816019594669,0.776116192341,0.486484259367,0.360074460506,0.175837665796,-0.133305609226,-0.220680087805,-0.192478790879,-0.274957597256,-0.279555827379,-0.221631377935,-0.012431566603,0.111846700311,-0.005467846058,0.102496430278,0.057503603399,-0.001917939750,0.294939309359,0.413895010948,0.509011268616,0.629827916622,0.646978139877,0.647735357285,0.645515382290,0.664675354958,0.519731640816,0.438226610422,0.294411271811,0.082941614091,0.056879892945,-0.268252164125,-0.520803868771,-0.501766979694,-0.636028885841,-0.647243678570,-0.591755449772,-0.550487995148,-0.387705564499,-0.172719463706,0.024450710043,0.090533196926,0.146265298128,0.185664877295,0.159251511097,0.328703671694,0.540099203587,0.520282685757,0.445868223906,0.416569143534,0.302201837301,0.088187865913,-0.118371628225,-0.424027711153,-0.708745956421,-0.554021656513,-0.363349914551,-0.438281416893,-0.391191899776,-0.371344774961,-0.441647350788,-0.469332873821,-0.476517885923,-0.381205409765,-0.251623332500,-0.031876932830,0.188762083650,0.244327336550,0.277477741241,0.455418378115,0.634569883347,0.570400178432,0.498650431633,0.367218583822,0.163000017405,0.116155050695,-0.018482988700,-0.173467010260,-0.378399729729,-0.606832265854,-0.665500104427,-0.689571738243,-0.436221778393,-0.149408891797,-0.037452843040,0.176963925362,0.298335403204,0.472796529531,0.647764146328,0.639226615429,0.765192210674,0.920111715794,0.855617880821,0.737524807453,0.778554797173,0.573999404907,0.175327882171,0.128566488624,-0.046975236386,-0.306211322546,-0.268200367689,-0.304289311171,-0.341827780008,-0.417733848095,-0.502728343010,-0.377892196178,-0.347320169210,-0.390160828829,-0.306497126818,-0.122988305986,-0.042497429997,0.150066375732,0.516117990017,0.420506626368,0.449975043535,0.656902551651,0.405197352171,0.298258423805,0.211874738336,0.046224027872,-0.085863254964,-0.386687070131,-0.507281541824,-0.586701333523,-0.654504656792,-0.574480950832,-0.584920167923,-0.635523736477,-0.585125207901,-0.369022190571,-0.192387133837,-0.121640130877,0.052983224392,0.196032628417,0.221956774592,0.251411288977,0.323268592358,0.459005922079,0.535999238491,0.499555379152,0.460887849331,0.341938823462,0.104650720954,-0.092929035425,-0.161265105009,-0.258250445127,-0.368742436171,-0.255258381367,-0.174853876233,-0.225613564253,-0.231267213821,-0.271166384220,-0.305166035891,-0.385571181774,-0.274681329727,0.066923700273,0.167202383280,0.321493715048,0.589965879917,0.607905209064,0.582964301109,0.573773324490,0.532045781612,0.527433097363,0.477017432451,0.376778692007,0.251184076071,0.049997542053,-0.137249752879,-0.412741929293,-0.666648864746,-0.570259094238,-0.533438563347,-0.504919052124,-0.260543078184,-0.124447971582,0.033609826118,0.088917471468,0.131906151772,0.306297957897,0.334642559290,0.477580547333,0.539969325066,0.480336695910,0.619631111622,0.619137704372,0.413361549377,0.100568771362,-0.085959888995,-0.176125034690,-0.418982833624,-0.363673657179,-0.194834411144,-0.307308495045,-0.402537196875,-0.414291471243,-0.374679952860,-0.417458862066,-0.523487746716,-0.377213716507,-0.151969581842,-0.129977405071,0.069884456694,0.525451719761,0.550980985165,0.404638677835,0.518873810768,0.381462991238,0.226115211844,0.269209951162,0.241943836212,0.237596541643,0.093434184790,-0.050632860512,-0.221131190658,-0.485683649778,-0.387062907219,-0.321851253510,-0.289450734854,0.018840024248,0.090438269079,0.138272672892,0.392847776413,0.481457889080,0.461296141148,0.496173858643,0.520922720432,0.554776787758,0.704187273979,0.833817780018,0.732338845730,0.519617140293,0.317592382431,0.063853293657,-0.058045521379,-0.073949106038,-0.222334370017,-0.352364093065,-0.436205595732,-0.459517598152,-0.419420480728,-0.444635927677,-0.460937619209,-0.504055321217,-0.473295748234,-0.329712837934,-0.192688569427,0.030156901106,0.224139139056,0.295113414526,0.294162839651,0.257277190685,0.276435315609,0.398400962353,0.458334922791,0.316282242537,0.145878821611,-0.103915654123,-0.331065207720,-0.409657299519,-0.610725164413,-0.749120056629,-0.786426901817,-0.831174254417,-0.714335858822,-0.505570411682,-0.285603553057,-0.139829427004,-0.005448418669,0.181880459189,0.386160254478,0.548828482628,0.567523062229,0.686571776867,0.749516844749,0.616795659065,0.537062525749,0.365800648928,0.221892833710,0.030338719487,-0.293849706650,-0.434717357159,-0.492131799459,-0.453489661217,-0.384776175022,-0.279774218798,-0.172279223800,-0.324260473251,-0.361512929201,-0.323225766420,-0.209080815315,0.102816142142,0.214961856604,0.411291062832,0.581969022751,0.566037774086,0.668602943420,0.595044314861,0.468319892883,0.403086811304,0.235606178641,0.076872050762,-0.126438826323,-0.295487344265,-0.427592456341,-0.656202793121,-0.857215821743,-0.877765119076,-0.735796809196,-0.529757022858,-0.293142259121,-0.057413086295,0.199508905411,0.386641025543,0.447237521410,0.537844836712,0.570769190788,0.609194219112,0.748295605183,0.695582270622,0.586128056049,0.555990159512,0.301949054003,0.029061101377,-0.139071002603,-0.425347745419,-0.557379305363,-0.560840547085,-0.578568696976,-0.456476867199,-0.436948955059,-0.471458733082,-0.399748802185,-0.357322663069,-0.302446395159,-0.290936082602,-0.272128939629,-0.073770388961,0.160470575094,0.281415432692,0.350623160601,0.321426898241,0.292122900486,0.408250570297,0.392848104239,0.284640997648,0.187907218933,-0.034341931343,-0.181202828884,-0.224273443222,-0.297340989113,-0.432392865419,-0.575339674950,-0.638111293316,-0.619900584221,-0.433336257935,-0.188799932599,0.025560177863,0.193658471107,0.319178760052,0.470923244953,0.439881622791,0.468754917383,0.685076713562,0.733801543713,0.735751092434,0.669096827507,0.440854907036,0.244029596448,0.128647416830,-0.045149262995,-0.224038138986,-0.279150098562,-0.422640651464,-0.438887864351,-0.316836416721,-0.401531964540,-0.436684578657,-0.489281088114,-0.492361724377,-0.321380734444,-0.225976884365,0.001741361688,0.213984936476,0.304309427738,0.429739087820,0.427100419998,0.380666375160,0.330028027296,0.272834450006,0.151282116771,0.024053543806,-0.028305817395,-0.267871737480,-0.431988954544,-0.506308078766,-0.710134744644,-0.794279932976,-0.877717792988,-0.866243481636,-0.679460346699,-0.505145072937,-0.212059304118,0.045448429883,0.173613473773,0.294431775808,0.352000832558,0.428409993649,0.554649829865,0.551496624947,0.463716089725,0.450308442116,0.379018485546,0.284351855516,0.185961708426,-0.050648495555,-0.205149203539,-0.290728867054,-0.258782297373,-0.065028682351,-0.066449075937,-0.038167424500,0.007091917563,-0.123536609113,-0.076450124383,-0.072689324617,-0.185479372740,-0.074042111635,0.121680185199,0.241846829653,0.351417839527,0.443965196609,0.384952098131,0.405244708061,0.437702566385,0.251380503178,0.262379825115,0.239276766777,0.080620184541,-0.012280669995,-0.299962043762,-0.424543708563,-0.520734012127,-0.712816655636,-0.617508530617,-0.659034550190,-0.727115750313,-0.573916375637,-0.379502683878,-0.065137214959,0.107358954847,0.118271768093,0.133632630110,0.131787791848,0.256605833769,0.522709906101,0.778259277344,0.745459377766,0.517387151718,0.366971224546,0.214689254761,0.031146924943,-0.237434491515,-0.479389637709,-0.577000617981,-0.608473062515,-0.503035187721,-0.405785471201,-0.444375485182,-0.488723516464,-0.480961948633,-0.484960049391,-0.445421189070,-0.180598393083,0.075062960386,0.182301431894,0.343236565590,0.441493630409,0.357795238495,0.223514422774,0.181529119611,0.208599090576,0.272890925407,0.274718880653,0.066050998867,-0.148729294538,-0.338571280241,-0.554108083248,-0.679149925709,-0.832655251026,-0.857068240643,-0.594333648682,-0.344598114491,-0.122281588614,0.139734759927,0.277671992779,0.396960556507,0.540024042130,0.614629566669,0.680909097195,0.753448069096,0.875638484955,0.955935478210,0.800631701946,0.474531739950,0.143066599965,-0.109912626445,-0.246974468231,-0.411010235548,-0.548994183540,-0.412492781878,-0.345785260201,-0.401836633682,-0.324319928885,-0.286587148905,-0.222311452031,-0.236102074385,-0.233452185988,-0.023592077196,0.124052770436,0.343420684338,0.423017293215,0.351638048887,0.468675911427,0.414126455784,0.262636959553,0.129535898566,0.052043270320,0.151050537825,0.052401110530,-0.137642651796,-0.260202944279,-0.505903601646,-0.748965322971,-0.915550529957,-1.007402300835,-0.859771609306,-0.615399241447,-0.482786983252,-0.294205844402,-0.126871019602,-0.052630666643,0.045600462705,0.114105083048,0.154592886567,0.222491323948,0.402686446905,0.483229368925,0.415502548218,0.404683202505,0.236756280065,0.059219539165,-0.004215333145,-0.092865735292,-0.142278715968,-0.274030834436,-0.300927728415,-0.284196794033,-0.354760020971,-0.303922116756,-0.387736678123,-0.395852535963,-0.322530210018,-0.330802619457,-0.091082975268,0.025721395388,0.234072059393,0.574478864670,0.495664805174,0.568761706352,0.645987451077,0.484439939260,0.523964822292,0.482122540474,0.384372353554,0.233067288995,-0.106283754110,-0.369079470634,-0.529145658016,-0.534725606441,-0.580493390560,-0.741039395332,-0.728847026825,-0.576825857162,-0.330933481455,-0.072812162340,0.126681193709,0.162068083882,0.159911945462,0.326819032431,0.349409937859,0.404164522886,0.496116161346,0.353353798389,0.346615046263,0.286696285009,0.072169080377,-0.069319598377,-0.332629382610,-0.478090733290,-0.404763758183,-0.410468101501,-0.403936654329,-0.405292302370,-0.501817107201,-0.405174136162,-0.318765103817,-0.464736312628,-0.367940634489,-0.183766484261,-0.075011029840,0.239481121302,0.381201952696,0.335558623075,0.463769376278,0.504159867764,0.386218100786,0.383533269167,0.325761020184,0.179135441780,0.193555235863,0.085440620780,-0.105997078121,-0.143769815564,-0.286503791809,-0.421358674765,-0.430397689342,-0.334142804146,-0.227535381913,-0.203648507595,0.021732458845,0.145259141922,0.097846753895,0.205549910665,0.238137602806,0.313478678465,0.403917014599,0.478323817253,0.615201413631,0.519593775272,0.426643967628,0.321904927492,0.118795089424,-0.006957590580,-0.222165003419,-0.331112176180,-0.404152303934,-0.457061290741,-0.380575299263,-0.453842282295,-0.421300262213,-0.480634450912,-0.649777591228,-0.553546965122,-0.549820780754,-0.385578155518,-0.108991615474,-0.022649344057,0.107816882432,0.092760227621,0.214281231165,0.418628484011,0.381066977978,0.430378735065,0.360733658075,0.313654512167,0.313562333584,-0.013816984370,-0.226552739739,-0.397342026234,-0.622137963772,-0.674543797970,-0.760516703129,-0.707787930965,-0.523382067680,-0.363471210003,-0.149560257792,0.055137697607,0.206026971340,0.195666074753,0.254504173994,0.432088494301,0.454968601465,0.595061421394,0.727599322796,0.637564122677,0.558821439743,0.353907316923,0.068998388946,-0.200571507215,-0.404192745686,-0.370956718922,-0.448449432850,-0.556258499622,-0.418602436781,-0.414265304804,-0.404943048954,-0.285261064768,-0.346737742424,-0.240260690451,0.007203437388,0.109402067959,0.280462592840,0.410787642002,0.482877582312,0.547327160835,0.430102378130,0.285198360682,0.259860992432,0.230656608939,0.092096306384,-0.078684031963,-0.296973437071,-0.488887190819,-0.538247466087,-0.635051548481,-0.711494147778,-0.704939484596,-0.619976878166,-0.370968729258,-0.193987011909,-0.073427274823,0.069861344993,0.156623721123,0.340873986483,0.530046284199,0.524105668068,0.426691502333,0.449613302946,0.516586422920,0.456637620926,0.384148508310,0.193489402533,-0.085257418454,-0.218411877751,-0.385408163071,-0.476466119289,-0.383003175259,-0.376907080412,-0.374225139618,-0.337333589792,-0.371823042631,-0.380025029182,-0.289068430662,-0.138250574470,-0.037966452539,0.079657964408,0.163403898478,0.174755543470,0.329028069973,0.452656805515,0.458282589912,0.404878646135,0.337461233139,0.282570719719,0.043712358922,0.058586716652,0.107091337442,-0.238074496388,-0.238207995892,-0.405551165342,-0.912041723728,-0.759668469429,-0.468497902155,-0.510437667370,-0.339150726795,0.027136962861,0.029931616038,0.068763688207,0.454638600349,0.444566905499,0.332764565945,0.506508648396,0.591655492783,0.588983893394,0.582174777985,0.535798251629,0.303803622723,0.107314966619,-0.063627846539,-0.295500218868,-0.240250453353,-0.260361135006,-0.360088050365,-0.290258944035,-0.285415798426,-0.234639376402,-0.207734644413,-0.240818396211,-0.279828578234,-0.243931233883,-0.068932175636,0.064684160054,0.300186842680,0.442217618227,0.433014810085,0.449310690165,0.339855551720,0.409908950329,0.382092118263,0.112875193357,0.121530696750,0.030940826982,-0.245849773288,-0.424283891916,-0.549434065819,-0.637296438217,-0.742183685303,-0.633456766605,-0.444458931684,-0.337840408087,-0.092880941927,0.137875378132,0.361569195986,0.472667813301,0.474658638239,0.602714836597,0.613167762756,0.663235187531,0.776812016964,0.710490107536,0.571833372116,0.358303755522,0.206777691841,0.049112450331,-0.062474098057,-0.074175901711,-0.289925366640,-0.390763431787,-0.285521060228,-0.203170642257,-0.183910444379,-0.309433758259,-0.342649579048,-0.338802158833,-0.353448629379,-0.157719999552,0.047577463090,0.134877964854,0.239467695355,0.292513757944,0.292476803064,0.385261982679,0.367039382458,0.262487530708,0.255077570677,0.154774770141,0.073645196855,-0.089550726116,-0.439693599939,-0.659211516380,-0.882287621498,-0.975945830345,-0.730023145676,-0.731361031532,-0.843707919121,-0.464939177036,-0.231343835592,-0.197058007121,0.155928567052,0.176406800747,0.057679213583,0.310814797878,0.457859486341,0.557528078556,0.656645834446,0.635521292686,0.592195510864,0.441507399082,0.266063868999,0.053463954479,-0.117815382779,-0.163203924894,-0.225235983729,-0.272729933262,-0.383193254471,-0.385497152805,-0.351642549038,-0.377648174763,-0.190856739879,-0.221437752247,-0.140616729856,0.246596008539,0.282201558352,0.482271909714,0.617202997208,0.370273262262,0.448406577110,0.491651415825,0.444737672806,0.517610073090,0.361118495464,0.193542540073,-0.005628054496,-0.294266432524,-0.397023737431,-0.486572831869,-0.594868242741,-0.656074643135,-0.752841651440,-0.683962225914,-0.463893562555,-0.289288640022,-0.063881412148,0.164066389203,0.234849780798,0.338881909847,0.542612910271,0.586382150650,0.660754323006,0.827063202858,0.723398089409,0.519410192966,0.342979341745,0.188146337867,-0.019095785916,-0.357898086309,-0.410757541656,-0.393181145191,-0.462725639343,-0.321943640709,-0.267627447844,-0.239851161838,-0.180924713612,-0.252332061529,-0.261745125055,-0.256735444069,-0.192713469267,0.007954671048,0.181523412466,0.373647212982,0.526483595371,0.511472582817,0.512039721012,0.502042770386,0.385488659143,0.324070155621,0.255606234074,0.195169433951,0.095086097717,-0.140455707908,-0.300873667002,-0.520264506340,-0.680855751038,-0.649617612362,-0.652515292168,-0.575674414635,-0.503099858761,-0.273990422487,0.026506697759,0.141767770052,0.320992648602,0.261773616076,0.363696604967,0.630753219128,0.535002887249,0.778058528900,0.806687593460,0.532781243324,0.609520435333,0.343216657639,0.080625608563,-0.063362978399,-0.266233235598,-0.226438090205,-0.390052556992,-0.381449103355,-0.269747704268,-0.428500384092,-0.341580659151,-0.323025017977,-0.411018192768,-0.290453016758,-0.096902161837,0.070279315114,0.251689255238,0.464317888021,0.455366015434,0.491688549519,0.535972416401,0.447335779667,0.569132328033,0.514221787453,0.315693587065,0.165317088366,-0.130429118872,-0.352938383818,-0.533683538437,-0.726577341557,-0.844522535801,-0.794220328331,-0.558617532253,-0.386047482491,-0.329367488623,-0.138998359442,0.165590524673,0.199439257383,0.223145648837,0.427774071693,0.482277035713,0.551431775093,0.582249343395,0.535980224609,0.492016404867,0.282858073711,0.138984888792,-0.032562971115,-0.356898367405,-0.466248452663,-0.394256383181,-0.367062151432,-0.285300582647,-0.190458521247,-0.274156153202,-0.280569612980,-0.202584251761,-0.232925429940,-0.181044608355,-0.070281043649,0.110808454454,0.329455912113,0.479811072350,0.601990997791,0.591535389423,0.625278234482,0.722626686096,0.682956337929,0.602836012840,0.520128607750,0.494465619326,0.411900937557,0.194665238261,-0.068633124232,-0.345989406109,-0.441376805305,-0.473454862833,-0.442684054375,-0.299504190683,-0.226942583919,-0.000790351769,0.146543845534,0.082011692226,0.241079330444,0.402016878128,0.392943263054,0.558270692825,0.755633413792,0.649515509605,0.535721302032,0.360545873642,0.112225256860,0.166201025248,-0.050846733153,-0.304364562035,-0.194239437580,-0.422658413649,-0.534562051296,-0.350613176823,-0.452105641365,-0.587136507034,-0.454781979322,-0.459741741419,-0.812314748764,-0.711220741272,-0.452169775963,-0.400186866522,0.007938959636,0.145910114050,0.117918007076,0.357385277748,0.338722944260,0.205827906728,0.203407570720,0.204287856817,0.141936808825,0.123545035720,0.007528438699,-0.232322677970,-0.407638132572,-0.675786137581,-0.749497354031,-0.622245669365,-0.514235615730,-0.244644358754,-0.057035814971,0.106844112277,0.298451572657,0.313252776861,0.415098071098,0.521047174931,0.444789201021,0.527018249035,0.747701108456,0.697905600071,0.614344060421,0.644785523415,0.442749053240,0.212289407849,0.069241099060,-0.059015803039,-0.080966547132,-0.137724801898,-0.091624304652,0.039307009429,0.004942575004,-0.027147898450,-0.110049985349,-0.209181115031,-0.074623018503,0.073731400073,0.212014019489,0.364832341671,0.357915669680,0.441890239716,0.579254746437,0.540985047817,0.458233684301,0.319286078215,0.201883539557,0.172007530928,0.084704101086,-0.077935054898,-0.278336971998,-0.444863736629,-0.568144381046,-0.626630187035,-0.655092060566,-0.659940481186,-0.514628231525,-0.389557838440,-0.190454930067,0.063629105687,0.061669629067,0.161515414715,0.195871666074,-0.027918476611,0.153311967850,0.462682604790,0.478333503008,0.528871357441,0.550771832466,0.475399881601,0.348127454519,0.116155304015,-0.155487686396,-0.438060551882,-0.508399903774,-0.411624997854,-0.369860291481,-0.318840026855,-0.443280845881,-0.588802754879,-0.519515991211,-0.437979698181,-0.244654715061,-0.022471550852,0.145022496581,0.381038099527,0.528110802174,0.644446790218,0.734591543674,0.664019584656,0.546256780624,0.537755906582,0.502876043320,0.283582299948,0.052042603493,-0.245456412435,-0.407635331154,-0.377960145473,-0.533567726612,-0.549335777760,-0.509718596935,-0.541326403618,-0.316709667444,-0.093096837401,0.116842083633,0.326838225126,0.419133305550,0.490315616131,0.530452907085,0.582653462887,0.593081712723,0.570307433605,0.517280578613,0.462651222944,0.405519008636,0.182340174913,-0.073443889618,-0.413010597229,-0.632770776749,-0.515456020832,-0.621142268181,-0.744526207447,-0.539087593555,-0.466351032257,-0.441216975451,-0.285977840424,-0.280788749456,-0.280640751123,-0.066437505186,0.109747372568,0.172683328390,0.287719964981,0.385168343782,0.396816134453,0.414817124605,0.342387706041,0.182213857770,0.089604847133,-0.033808246255,-0.172680884600,-0.384101599455,-0.603277862072,-0.636056959629,-0.803006052971,-0.912798821926,-0.766945362091,-0.674555182457,-0.391165226698,-0.016834357753,0.226989895105,0.530875980854,0.702754616737,0.744403421879,0.795915663242,0.795807540417,0.811213672161,0.833477556705,0.823709905148,0.729112982750,0.502129077911,0.229191899300,0.000916039338,-0.218682631850,-0.396379292011,-0.282366245985,-0.080211244524,-0.099530890584,-0.085460051894,-0.036056607962,-0.064121842384,-0.068484924734,-0.096093386412,-0.044205863029,0.067945331335,0.134498998523,0.286051869392,0.398472011089,0.414946585894,0.397502243519,0.354883998632,0.457887738943,0.446152657270,0.201216235757,0.039584968239,-0.177225291729,-0.397350698709,-0.445943236351,-0.520375311375,-0.633534193039,-0.686402440071,-0.694462299347,-0.750240623951,-0.575608015060,-0.229487851262,-0.206358909607,-0.082108572125,0.184382721782,0.269085913897,0.373371809721,0.369536876678,0.375377833843,0.443472057581,0.478802621365,0.499170124531,0.295302152634,0.091100908816,-0.043553091586,-0.256484568119,-0.429675132036,-0.517726600170,-0.581393003464,-0.604586422443,-0.343187063932,-0.158680453897,-0.164510965347,-0.023480055854,-0.121556565166,-0.145035624504,0.030100220814,0.060704335570,0.368342965841,0.564302384853,0.477738082409,0.524337291718,0.485676914454,0.421253472567,0.305681496859,0.106044530869,0.059943918139,0.050469774753,-0.006953216624,-0.120784513652,-0.306429535151,-0.481160193682,-0.550611376762,-0.531057298183,-0.457321703434,-0.286289155483,-0.167822033167,0.001311980188,0.245313838124,0.334393233061,0.498999327421,0.535880029202,0.387096583843,0.503840744495,0.590777814388,0.593610465527,0.672246694565,0.570508480072,0.369812428951,0.239168241620,0.109666943550,-0.072770573199,-0.202622309327,-0.316027730703,-0.377028256655,-0.264557570219,-0.243344902992,-0.241648823023,-0.237737655640,-0.350501805544,-0.335344254971,-0.362409889698,-0.333262115717,-0.188045054674,-0.166283145547,0.004959715530,0.194173932076,0.322364002466,0.448615193367,0.442453920841,0.400717347860,0.278879940510,0.203509613872,0.047006115317,-0.183871448040,-0.320259451866,-0.651556789875,-0.777181684971,-0.756119787693,-0.965183675289,-0.912165403366,-0.750793993473,-0.640283286572,-0.336171418428,-0.107781998813,0.047782666981,0.248828500509,0.275004744530,0.262282192707,0.345257490873,0.447403430939,0.558875977993,0.465315341949,0.360432416201,0.446685016155,0.317095369101,0.009355986491,-0.176640644670,-0.303831815720,-0.349224269390,-0.273987025023,-0.359742403030,-0.456459701061,-0.336228132248,-0.352006316185,-0.343789130449,-0.277181357145,-0.276740908623,0.019551994279,0.310375809669,0.412376314402,0.475542634726,0.447303026915,0.454699158669,0.462836831808,0.529188930988,0.458408921957,0.239823371172,0.221938088536,0.058159243315,-0.182869493961,-0.340694755316,-0.527467072010,-0.576549947262,-0.708288431168,-0.782994806767,-0.726192116737,-0.641175925732,-0.271971225739,0.002395908348,0.144228890538,0.307703077793,0.286832302809,0.400319427252,0.532563626766,0.518143534660,0.576174199581,0.584533393383,0.446201682091,0.174714103341,0.095554001629,0.029837604612,-0.308896631002,-0.469798356295,-0.577119648457,-0.579043567181,-0.475621730089,-0.448686748743,-0.210029110312,-0.238157644868,-0.276079207659,-0.111588455737,-0.266161054373,-0.115464210510,0.068348601460,0.061650991440,0.346269428730,0.409670442343,0.474706321955,0.679395616055,0.525824129581,0.362773269415,0.469537109137,0.469868570566,0.336620211601,0.293186426163,-0.024064281955,-0.329068541527,-0.297213762999,-0.407501935959,-0.484272897243,-0.512477934361,-0.527097821236,-0.390031844378,-0.336629986763,-0.169198274612,0.048814076930,0.115510679781,0.137446761131,0.150386184454,0.287331491709,0.526300132275,0.779413819313,0.770482838154,0.548215925694,0.378710120916,0.056163173169,-0.162693917751,-0.278431385756,-0.496759206057,-0.514928162098,-0.520163178444,-0.564555704594,-0.514942348003,-0.413991659880,-0.351443320513,-0.498281031847,-0.414707660675,-0.233466967940,-0.304721236229,-0.043082389981,0.115870639682,-0.026004161686,0.127876117826,0.118466176093,0.113908983767,0.246512845159,0.100786954165,0.001711348421,-0.038263581693,0.011668652296,-0.009055281989,-0.191402256489,-0.296834886074,-0.534231483936,-0.569919228554,-0.530737042427,-0.576400935650,-0.374819904566,-0.262279212475,-0.067578718066,0.077883616090,0.080347061157,0.311056166887,0.340192407370,0.348787069321,0.492716729641,0.513187110424,0.461501240730,0.303701937199,0.271087616682,0.250964641571,0.243454366922,0.165431395173,-0.208509981632,-0.330888867378,-0.292385846376,-0.154573619366,0.005174272228,-0.125485271215,-0.119684457779,-0.278143912554,-0.386350482702,-0.198908880353,-0.272436767817,-0.106904245913,0.100657626987,0.206251293421,0.513783752918,0.619076311588,0.708858907223,0.636136591434,0.486811667681,0.482833832502,0.322883397341,0.293316364288,0.183986514807,-0.081321939826,-0.321597039700,-0.587686836720,-0.617713510990,-0.632268548012,-0.691214978695,-0.678132295609,-0.577555477619,-0.384810388088,-0.215450972319,0.004047007766,0.004891381599,0.015232504345,0.236356034875,0.345995157957,0.472726196051,0.505072116852,0.550096750259,0.519433438778,0.392870754004,0.371912240982,-0.020482024178,-0.263277560472,-0.296537250280,-0.483962446451,-0.422535210848,-0.458678632975,-0.420388579369,-0.363649070263,-0.471774131060,-0.493914991617,-0.660354375839,-0.541172862053,-0.418640762568,-0.316092550755,0.080452308059,0.180469244719,0.404895484447,0.467369049788,0.324629187584,0.476566433907,0.416129201651,0.526953399181,0.553448736668,0.292866051197,0.070841148496,-0.344822287560,-0.428576946259,-0.525485813618,-0.785908102989,-0.722863197327,-0.619404315948,-0.390391677618,-0.214668437839,0.033296413720,0.313828170300,0.303430229425,0.410294830799,0.381357908249,0.409799277782,0.631282269955,0.604495823383,0.657010138035,0.619585633278,0.420534133911,0.298991769552,0.138836920261,-0.038460414857,-0.299686640501,-0.455248713493,-0.419844329357,-0.418080866337,-0.424652725458,-0.391271501780,-0.386098712683,-0.442477345467,-0.442836463451,-0.402997761965,-0.321465969086,-0.013104491867,0.321196913719,0.358561307192,0.309436827898,0.338683307171,0.179281041026,0.098047286272,0.278038948774,0.154628917575,-0.052849490196,-0.033647820354,-0.192247763276,-0.427836418152,-0.512393236160,-0.532908320427,-0.684470117092,-0.846333444118,-0.744707047939,-0.606093525887,-0.354492008686,-0.060493990779,0.066915132105,0.288477092981,0.378291428089,0.417098343372,0.613202154636,0.723924517632,0.856832504272,0.898180246353,0.848081946373,0.841537892818,0.674279749393,0.410333633423,0.112071722746,-0.129707068205,-0.206309542060,-0.294059246778,-0.378035217524,-0.322635173798,-0.255210399628,-0.266056895256,-0.288944721222,-0.350576937199,-0.298374980688,-0.128504619002,-0.087009780109,-0.005849994253,0.141566678882,0.265524178743,0.484100818634,0.604530334473,0.535755753517,0.395406216383,0.134974852204,-0.094368316233,-0.143594995141,-0.234389215708,-0.382471114397,-0.507860302925,-0.724328100681,-0.839682698250,-0.814237415791,-0.818128228188,-0.649588406086,-0.344545781612,-0.128502249718,0.035420648754,0.168644130230,0.296924352646,0.370477974415,0.308304518461,0.269865691662,0.361930221319,0.506934344769,0.590201497078,0.449262410402,0.210819840431,0.053636334836,-0.156694740057,-0.372153311968,-0.498467266560,-0.535506069660,-0.475044965744,-0.318891942501,-0.124364227057,-0.115818597376,-0.161959916353,-0.151058629155,-0.097121745348,0.138690382242,0.257244199514,0.268161267042,0.379020214081,0.388814926147,0.416322112083,0.534364938736,0.523778915405,0.377351403236,0.253832280636,0.161447256804,0.056403074414,0.017038742080,-0.041583225131,-0.184845268726,-0.297704368830,-0.484562933445,-0.733558416367,-0.658099532127,-0.479077935219,-0.507996380329,-0.281354218721,0.068502776325,0.099361218512,0.151485323906,0.348451733589,0.400118768215,0.448159426451,0.594307422638,0.626555621624,0.671562135220,0.654992580414,0.516932189465,0.456626147032,0.147809222341,-0.198868408799,-0.266087889671,-0.344927400351,-0.314027220011,-0.284128695726,-0.280976206064,-0.257391393185,-0.399406284094,-0.340092360973,-0.328454613686,-0.477332472801,-0.383943527937,-0.276056051254,-0.036232352257,0.194465592504,0.295762181282,0.489302784204,0.471992522478,0.387273341417,0.393705636263,0.427656561136,0.408101409674,0.268870234489,0.123998753726,-0.232020169497,-0.500552415848,-0.642299056053,-0.885899126530,-0.920658588409,-0.997547209263,-0.909032583237,-0.575084328651,-0.374781519175,-0.035771984607,0.154265388846,0.227707266808,0.422891169786,0.428206831217,0.487648785114,0.662452757359,0.801147878170,0.786494970322,0.553637623787,0.371752560139,0.195823132992,0.003219041973,-0.178759813309,-0.395488321781,-0.509666025639,-0.575614631176,-0.481501698494,-0.268009036779,-0.232590481639,-0.203718975186,-0.205213829875,-0.260128676891,-0.166195571423,-0.021871324629,0.138250619173,0.266159981489,0.471819221973,0.641291856766,0.443661630154,0.390081465244,0.570810854435,0.424013704062,0.230670824647,0.212567180395,-0.026933237910,-0.237042605877,-0.185083568096,-0.458063334227,-0.837245881557,-0.816017210484,-0.844837248325,-0.872903347015,-0.596840858459,-0.339867562056,-0.142857745290,0.030309688300,0.268799334764,0.658201038837,0.742544293404,0.679246544838,0.723380088806,0.619811177254,0.649692177773,0.642714798450,0.392655670643,0.282600075006,0.140616625547,-0.132159456611,-0.383497446775,-0.431393712759,-0.410324811935,-0.504384875298,-0.302116990089,-0.254931896925,-0.397489339113,-0.235341310501,-0.430898755789,-0.500456631184,-0.108511194587,-0.048223752528,0.160304829478,0.530307233334,0.665173172951,0.919159948826,0.982492029667,0.789419591427,0.687778413296,0.574126362801,0.473828852177,0.336189508438,0.147744938731,-0.021750746295,-0.330102980137,-0.645423829556,-0.786101818085,-0.855941057205,-0.846926808357,-0.650773882866,-0.430902361870,-0.258035689592,0.063326016068,0.243166968226,0.242678582668,0.354315787554,0.407336652279,0.576195895672,0.696653246880,0.653686344624,0.782222092152,0.592549324036,0.366743862629,0.279006212950,-0.136445403099,-0.312936097383,-0.477163076401,-0.662311613560,-0.398081541061,-0.277184128761,-0.248139858246,-0.204331666231,-0.275253772736,-0.230424493551,-0.251348048449,-0.283742547035,-0.177594721317,0.076198421419,0.377739608288,0.449781328440,0.376281350851,0.270782500505,0.310073673725,0.422551035881,0.262870132923,0.115290977061,0.073911555111,-0.028582697734,-0.070146858692,-0.252358704805,-0.490953445435,-0.529306530952,-0.664056956768,-0.658579230309,-0.432199478149,-0.388136386871,-0.150464147329,0.099368922412,0.125301405787,0.285708427429,0.222494944930,0.115518145263,0.275429964066,0.354816138744,0.473928064108,0.771524250507,0.792933225632,0.440656185150,0.420743852854,0.293929636478,-0.162369683385,-0.125983700156,-0.236118063331,-0.366798460484,-0.131000325084,-0.134667709470,-0.104564808309,-0.169751688838,-0.313905328512,-0.467096477747,-0.604312896729,-0.277702957392,-0.123818591237,-0.036970302463,0.321506828070,0.430660158396,0.444693207741,0.464665323496,0.509356021881,0.481778979301,0.329687118530,0.238953426480,0.191405385733,0.309159845114,0.172795966268,-0.180721029639,-0.276280492544,-0.498944729567,-0.591893553734,-0.470561325550,-0.423192560673,-0.302890717983,-0.353904187679,-0.219494000077,-0.031956158578,-0.108426876366,0.121347203851,0.251362591982,0.289765417576,0.403239488602,0.435873299837,0.735677421093,0.724608600140,0.493585348129,0.425350397825,0.194234177470,0.029554296285,-0.198140099645,-0.279194235802,-0.136076137424,-0.255534142256,-0.333666473627,-0.301369100809,-0.269065767527,-0.330585300922,-0.462288767099,-0.406378656626,-0.333303391933,-0.152775540948,0.021703993902,0.094684839249,0.280144363642,0.336330860853,0.381913870573,0.452621161938,0.393036454916,0.278194844723,0.222312092781,0.399598956108,0.359577834606,0.015760911629,-0.171688318253,-0.312337636948,-0.605617046356,-0.819050848484,-0.608091711998,-0.530576109886,-0.599962532520,-0.131958499551,0.073504306376,-0.069826245308,0.118870958686,0.179648444057,0.234743639827,0.508939206600,0.596175849438,0.653963387012,0.733993053436,0.513811767101,0.337307423353,0.290946245193,-0.075039282441,-0.247493594885,-0.192739278078,-0.379848152399,-0.362444728613,-0.225397780538,-0.215718999505,-0.315681308508,-0.437467724085,-0.478705465794,-0.603298604488,-0.425541222095,-0.153175085783,-0.046604137868,0.267612397671,0.469971597195,0.562284588814,0.543931901455,0.397743761539,0.464627981186,0.460270762444,0.392836511135,0.341316342354,0.152343049645,-0.002478896175,-0.227253079414,-0.469794452190,-0.588031649590,-0.698100149632,-0.696508705616,-0.670247852802,-0.535634040833,-0.139960527420,0.058661591262,0.120330661535,0.273592293262,0.350615292788,0.539951145649,0.808654010296,0.958447515965,0.972603380680,0.949909269810,0.903376877308,0.655382215977,0.473836094141,0.247434005141,-0.152654081583,-0.340053498745,-0.413249999285,-0.344573348761,-0.306477308273,-0.399602234364,-0.404036849737,-0.470949590206,-0.404330432415,-0.408137112856,-0.416393518448,-0.137121424079,-0.110432274640,0.027772461995,0.260940074921,0.240715384483,0.415371447802,0.405636847019,0.310150891542,0.371333718300,0.179515346885,0.031837694347,-0.063006177545,-0.288343369961,-0.422402143478,-0.507031142712,-0.733582317829,-0.935283362865,-0.841704905033,-0.728689372540,-0.567343056202,-0.169325172901,0.093383461237,0.179025977850,0.260043412447,0.362849771976,0.402152478695,0.374163180590,0.458482235670,0.512317538261,0.533573925495,0.554981410503,0.382262915373,0.225851356983,0.083284422755,-0.210865482688,-0.355232805014,-0.280489236116,-0.249268025160,-0.296684414148,-0.185051530600,0.065499573946,0.100079059601,-0.015181723051,-0.090034119785,-0.169502869248,-0.096998162568,0.154085457325,0.422349631786,0.568579912186,0.567202806473,0.586731195450,0.537717998028,0.444461524487,0.437801420689,0.313820481300,0.157334059477,0.025536121801,-0.183597415686,-0.279046535492,-0.312138438225,-0.428714513779,-0.554241240025,-0.608411371708,-0.540789723396,-0.436547607183,-0.300900518894,-0.076821386814,0.176238194108,0.399043828249,0.469298660755,0.423493206501,0.374643802643,0.420992046595,0.667798340321,0.725472867489,0.564855754375,0.474884063005,0.213614046574,0.045176915824,-0.052150990814,-0.337435007095,-0.379273504019,-0.437542766333,-0.517712891102,-0.370851635933,-0.347462862730,-0.342723548412,-0.395390152931,-0.491662055254,-0.490304023027,-0.433931261301,-0.197288572788,-0.011874405667,0.117325283587,0.227948784828,0.265769213438,0.390470057726,0.401082783937,0.415185570717,0.388852030039,0.134432747960,0.051487587392,0.015036077239,-0.127263203263,-0.194621577859,-0.386678814888,-0.657568812370,-0.756989896297,-0.775241494179,-0.676416397095,-0.409610390663,-0.202513426542,-0.025652781129,0.177315562963,0.336215347052,0.465374618769,0.533382058144,0.595813930035,0.640828371048,0.662924230099,0.716839253902,0.679582118988,0.517269849777,0.388813465834,0.227856203914,-0.038976900280,-0.172855854034,-0.296889424324,-0.406491756439,-0.314034670591,-0.350089132786,-0.412617266178,-0.393674492836,-0.450988739729,-0.363098800182,-0.228663638234,-0.089148201048,0.206221848726,0.385665088892,0.391809314489,0.430877208710,0.427303373814,0.341018795967,0.331397891045,0.388884872198,0.333412081003,0.164189487696,0.010393830016,-0.175140485168,-0.360762745142,-0.484192639589,-0.712253928185,-0.991645097733,-1.031844615936,-0.859549164772,-0.701814532280,-0.463498651981,-0.192192181945,-0.045994274318,0.112133041024,0.192707881331,0.213791340590,0.300789624453,0.485018193722,0.670477271080,0.663054883480,0.642984807491,0.485762327909,0.327842116356,0.238396957517,-0.185569435358,-0.358472108841,-0.355551719666,-0.417968541384,-0.206993907690,-0.220838263631,-0.239108979702,-0.159701257944,-0.286437839270,-0.300828099251,-0.385650932789,-0.357021510601,-0.033609326929,0.221952393651,0.505965292454,0.764503896236,0.815342068672,0.778923451900,0.776495099068,0.783911347389,0.782877087593,0.719151318073,0.479247301817,0.203274860978,-0.062041606754,-0.442613780499,-0.723889648914,-0.740195453167,-0.817312359810,-0.895752012730,-0.721954226494,-0.617737531662,-0.395685732365,-0.055424023420,0.005169501994,0.211209073663,0.318766355515,0.218764364719,0.406474202871,0.463009178638,0.488504260778,0.517176628113,0.305153191090,0.162490040064,-0.054513394833,-0.205035269260,-0.372654080391,-0.669439136982,-0.641982793808,-0.597815334797,-0.580894052982,-0.488462150097,-0.518638551235,-0.485234111547,-0.445461571217,-0.347631633282,-0.155567809939,-0.089131549001,-0.012491332367,0.105516150594,0.139562278986,0.177028536797,0.249545514584,0.211123555899,0.051709469408,0.037617858499,0.131743684411,0.044786132872,0.019906489179,0.075841762125,-0.132286831737,-0.295689940453,-0.379475355148,-0.541303932667,-0.509229123592,-0.410951316357,-0.348427623510,-0.247104689479,-0.119386889040,0.035096116364,0.230637311935,0.377385526896,0.343098759651,0.478103399277,0.585152387619,0.587329447269,0.816932976246,0.706835508347,0.600178778172,0.569824457169,0.160272806883,0.021425619721,-0.108152456582,-0.257783263922,-0.210700944066,-0.256263434887,-0.091356337070,-0.084805242717,-0.219850376248,-0.175786390901,-0.241528689861,-0.247423246503,-0.214287802577,-0.170041948557,-0.071393020451,0.119522139430,0.362213581800,0.335143685341,0.352741092443,0.433775365353,0.390468150377,0.423981517553,0.378225415945,0.347763568163,0.211386665702,-0.149165898561,-0.333759367466,-0.440319210291,-0.606113612652,-0.793358564377,-0.817862272263,-0.644255876541,-0.502228379250,-0.241184428334,-0.072797603905,-0.073810487986,-0.026806948707,-0.022867782041,0.119655311108,0.257294952869,0.379586458206,0.657753407955,0.698381364346,0.547193706036,0.321287274361,0.079761341214,0.029556587338,-0.128840923309,-0.334452390671,-0.380139499903,-0.516904354095,-0.570765614510,-0.448498129845,-0.412961572409,-0.397543311119,-0.432441264391,-0.480512768030,-0.313638776541,-0.077043011785,0.116671204567,0.209138765931,0.248849228024,0.382890343666,0.469293981791,0.476859360933,0.347612023354,0.284135103226,0.440979480743,0.367288619280,0.218167677522,0.115540847182,-0.117526076734,-0.228671014309,-0.394203692675,-0.542027950287,-0.474634528160,-0.515102684498,-0.418515056372,-0.164939358830,-0.037319160998,0.115868985653,0.124292582273,0.098841764033,0.323664575815,0.438850641251,0.363262563944,0.410019874573,0.512817859650,0.514978468418,0.489356040955,0.373607039452,0.086114481091,-0.158255293965,-0.219540148973,-0.282119542360,-0.266849994659,-0.120248556137,-0.217623278499,-0.416109323502,-0.451641440392,-0.486514180899,-0.505081772804,-0.484820187092,-0.542338967323,-0.546645641327,-0.333661884069,-0.160215571523,-0.072637744248,0.134867489338,0.231486856937,0.161931976676,0.177546098828,0.225070387125,0.250391393900,0.227587044239,0.048444785178,-0.082638449967,-0.173102885485,-0.380610048771,-0.542103469372,-0.747383058071,-0.857403337955,-0.697519481182,-0.550137281418,-0.370510369539,-0.220071151853,-0.131470322609,0.127905413508,0.398920655251,0.541303336620,0.622967779636,0.774779498577,0.961801350117,1.077424645424,0.992892801762,0.678457021713,0.545133709908,0.353177338839,-0.028813742101,-0.205613106489,-0.390231251717,-0.395211309195,-0.259663730860,-0.256924092770,-0.228602290154,-0.388313770294,-0.418629527092,-0.286545395851,-0.330018043518,-0.216212451458,-0.111333988607,0.015183594078,0.236240178347,0.194509536028,0.158720865846,0.139449387789,0.105045668781,0.187905877829,0.123094983399,0.079104892910,-0.000346460962,-0.224979013205,-0.261222898960,-0.379044651985,-0.587452888489,-0.726084887981,-0.894636154175,-0.786789774895,-0.579479634762,-0.392839550972,-0.130897909403,-0.060838140547,0.004382022657,0.107093520463,0.199713990092,0.255438178778,0.166792154312,0.301215678453,0.506258785725,0.547877550125,0.445489078760,0.191051632166,0.107963778079,-0.038006756455,-0.275705665350,-0.386185079813,-0.425439745188,-0.251614123583,-0.238800376654,-0.255168825388,-0.153765916824,-0.269202768803,-0.221333011985,-0.232300594449,-0.276781141758,-0.010429084301,0.206691890955,0.442913651466,0.511329233646,0.422596931458,0.419204562902,0.370132476091,0.447001397610,0.471964359283,0.356893509626,0.226225137711,0.110687196255,0.016178587452,-0.186144664884,-0.308576554060,-0.490925580263,-0.693935453892,-0.661167144775,-0.591501116753,-0.442542999983,-0.309943705797,-0.180611252785,-0.021336104721,0.072232171893,0.280576229095,0.384618639946,0.382276892662,0.536862373352,0.712092459202,0.718804061413,0.596092939377,0.505793333054,0.311089664698,0.058269098401,-0.116526260972,-0.287772506475,-0.408621490002,-0.489953130484,-0.437078744173,-0.394792318344,-0.410297393799,-0.334331005812,-0.408966988325,-0.414210975170,-0.322755485773,-0.321666687727,-0.135507851839,0.065857075155,0.186053365469,0.268668949604,0.261862874031,0.295857578516,0.370297223330,0.433959424496,0.318383187056,0.115971319377,-0.043304909021,-0.303259044886,-0.489360660315,-0.620348870754,-0.793674647808,-0.887312710285,-0.898909687996,-0.718491017818,-0.492963880301,-0.388410419226,-0.203618645668,0.033713907003,0.263107538223,0.506417155266,0.590978562832,0.529463112354,0.498457908630,0.513317048550,0.604689419270,0.613466858864,0.360681235790,0.192130297422,0.145283669233,-0.100123584270,-0.263340592384,-0.219098851085,-0.312118589878,-0.347877860069,-0.173099279404,-0.135986655951,-0.158113703132,-0.142094314098,-0.193760678172,-0.148238301277,-0.057457920164,0.069386295974,0.279824107885,0.380283594131,0.466539859772,0.516565680504,0.492837876081,0.520290136337,0.443904072046,0.380045413971,0.291492223740,0.065974012017,-0.049823336303,-0.268768966198,-0.568550169468,-0.713864743710,-0.900158464909,-1.009877681732,-0.892810940742,-0.697656035423,-0.516314983368,-0.317474484444,-0.117275319993,0.097335942090,0.369431406260,0.373082488775,0.272736430168,0.422106981277,0.493308335543,0.614741504192,0.672853350639,0.430233985186,0.314273446798,0.062923982739,-0.249488934875,-0.343322426081,-0.607398331165,-0.647380769253,-0.422542303801,-0.396578103304,-0.345064997673,-0.366481959820,-0.439660727978,-0.279639750719,-0.204946190119,-0.145599499345,0.161843985319,0.249726623297,0.295517474413,0.726929485798,0.836568236351,0.678893268108,0.772604882717,0.622971534729,0.511497318745,0.631882905960,0.354148775339,0.137359559536,-0.047621831298,-0.478496044874,-0.512475371361,-0.708950638771,-0.967859685421,-0.681842207909,-0.713641285896,-0.630224347115,-0.183380901814,-0.108734399080,0.133631750941,0.398375868797,0.272718727589,0.300403624773,0.425866276026,0.448520094156,0.634037077427,0.777386963367,0.503465116024,0.247404381633,0.133930370212,-0.207342714071,-0.435426980257,-0.503638207912,-0.616017580032,-0.651672303677,-0.704060375690,-0.599485039711,-0.418195962906,-0.381617128849,-0.344758510590,-0.437477707863,-0.397831350565,-0.157038792968,-0.001612271299,0.266406327486,0.383689910173,0.335341691971,0.409473598003,0.354019433260,0.267807245255,0.259075671434,0.259864091873,0.216490417719,0.093686841428,0.029099799693,-0.150079861283,-0.387120664120,-0.514359831810,-0.679270148277,-0.809012174606,-0.770222961903,-0.619702279568,-0.515684664249,-0.281315624714,0.012514929287,0.096655011177,0.249902993441,0.438618928194,0.589585185051,0.740391790867,0.775420963764,0.813309788704,0.794419467449,0.677017509937,0.537104964256,0.373632162809,0.170783340931,-0.064711734653,-0.191693037748,-0.266926020384,-0.298592358828,-0.306790411472,-0.389272511005,-0.353422313929,-0.368922293186,-0.511249959469,-0.524463355541,-0.389646261930,-0.098617486656,0.061307828873,0.191756501794,0.526272892952,0.614975452423,0.618522346020,0.731777787209,0.567026078701,0.342700242996,0.389586508274,0.377494007349,0.159870564938,-0.018986383453,-0.335696876049,-0.668110549450,-0.772453486919,-0.911672532558,-0.813634097576,-0.643437862396,-0.584909200668,-0.248244479299,-0.142727822065,-0.098325304687,0.130291476846,0.144455358386,0.366287976503,0.550916612148,0.452316522598,0.507339358330,0.663609862328,0.709073603153,0.511603593826,0.273879617453,0.025311883539,-0.220484361053,-0.323150157928,-0.491420924664,-0.570312321186,-0.489079445601,-0.369336664677,-0.160363301635,-0.054963581264,-0.133557513356,-0.255632638931,-0.199622318149,0.019332613796,0.163616865873,0.332940399647,0.423195332289,0.333867818117,0.413259774446,0.461811602116,0.323850333691,0.310723870993,0.319403737783,0.208880379796,0.029931083322,0.006218489725,0.019902074710,-0.199647188187,-0.353155732155,-0.512273252010,-0.662007331848,-0.606835246086,-0.435971081257,-0.169622451067,-0.098396249115,0.051917612553,0.286840587854,0.193591371179,0.262657910585,0.408506244421,0.397258996964,0.484775304794,0.639381647110,0.684575617313,0.486621230841,0.348626255989,0.188606411219,-0.040342804044,-0.139360770583,-0.373328417540,-0.415777862072,-0.333978533745,-0.348241806030,-0.178938835859,-0.149480551481,-0.209944203496,-0.343289256096,-0.504668712616,-0.406459271908,-0.342008650303,-0.108470529318,0.134088397026,0.060709841549,0.195723846555,0.328958064318,0.190625250340,0.234989851713,0.385695427656,0.261680573225,0.260706514120,0.403267860413,0.107448175550,-0.120808936656,-0.172400996089,-0.472994297743,-0.664308190346,-0.759603381157,-0.708499729633,-0.416137754917,-0.211538612843,-0.086800560355,0.098388381302,0.266938894987,0.313606530428,0.550878047943,0.692767918110,0.525286793709,0.706027090549,0.821220874786,0.700564146042,0.666298389435,0.404026597738,0.095130153000,-0.073777601123,-0.211021035910,-0.394340276718,-0.442586570978,-0.324431866407,-0.299492508173,-0.292864114046,-0.341785728931,-0.322113186121,-0.291134595871,-0.423204928637,-0.413075417280,-0.274566501379,-0.108900189400,0.026089161634,0.197611853480,0.403194338083,0.374794691801,0.286858797073,0.210353836417,0.095816001296,0.021745655686,-0.047724299133,-0.105394408107,-0.255987882614,-0.444069951773,-0.557656347752,-0.627079963684,-0.648199498653,-0.639637529850,-0.536314666271,-0.366113156080,-0.214498177171,-0.095031335950,0.053866863251,0.261096626520,0.347677677870,0.316440790892,0.378226220608,0.534007608891,0.598544061184,0.645184516907,0.630584061146,0.435626268387,0.335968554020,0.189180001616,-0.026246180758,-0.170781955123,-0.377105087042,-0.430481851101,-0.372481495142,-0.247809052467,-0.201245069504,-0.299831569195,-0.285277575254,-0.410419434309,-0.368932723999,-0.112028628588,-0.002040872350,0.196718662977,0.325949430466,0.525342345238,0.589063227177,0.391151338816,0.498261541128,0.441305607557,0.299307167530,0.364453017712,0.252383500338,0.103853270411,-0.050455860794,-0.190415680408,-0.376551955938,-0.561418473721,-0.629605591297,-0.684481859207,-0.487277448177,-0.279261410236,-0.141831889749,0.102921254933,0.137252539396,0.174522906542,0.330414324999,0.383927613497,0.504534304142,0.723312616348,0.788731038570,0.715754210949,0.658231556416,0.428970813751,0.123180009425,-0.034996386617,-0.211963132024,-0.308145642281,-0.272075921297,-0.333232462406,-0.381917387247,-0.353816956282,-0.397987902164,-0.375669598579,-0.381285101175,-0.446677267551,-0.249851316214,-0.098036825657,-0.037828098983,0.163221314549,0.275419890881,0.377519994974,0.438427776098,0.344404786825,0.266050994396,0.258464664221,0.149005591869,-0.033162053674,-0.085349962115,-0.288852125406,-0.533920288086,-0.692142248154,-0.863742470741,-0.756363928318,-0.714444696903,-0.647902548313,-0.316272079945,-0.179239988327,0.025386102498,0.339661419392,0.410658299923,0.402550339699,0.442793101072,0.451054364443,0.552635729313,0.748327374458,0.691203415394,0.504579007626,0.283243745565,0.028899738565,-0.124178178608,-0.352278411388,-0.470714420080,-0.437191665173,-0.352134555578,-0.114222712815,-0.052972700447,-0.160221517086,-0.129572838545,-0.108635708690,-0.152861580253,-0.014246522449,0.145991027355,0.195333078504,0.359475374222,0.380151391029,0.309084266424,0.393558204174,0.373927950859,0.394333779812,0.444193392992,0.312403112650,0.137830749154,-0.080188333988,-0.237018346786,-0.307699203491,-0.427307277918,-0.549701929092,-0.678016960621,-0.760984480381,-0.707647085190,-0.559421360493,-0.397363662720,-0.205301374197,0.009611739777,0.104196734726,0.179742887616,0.361043453217,0.486733138561,0.567435920238,0.583686232567,0.495506793261,0.524007558823,0.470179051161,0.248485460877,0.118011191487,-0.141896590590,-0.365888327360,-0.353645801544,-0.394807338715,-0.382958322763,-0.370784610510,-0.319105327129,-0.123595900834,-0.128886848688,-0.147680088878,-0.051382001489,0.012436585501,0.178305521607,0.404124557972,0.610579431057,0.630393862724,0.480578154325,0.454416185617,0.485784590244,0.390966445208,0.243270769715,0.134783819318,-0.008995380253,-0.115894779563,-0.162068843842,-0.343512445688,-0.629983842373,-0.763946652412,-0.768499910831,-0.801375925541,-0.659710168839,-0.469401121140,-0.303779780865,0.000454548019,0.153974637389,0.262838840485,0.308706671000,0.230162337422,0.360998570919,0.462396234274,0.522533655167,0.553145647049,0.356147080660,0.175818488002,-0.017113927752,-0.288032293320,-0.440730482340,-0.413301229477,-0.358003914356,-0.284098356962,-0.211985304952,-0.324853211641,-0.305004388094,-0.257354974747,-0.372976183891,-0.244449138641,-0.138829067349,-0.094601497054,0.108795821667,0.206743061543,0.338385939598,0.519583106041,0.564247488976,0.598002731800,0.578636765480,0.496076405048,0.464521348476,0.332294046879,0.112533479929,-0.071879021823,-0.350761383772,-0.590621232986,-0.773967921734,-1.023501992226,-0.991369664669,-0.787790536880,-0.648889005184,-0.344144105911,-0.137057363987,-0.039310071617,0.188975021243,0.267061710358,0.361276477575,0.588921904564,0.692715764046,0.799790859222,0.916043043137,0.829869866371,0.634810030460,0.499196022749,0.219401791692,-0.128141120076,-0.322080969810,-0.508233666420,-0.491857200861,-0.334658563137,-0.273338347673,-0.278956890106,-0.423811286688,-0.482476264238,-0.446280986071,-0.306384474039,-0.082028284669,0.027767665684,0.272114753723,0.467626780272,0.544767677784,0.607697486877,0.547888636589,0.563428401947,0.440057337284,0.303085952997,0.284740179777,0.107138305902,-0.015685502440,-0.215301290154,-0.543143868446,-0.805919170380,-0.970883131027,-0.937908113003,-0.818190753460,-0.594213902950,-0.343482673168,-0.128260403872,0.059761244804,0.131548792124,0.259698778391,0.298578023911,0.286781042814,0.408443778753,0.508313536644,0.697164893150,0.707713842392,0.489333570004,0.344955921173,0.044872842729,-0.181556001306,-0.271816283464,-0.436715334654,-0.354256063700,-0.263961493969,-0.327845901251,-0.273681581020,-0.282415151596,-0.340269476175,-0.271221518517,-0.178264155984,-0.092732481658,0.046986937523,0.201365485787,0.392956465483,0.559285044670,0.524345874786,0.522287726402,0.615992665291,0.614758431911,0.570081949234,0.399442106485,0.188823461533,0.071107633412,-0.027130849659,-0.188932925463,-0.522565245628,-0.739185035229,-0.702851593494,-0.645803272724,-0.580210387707,-0.523007035255,-0.356337845325,-0.147641316056,-0.012677446939,0.193834811449,0.237486347556,0.293318510056,0.451656967402,0.446251243353,0.653203070164,0.758983433247,0.574084460735,0.519166588783,0.287935853004,-0.059170339257,-0.399683535099,-0.674823224545,-0.572216808796,-0.461600929499,-0.452408224344,-0.404591828585,-0.520528674126,-0.631544411182,-0.554210782051,-0.427112162113,-0.393290281296,-0.357903927565,-0.108809106052,0.200232952833,0.372485816479,0.501427471638,0.570997297764,0.496994972229,0.338070213795,0.254959523678,0.235932454467,0.148521259427,0.114820763469,0.044032551348,-0.091092035174,-0.113536946476,-0.259407758713,-0.384619086981,-0.365766763687,-0.369640946388,-0.205951794982,-0.038910582662,0.145341679454,0.315356582403,0.328926861286,0.561092019081,0.618257701397,0.509091913700,0.633268654346,0.604398131371,0.576145291328,0.554078221321,0.439293265343,0.300533711910,0.011178520508,-0.147719144821,-0.259663999081,-0.306150972843,-0.218041732907,-0.320103108883,-0.301900595427,-0.123372979462,-0.119336828589,-0.224555179477,-0.391077995300,-0.554234147072,-0.553753495216,-0.363386690617,-0.248172685504,-0.200815960765,-0.074618376791,-0.030808590353,-0.042064163834,-0.109402626753,-0.039300452918,0.119802258909,0.052953869104,0.130663365126,0.096989996731,-0.082655116916,-0.026857566088,-0.287599533796,-0.609796583652,-0.763416349888,-0.885584115982,-0.651402771473,-0.416780054569,-0.274332165718,-0.186234235764,-0.175626531243,0.012323933654,0.088106453419,0.108150422573,0.248741254210,0.430482059717,0.657887816429,0.754934072495,0.837915062904,0.874521613121,0.711300611496,0.442142784595,0.075955316424,-0.207764342427,-0.277341872454,-0.193346560001,-0.073473945260,-0.032823007554,-0.139300018549,-0.304535567760,-0.302348822355,-0.296601206064,-0.300353586674,-0.207343772054,-0.169353976846,0.089304052293,0.375364065170,0.317748010159,0.370341449976,0.528441309929,0.514485299587,0.518848598003,0.570868730545,0.498575806618,0.331304013729,0.154919534922,-0.053738307208,-0.225150704384,-0.436347961426,-0.749002397060,-0.920886635780,-0.870183050632,-0.748302519321,-0.603852987289,-0.361326038837,-0.236231699586,-0.202107504010,0.098455384374,0.250988602638,0.202020958066,0.406049311161,0.488500416279,0.507959961891,0.610449612141,0.469687074423,0.383239597082,0.238941282034,-0.102332964540,-0.351865530014,-0.556708455086,-0.544263064861,-0.498710304499,-0.469054251909,-0.268114358187,-0.333362668753,-0.480789572001,-0.476466894150,-0.475417166948,-0.415265887976,-0.333960592747,-0.100838392973,0.141863599420,0.346338003874,0.598178923130,0.567766666412,0.500833153725,0.472937434912,0.297883957624,0.262983679771,0.218861669302,0.088935554028,-0.007031899411,-0.167047888041,-0.350328117609,-0.615677833557,-0.752889871597,-0.636406004429,-0.478034526110,-0.173307508230,0.093576528132,0.218798488379,0.330146342516,0.341216176748,0.414525836706,0.453329503536,0.460433483124,0.618933677673,0.710392475128,0.770614326000,0.811962187290,0.723042726517,0.512989461422,0.223064959049,-0.030205521733,-0.202809050679,-0.198500648141,-0.207391679287,-0.222041815519,-0.073883146048,-0.132352471352,-0.209445521235,-0.199489444494,-0.350316852331,-0.381903946400,-0.313286989927,-0.156727373600,0.089846707880,0.228434830904,0.296574741602,0.328622400761,0.407254517078,0.452403783798,0.414813220501,0.369112819433,0.300976932049,0.175396561623,-0.090764239430,-0.325406044722,-0.546409249306,-0.783785343170,-0.884120285511,-0.968505799770,-0.882927000523,-0.681715130806,-0.576718688011,-0.323502242565,-0.033887967467,0.110105901957,0.194614335895,0.188541486859,0.280664831400,0.513733983040,0.592440783978,0.678124547005,0.762308657169,0.582415044308,0.405873954296,0.193908140063,-0.095448829234,-0.240541279316,-0.399067312479,-0.425442367792,-0.271044552326,-0.176332458854,-0.098042398691,-0.095003649592,-0.102673001587,-0.106419682503,-0.146880909801,0.019092923030,0.303610116243,0.532479405403,0.688975453377,0.804579973221,0.864167451859,0.761211812496,0.703062474728,0.614153325558,0.404947608709,0.265899330378,0.051181320101,-0.145452171564,-0.256943345070,-0.367622911930,-0.471313029528,-0.655804514885,-0.739064872265,-0.655546724796,-0.473638892174,-0.263556778431,-0.135256305337,-0.000554006547,0.117927111685,0.222056522965,0.229889929295,0.154404133558,0.316452950239,0.472489386797,0.419319301844,0.426419168711,0.352734774351,0.143249467015,0.060221474618,-0.096797302365,-0.462084501982,-0.598408758640,-0.552615523338,-0.583016574383,-0.414717316628,-0.348911017179,-0.619027554989,-0.573651790619,-0.331091225147,-0.397006690502,-0.347374409437,-0.127314597368,-0.184094592929,-0.076808206737,0.290118545294,0.259317696095,0.146600648761,0.290851175785,0.319342017174,0.291883558035,0.318403452635,0.299229443073,0.266774535179,0.193776190281,-0.015009159222,-0.329016298056,-0.524930000305,-0.600951671600,-0.667930960655,-0.709708154202,-0.764137625694,-0.657899498940,-0.351246714592,-0.096210598946,0.115056134760,0.306584596634,0.403362959623,0.529426336288,0.744744956493,0.901053726673,1.006021022797,1.010222673416,0.834796845913,0.766811192036,0.622791409492,0.229596465826,0.042147912085,-0.109531678259,-0.300546020269,-0.255422741175,-0.250583231449,-0.308256894350,-0.277021408081,-0.305834800005,-0.438614577055,-0.418699115515,-0.246630847454,-0.152464300394,0.107317753136,0.380299031734,0.430849283934,0.585216939449,0.663819372654,0.616648077965,0.603407919407,0.484665155411,0.392904251814,0.237577185035,-0.041549295187,-0.259005635977,-0.475283980370,-0.678125202656,-0.874256968498,-0.991019427776,-0.995478689671,-0.898823499680,-0.574365675449,-0.295609861612,-0.136568576097,-0.004172021523,0.085061676800,0.312250912189,0.437807887793,0.479057282209,0.643187403679,0.741880774498,0.804282426834,0.710704982281,0.513322353363,0.275795072317,-0.118508726358,-0.332498043776,-0.477029889822,-0.600320816040,-0.492157518864,-0.416283279657,-0.404408365488,-0.396405339241,-0.254644960165,-0.213794291019,-0.346801578999,-0.163310274482,-0.102883867919,-0.049304649234,0.358263611794,0.577288985252,0.581485807896,0.462923556566,0.480757087469,0.505010306835,0.337409973145,0.478580921888,0.543878734112,0.389578282833,0.303363740444,0.078499309719,-0.272377699614,-0.619529247284,-0.731594026089,-0.846667587757,-0.768462777138,-0.376395255327,-0.386611551046,-0.162650927901,0.215987324715,0.160344645381,0.410260349512,0.510936737061,0.331712961197,0.585010707378,0.782022178173,0.712830722332,0.670543074608,0.500870704651,0.275776356459,0.146327555180,-0.135000526905,-0.345580279827,-0.356557786465,-0.415032207966,-0.344535708427,-0.363400310278,-0.449018537998,-0.415884912014,-0.594023227692,-0.603825509548,-0.384576708078,-0.385540157557,-0.256793975830,-0.003739350010,0.054441828281,0.335945546627,0.645431518555,0.561216115952,0.510314404964,0.436359822750,0.397459238768,0.433171629906,0.218102410436,0.067490130663,-0.157156020403,-0.406078428030,-0.447344303131,-0.581264019012,-0.615630626678,-0.555450022221,-0.421072900295,-0.135193169117,0.101854868233,0.253836929798,0.357697099447,0.539706707001,0.628221392632,0.653241455555,0.775017082691,0.821029722691,0.841928243637,0.774487674236,0.703915357590,0.599770247936,0.358180016279,0.109076112509,-0.298685312271,-0.493892252445,-0.460697054863,-0.428136140108,-0.151635929942,-0.035784408450,-0.064341038465,-0.090114690363,-0.191827967763,-0.238587990403,-0.383065521717,-0.281818389893,-0.056103818119,-0.067217290401,-0.038181416690,0.027733236551,0.204893648624,0.299491971731,0.208901435137,0.107861854136,-0.033938944340,-0.014719811268,0.063794553280,0.078890457749,-0.167949631810,-0.549831509590,-0.619917333126,-0.795874416828,-0.837367117405,-0.577054977417,-0.488839119673,-0.376144975424,-0.217995837331,-0.020347164944,-0.031336110085,-0.026914177462,0.187460154295,0.016746208072,0.178871199489,0.583701014519,0.620022118092,0.807147324085,0.773421943188,0.573725640774,0.428799003363,0.060322832316,-0.190495088696,-0.277314692736,-0.257224708796,-0.223039120436,-0.268895000219,-0.208916202188,-0.232275873423,-0.353132009506,-0.365982264280,-0.330070674419,-0.260243207216,-0.068093955517,0.172246754169,0.203568667173,0.247782304883,0.427327126265,0.422655940056,0.425090461969,0.457814753056,0.449050754309,0.488128781319,0.363658696413,0.330336838961,0.310881257057,-0.013211954385,-0.148245260119,-0.220236226916,-0.481648027897,-0.490094870329,-0.385074436665,-0.355044394732,-0.206561923027,-0.061543166637,-0.031446233392,-0.000261813693,-0.013914751820,0.001843137783,0.218863293529,0.323615103960,0.412409484386,0.627077400684,0.521752297878,0.359087496996,0.263673245907,0.053477853537,-0.061214134097,-0.260176509619,-0.453589648008,-0.392803728580,-0.238175660372,-0.063510328531,-0.082693904638,-0.319319695234,-0.405549854040,-0.451029330492,-0.523732781410,-0.248368129134,-0.085735894740,-0.201377555728,0.107715182006,0.306312650442,0.200333714485,0.392367631197,0.316385388374,0.202170297503,0.465900152922,0.356670886278,0.238037467003,0.251535773277,-0.210959926248,-0.504792332649,-0.422311991453,-0.630028307438,-0.729707717896,-0.458003550768,-0.494040012360,-0.447926759720,-0.103079751134,-0.058661352843,0.103795543313,0.292499214411,0.258131474257,0.336622536182,0.469506174326,0.705164015293,0.778654515743,0.775213778019,0.742917478085,0.464292466640,0.345254808664,0.117557652295,-0.079226568341,-0.083669684827,-0.264260381460,-0.209783628583,-0.172794833779,-0.214520737529,-0.182502463460,-0.338087886572,-0.423845857382,-0.555408596992,-0.482877492905,-0.188304677606,-0.072708912194,0.182146817446,0.331955343485,0.330478399992,0.375346302986,0.287274211645,0.243518128991,0.238248333335,0.239979609847,0.209558293223,0.126990988851,0.034988272935,-0.244311988354,-0.437442749739,-0.545429527760,-0.744985103607,-0.744110882282,-0.724257528782,-0.579873621464,-0.196273237467,0.013017496094,0.175758674741,0.305713206530,0.400071352720,0.511337339878,0.572244942188,0.729651093483,0.664753437042,0.553415298462,0.555163562298,0.307747066021,0.232192099094,0.053514618427,-0.320660322905,-0.290306359529,-0.344760745764,-0.265857368708,0.064141206443,0.056902218610,0.199235215783,0.358846187592,0.246215224266,0.133926823735,-0.065768972039,0.000622445717,0.187013939023,0.159195020795,0.356274485588,0.513278186321,0.365449935198,0.332404851913,0.331863641739,0.188960790634,0.102885171771,0.092101760209,-0.001757552382,-0.161722704768,-0.265293538570,-0.391376614571,-0.552604794502,-0.667410194874,-0.751592576504,-0.632129728794,-0.411814332008,-0.303656131029,-0.099870711565,0.089295767248,0.115583479404,0.167701914907,0.189334407449,0.128657415509,0.152917370200,0.243433326483,0.335966378450,0.433588743210,0.334281057119,0.142760366201,-0.013686762191,-0.293685495853,-0.461645781994,-0.496908694506,-0.482051223516,-0.338295727968,-0.257134854794,-0.205012157559,-0.197979107499,-0.276758849621,-0.343590080738,-0.450045198202,-0.424314439297,-0.241368755698,-0.034621100873,0.209838241339,0.342500627041,0.353586405516,0.410059511662,0.483078569174,0.411108642817,0.264336019754,0.260305047035,0.214755073190,0.006931662094,-0.113653242588,-0.313428759575,-0.582937180996,-0.540166795254,-0.589475631714,-0.708118081093,-0.458393216133,-0.329737305641,-0.176946446300,0.204879269004,0.262374073267,0.238854318857,0.392976015806,0.448305159807,0.434163928032,0.575632929802,0.707311570644,0.626892745495,0.538393616676,0.392984926701,0.177262440324,-0.087715350091,-0.331707417965,-0.277530223131,-0.301573693752,-0.360755831003,-0.233763307333,-0.261498153210,-0.128472641110,-0.008098806255,-0.213015496731,-0.166203916073,-0.046239182353,-0.087619215250,0.080194935203,0.223519921303,0.239230409265,0.420506507158,0.420970141888,0.282648086548,0.285514831543,0.094907931983,0.071224115789,0.086094729602,-0.190534099936,-0.165861994028,-0.327435106039,-0.634503126144,-0.631475329399,-0.830706179142,-0.834107041359,-0.636042177677,-0.491665244102,-0.162268191576,0.002397001954,0.096090346575,0.197952762246,0.199727088213,0.207799598575,0.185363903642,0.306058764458,0.407406389713,0.419718474150,0.424628227949,0.251621305943,0.056946173310,-0.170016109943,-0.372519969940,-0.410729408264,-0.424876064062,-0.389364689589,-0.378654628992,-0.376646578312,-0.295327812433,-0.275301903486,-0.269574314356,-0.299516707659,-0.364487439394,-0.241489335895,-0.086954683065,0.075873449445,0.333173066378,0.424658894539,0.496321171522,0.581010401249,0.549062252045,0.459888368845,0.292503833771,0.265982389450,0.224490433931,0.125555649400,0.004456734750,-0.349046438932,-0.526860773563,-0.630423903465,-0.673981904984,-0.573569953442,-0.645412862301,-0.442164808512,-0.192830130458,-0.023399690166,0.287416279316,0.330490261316,0.414934277534,0.490942060947,0.453242599964,0.578776836395,0.682808279991,0.747497677803,0.704847812653,0.570960104465,0.211234837770,-0.228393286467,-0.401914060116,-0.535391330719,-0.471620231867,-0.394957870245,-0.403433859348,-0.244270235300,-0.265506774187,-0.316384226084,-0.358759164810,-0.465497791767,-0.333876103163,-0.165845513344,-0.026672087610,0.156416982412,0.240054875612,0.286425471306,0.390164792538,0.351323306561,0.170329764485,0.193394526839,0.224370300770,0.077288098633,-0.040242429823,-0.193661063910,-0.344662427902,-0.406917154789,-0.462666153908,-0.547628641129,-0.610153257847,-0.517477869987,-0.274789690971,-0.015190081671,0.146423861384,0.325009912252,0.467041403055,0.406440764666,0.485533267260,0.588321149349,0.528643488884,0.604966759682,0.592246651649,0.490980714560,0.412772029638,0.178046122193,-0.121757596731,-0.444912940264,-0.516493439674,-0.368700951338,-0.346545845270,-0.352413028479,-0.363094061613,-0.283070176840,-0.195831581950,-0.283649176359,-0.401142477989,-0.402540653944,-0.243506893516,-0.181361287832,-0.135227918625,0.030386775732,0.092000469565,0.147323623300,0.176480263472,0.222860068083,0.370366513729,0.382951736450,0.254093199968,0.121859312057,0.008625054732,-0.159457430243,-0.305814921856,-0.495340526104,-0.721349656582,-0.667782068253,-0.624386191368,-0.660287618637,-0.548495829105,-0.411432236433,-0.158646300435,-0.006244613323,0.066690318286,0.190314650536,0.124267347157,0.270705282688,0.556471228600,0.663814246655,0.747973144054,0.591511368752,0.409963548183,0.361525565386,0.238419368863,0.069631874561,-0.158505752683,-0.256767302752,-0.278285115957,-0.250958144665,-0.189925611019,-0.317525476217,-0.390835613012,-0.420963972807,-0.471452564001,-0.466996878386,-0.336789906025,-0.012177054770,0.141384378076,0.239881992340,0.308670967817,0.262774050236,0.354819118977,0.268169283867,0.250698417425,0.349001407623,0.161253675818,0.123564660549,0.038169153035,-0.193925514817,-0.246270656586,-0.347773671150,-0.412066787481,-0.464387267828,-0.501737713814,-0.365934818983,-0.270816981792,-0.171771124005,0.010321964510,0.139958217740,0.145678326488,0.125357985497,0.191561564803,0.314322024584,0.473697304726,0.530099153519,0.481956571341,0.372166842222,0.237383246422,0.148937746882,-0.093215271831,-0.257921427488,-0.275679796934,-0.281641960144,-0.181188285351,-0.270218193531,-0.198338031769,0.013453998603,-0.140226021409,-0.337492853403,-0.491389840841,-0.448281228542,-0.323839992285,-0.251014411449,-0.046101704240,0.078075721860,0.181230023503,0.040082793683,-0.084902361035,0.068869821727,0.045553173870,0.207211479545,0.224583297968,0.020701877773,0.068835839629,-0.156849235296,-0.401954740286,-0.522478044033,-0.606298148632,-0.545639693737,-0.533127784729,-0.288927793503,-0.175606846809,-0.187193036079,-0.045482788235,-0.148657068610,-0.092057630420,0.099240742624,0.241492211819,0.465061098337,0.547999680042,0.598787605762,0.512083113194,0.488578349352,0.502715170383,0.200981363654,0.067406356335,-0.037437316030,-0.158998295665,-0.119987711310,-0.206825390458,-0.158861041069,-0.207153499126,-0.336311489344,-0.344414621592,-0.555699408054,-0.488917082548,-0.280423343182,-0.252503991127,-0.138762280345,-0.082272291183,0.073164090514,0.262988865376,0.352544784546,0.375117808580,0.323888093233,0.359318107367,0.246567919850,0.132095873356,0.059917207807,-0.121872544289,-0.252879530191,-0.560380220413,-0.740038990974,-0.768817901611,-0.823821604252,-0.581659555435,-0.364190757275,-0.200634181499,-0.063782647252,0.049968056381,0.291003257036,0.351862788200,0.381983667612,0.391365200281,0.380950748920,0.533141255379,0.570518672466,0.452861547470,0.272832661867,0.162164688110,-0.019941892475,-0.259612798691,-0.201592147350,-0.067698493600,-0.015284324996,-0.058321435004,0.056197635829,0.283372133970,0.168939977884,0.095794335008,0.059861294925,0.043020837009,0.197973132133,0.152043983340,0.161640003324,0.195066168904,0.117816485465,0.115798085928,0.099229879677,0.175102308393,0.097453474998,-0.053362041712,-0.009191255085,-0.087923511863,-0.205382362008,-0.310409784317,-0.392340838909,-0.415239721537,-0.504281759262,-0.504167795181,-0.511062264442,-0.477507561445,-0.347947120667,-0.240751489997,0.006498024799,0.059722267091,-0.044928766787,-0.011347250082,0.003761462867,0.161927685142,0.253858447075,0.352013170719,0.515356540680,0.269989907742,0.103767357767,-0.015397497453,-0.262607455254,-0.176260188222,-0.216492548585,-0.352040976286,-0.222990900278,-0.129098609090,-0.067138999701,-0.004613353405,-0.140140071511,-0.422645807266,-0.470111310482,-0.386417359114,-0.285129636526,0.017636030912,0.187719687819,0.253535896540,0.387427359819,0.498285442591,0.612468540668,0.558795213699,0.406677722931,0.388855993748,0.370270371437,0.121907278895,-0.064801186323,-0.143606364727,-0.404684394598,-0.500611305237,-0.547018766403,-0.555051922798,-0.279492348433,-0.214158520103,-0.158495321870,0.005250660237,0.045106530190,0.266116976738,0.430573731661,0.409788489342,0.371998369694,0.323782563210,0.410455793142,0.433695554733,0.346225529909,0.198628932238,-0.101595953107,-0.255136966705,-0.286419063807,-0.345740616322,-0.278095990419,-0.160023465753,-0.096897654235,-0.090183801949,-0.107925169170,-0.166293233633,-0.221205890179,-0.198555991054,-0.189189091325,-0.062385018915,0.063602671027,0.033789258450,0.173209831119,0.230980962515,0.111788317561,0.183513939381,0.222946807742,0.178940981627,0.174956992269,0.101048007607,-0.066395141184,-0.291602790356,-0.400538504124,-0.351550549269,-0.396904438734,-0.542172014713,-0.516849815845,-0.409222304821,-0.250966072083,0.003631429980,0.096542619169,0.162407651544,0.191804736853,0.149363324046,0.261737257242,0.297926962376,0.409688442945,0.613304495811,0.545938313007,0.439769417048,0.331227988005,0.211164146662,0.087656535208,-0.161015853286,-0.273242831230,-0.299231112003,-0.312160313129,-0.231365606189,-0.254717439413,-0.306374877691,-0.310302793980,-0.390607118607,-0.510390162468,-0.478694260120,-0.293210953474,-0.084665030241,0.161487415433,0.258516430855,0.290813714266,0.410545766354,0.388380765915,0.360819816589,0.379356384277,0.345034629107,0.266756802797,0.082596637309,-0.065346680582,-0.157653212547,-0.334636151791,-0.629723608494,-0.822953045368,-0.880900263786,-0.931629121304,-0.655824482441,-0.279197603464,-0.164608418941,-0.055796984583,0.128331750631,0.258787095547,0.237396821380,0.400127321482,0.610587596893,0.456624656916,0.458633065224,0.530721962452,0.365584522486,0.277855515480,0.071383431554,-0.299926936626,-0.426117271185,-0.490452706814,-0.666157603264,-0.535250425339,-0.447922617197,-0.517605304718,-0.153947308660,-0.044925704598,-0.250413388014,-0.053936600685,0.025818483904,-0.004390262999,0.290489733219,0.526270627975,0.581599593163,0.667667746544,0.637223064899,0.576560080051,0.530574381351,0.271034985781,0.220088586211,0.254318147898,0.076080016792,0.015989352018,-0.135835945606,-0.225999176502,-0.339085966349,-0.505801379681,-0.288401037455,-0.272167474031,-0.159443795681,0.202504053712,0.292628556490,0.558461487293,0.592877626419,0.537288188934,0.747271776199,0.638972699642,0.668727874756,0.736039757729,0.579364478588,0.494113266468,0.271795779467,0.066307090223,-0.159833699465,-0.405103147030,-0.512469112873,-0.562124907970,-0.539572775364,-0.606468677521,-0.563530743122,-0.478230267763,-0.509164273739,-0.492074370384,-0.602833747864,-0.476455897093,-0.196372494102,-0.131089329720,0.111340180039,0.306046098471,0.375367939472,0.492351472378,0.493117392063,0.440504968166,0.306460559368,0.240181192756,0.130773305893,-0.151354640722,-0.343448787928,-0.552847325802,-0.657964110374,-0.741607904434,-0.905235648155,-0.819745898247,-0.675368130207,-0.461743503809,-0.188547074795,-0.014661408029,0.199395939708,0.300749927759,0.384758770466,0.528545081615,0.650738775730,0.840457022190,0.850123703480,0.764391958714,0.837550818920,0.710377216339,0.338155716658,0.174499377608,0.042512547225,-0.232798799872,-0.254420489073,-0.231066614389,-0.344080448151,-0.269378811121,-0.141289189458,-0.060902975500,0.025293651968,-0.038981944323,-0.040049634874,0.084482863545,0.106502048671,0.289637118578,0.416887938976,0.382381349802,0.568040609360,0.494752526283,0.295736014843,0.336840033531,0.236219301820,0.113667868078,0.044557042420,-0.076257430017,-0.259810000658,-0.316565871239,-0.377509027719,-0.727572321892,-0.677521109581,-0.509147703648,-0.616036057472,-0.282069146633,-0.017631351948,0.009519357234,0.251565188169,0.271386027336,0.307739317417,0.486262142658,0.279325485229,0.210917994380,0.443685591221,0.381035596132,0.398911416531,0.369377493858,0.004106293898,-0.239015594125,-0.541074872017,-0.590017378330,-0.365216881037,-0.393402636051,-0.302168667316,-0.258278191090,-0.327746361494,-0.312991619110,-0.347075968981,-0.316761940718,-0.338553637266,-0.291537851095,-0.187355414033,-0.059975612909,0.144713848829,0.123994313180,0.197683155537,0.295568794012,0.264874368906,0.315571844578,0.205891281366,0.240257412195,0.240483075380,0.035470303148,0.001766768401,-0.242325991392,-0.466821342707,-0.519572436810,-0.580378830433,-0.437395930290,-0.381074488163,-0.224315777421,0.089894488454,0.171886667609,0.252197295427,0.415627717972,0.485767781734,0.453109174967,0.552737355232,0.610781490803,0.503688573837,0.519573628902,0.460376620293,0.423909485340,0.253301292658,-0.086614921689,-0.037872072309,-0.138911560178,-0.300607681274,-0.124582029879,-0.212159439921,-0.368388175964,-0.383592903614,-0.378305733204,-0.298666864634,-0.353924274445,-0.353734433651,-0.091655343771,0.075447350740,0.030404295772,0.146863520145,0.326391488314,0.184450417757,0.232005134225,0.418186366558,0.131215393543,0.049385927618,0.114964373410,-0.151655331254,-0.210460767150,-0.349659562111,-0.614374399185,-0.659795641899,-0.648110628128,-0.448106497526,-0.344267398119,-0.234676793218,0.024203805253,-0.027587199584,0.056491397321,0.208057641983,0.118623040617,0.293896466494,0.409516185522,0.403907299042,0.553829073906,0.525057017803,0.512753486633,0.450043469667,0.162258520722,-0.057894337922,-0.146265462041,0.013561744243,0.069031544030,0.070199348032,0.286317288876,0.207205131650,0.068033717573,-0.052270300686,-0.210156619549,-0.166302055120,-0.248769491911,-0.173154845834,0.021103203297,-0.000099799341,0.139536216855,0.317673027515,0.361173868179,0.292492330074,0.175207614899,0.193148687482,0.238812625408,0.224224388599,0.123017281294,-0.026220809668,-0.220138147473,-0.392527431250,-0.438517153263,-0.527129709721,-0.624569892883,-0.732910156250,-0.690049231052,-0.385424941778,-0.291930347681,-0.230519548059,0.010609509423,0.117324955761,0.234577283263,0.457917481661,0.536513149738,0.482499301434,0.458517193794,0.493256151676,0.600869894028,0.446063697338,0.067683875561,-0.049714848399,-0.158865809441,-0.382809549570,-0.514942646027,-0.431962251663,-0.273426026106,-0.302296429873,-0.204007074237,-0.215640068054,-0.484509915113,-0.518094241619,-0.407847315073,-0.161381810904,0.074279636145,0.206298664212,0.433616012335,0.516965091228,0.431138038635,0.321256458759,0.372212737799,0.371544063091,0.182858705521,0.228390023112,0.106484718621,-0.097168922424,-0.092700585723,-0.321592241526,-0.429548770189,-0.482878148556,-0.604051351547,-0.357029020786,-0.063043430448,0.160441890359,0.336462527514,0.383485943079,0.532049417496,0.649735271931,0.669786512852,0.736435711384,0.735619366169,0.629796802998,0.501665294170,0.397358715534,0.275052547455,0.073199450970,-0.206877186894,-0.430741637945,-0.417918175459,-0.428359061480,-0.491664528847,-0.366848111153,-0.338619917631,-0.237127363682,-0.066227540374,-0.180665716529,-0.134791463614,-0.074170641601,-0.113146558404,0.078720405698,0.121501393616,0.154316172004,0.239682704210,0.142246082425,0.179705619812,0.154103621840,0.058246161789,0.098135724664,-0.097761213779,-0.320528984070,-0.320959001780,-0.423209816217,-0.586629986763,-0.687568545341,-0.773169517517,-0.780868411064,-0.672350406647,-0.484634757042,-0.340701162815,-0.212395519018,-0.105702176690,0.018687022850,0.255031138659,0.290906608105,0.311481177807,0.380779087543,0.397926926613,0.691873550415,0.673520386219,0.392545282841,0.229239180684,-0.081310383976,-0.132069811225,-0.173846453428,-0.277998536825,-0.176279276609,-0.241526961327,-0.243420258164,-0.178351774812,-0.196916133165,-0.297283411026,-0.393376708031,-0.143158540130,0.052324984223,0.149443194270,0.412749797106,0.522146821022,0.540690362453,0.610144376755,0.622469484806,0.534459173679,0.457476079464,0.391608357430,0.286191642284,0.177505657077,-0.128649532795,-0.453349977732,-0.585413455963,-0.711807012558,-0.822261810303,-0.861413598061,-0.760117113590,-0.498211681843,-0.141579523683,0.132259681821,0.235829219222,0.354096829891,0.430494666100,0.460915386677,0.488682299852,0.455927759409,0.450074523687,0.391297817230,0.335621476173,0.216829180717,-0.143512815237,-0.317277103662,-0.341224581003,-0.530073344707,-0.578281223774,-0.530010938644,-0.505622982979,-0.396700859070,-0.282179296017,-0.189391627908,-0.217300161719,-0.242091745138,-0.166529670358,-0.125155478716,0.010073797777,0.153945475817,0.250497013330,0.361345231533,0.395943790674,0.382637172937,0.302161902189,0.339672714472,0.375101417303,0.147061660886,0.035921458155,0.036061145365,-0.088331475854,-0.219268247485,-0.263648062944,-0.307581543922,-0.411396861076,-0.348903030157,-0.218888998032,-0.164298236370,-0.022030664608,0.167542189360,0.324628949165,0.422857761383,0.501484394073,0.472191959620,0.438464730978,0.580053508282,0.583767831326,0.572855651379,0.579338729382,0.257415592670,-0.017406586558,-0.109390072525,-0.277732580900,-0.392545163631,-0.385742485523,-0.365444868803,-0.416095107794,-0.450944304466,-0.481965929270,-0.607128620148,-0.570120096207,-0.473116695881,-0.498364716768,-0.399942994118,-0.256861805916,-0.037287522107,0.227725550532,0.291002482176,0.338836401701,0.394833922386,0.371508359909,0.320851027966,0.253457874060,0.110921882093,-0.123146347702,-0.269966304302,-0.352561920881,-0.446393251419,-0.614811480045,-0.782745122910,-0.775651156902,-0.710024118423,-0.529622495174,-0.309632539749,-0.108441837132,0.135324686766,0.262093067169,0.411698341370,0.519556879997,0.591852724552,0.682443678379,0.640009105206,0.761577844620,0.770524263382,0.538117885590,0.402444332838,0.085023000836,-0.168456748128,-0.228474497795,-0.408024042845,-0.403275698423,-0.254077464342,-0.254970937967,-0.268435090780,-0.285031706095,-0.307313591242,-0.190836906433,-0.040120288730,0.116140164435,0.298807680607,0.354824811220,0.413652449846,0.473000705242,0.454450249672,0.496649116278,0.404267430305,0.258414447308,0.176620855927,0.005544481799,0.001772791729,-0.075536295772,-0.327875584364,-0.423989802599,-0.657613217831,-0.761251807213,-0.661364436150,-0.703656852245,-0.520617902279,-0.330781757832,-0.204197213054,0.045527372509,0.080202028155,0.136575281620,0.254416614771,0.318251550198,0.464627563953,0.519543111324,0.499107867479,0.390262931585,0.269924938679,0.176906138659,-0.014139211737,-0.168596416712,-0.401280939579,-0.522270798683,-0.427686721087,-0.481346577406,-0.485980153084,-0.433262467384,-0.421649813652,-0.407831758261,-0.493710190058,-0.406399399042,-0.316373884678,-0.348272055387,-0.154713302851,0.051411896944,0.200824946165,0.234374761581,0.192609623075,0.320180147886,0.308422863483,0.264756709337,0.235279113054,0.094839319587,-0.001754998113,-0.197267681360,-0.310107231140,-0.411827206612,-0.566089570522,-0.598805308342,-0.688057661057,-0.572957873344,-0.362775593996,-0.239364996552,-0.080515868962,-0.016031298786,0.193773537874,0.362281411886,0.393473118544,0.541285574436,0.554980158806,0.609874546528,0.735369384289,0.616342604160,0.477315247059,0.375225871801,0.123264774680,-0.029537504539,-0.057943090796,-0.225591406226,-0.335459560156,-0.403751343489,-0.379422962666,-0.165878951550,-0.148848980665,-0.229250252247,-0.318225979805,-0.407595694065,-0.281088173389,-0.103881604970,0.040984474123,0.188606798649,0.293615192175,0.252270400524,0.232785105705,0.325690209866,0.165137454867,0.079865172505,0.125994697213,-0.066798858345,-0.175057053566,-0.312192380428,-0.425714999437,-0.494659274817,-0.795325994492,-0.853565037251,-0.794680476189,-0.653082847595,-0.311079174280,-0.186955928802,-0.015107909217,0.068824246526,0.093150399625,0.348902910948,0.430084675550,0.485152393579,0.539023339748,0.582627892494,0.603994667530,0.385584890842,0.334606349468,0.229320913553,-0.056308131665,-0.059411190450,0.010428968817,-0.098326727748,-0.233584076166,-0.087942674756,0.058766148984,0.006805684883,-0.015559051186,-0.269011497498,-0.395986825228,-0.156997919083,-0.114660099149,-0.054357875139,0.165804818273,0.261226475239,0.359935581684,0.450709104538,0.470893174410,0.463245213032,0.384964108467,0.319437801838,0.226501375437,0.076124541461,-0.088780120015,-0.368855148554,-0.562787652016,-0.591360807419,-0.704697549343,-0.846703648567,-0.819613277912,-0.600434362888,-0.416733264923,-0.226855009794,-0.014310096391,-0.054552309215,0.023412628099,0.217947542667,0.264412343502,0.437062561512,0.534694552422,0.538055121899,0.518060863018,0.349170535803,0.185824736953,0.023021763191,-0.078203745186,-0.204293683171,-0.327199369669,-0.306112617254,-0.352959483862,-0.352056115866,-0.327550828457,-0.397491902113,-0.414894342422,-0.452692002058,-0.424472987652,-0.234776362777,0.008345464244,0.186302706599,0.244447737932,0.281282693148,0.303963333368,0.357699453831,0.361479103565,0.234945148230,0.210192635655,0.221905380487,0.119728967547,-0.051704250276,-0.214994043112,-0.311843037605,-0.433874160051,-0.534311771393,-0.541655898094,-0.522460699081,-0.406547933817,-0.153245106339,0.040024153888,0.188581928611,0.364325940609,0.366021901369,0.396290868521,0.506483435631,0.437428385019,0.465160340071,0.528116464615,0.401882618666,0.342522084713,0.273184776306,0.046911731362,-0.162434890866,-0.259738743305,-0.292293936014,-0.303891748190,-0.251873910427,-0.157831743360,-0.079249702394,-0.052684489638,-0.128875195980,-0.182731956244,-0.159500926733,-0.100536838174,0.037156332284,0.138063415885,0.222476273775,0.270591169596,0.211204171181,0.256828427315,0.229353442788,0.092911556363,0.064495503902,0.006888348609,-0.048816695809,-0.123209118843,-0.182762518525,-0.273143857718,-0.487536251545,-0.545222401619,-0.601198852062,-0.619129121304,-0.470155745745,-0.411480009556,-0.266527324915,-0.150372579694,-0.105629406869,0.077560521662,0.143317297101,0.125154420733,0.183344721794,0.306608110666,0.369995117188,0.427656680346,0.539966702461,0.334643512964,0.161262467504,0.149048730731,-0.113910563290,-0.233015447855,-0.265308827162,-0.352995306253,-0.243863761425,-0.151692390442,-0.084155097604,-0.041026875377,-0.168144151568,-0.291582852602,-0.285978466272,-0.224443539977,-0.041900731623,0.225537300110,0.300299167633,0.310739666224,0.378115057945,0.321886092424,0.241941615939,0.265282928944,0.299074262381,0.240398988128,0.102453380823,-0.017245825380,-0.090360850096,-0.282286077738,-0.495161563158,-0.491229206324,-0.476735442877,-0.442858904600,-0.335475862026,-0.248998910189,-0.057174384594,0.133643746376,0.264036417007,0.308113545179,0.318726927042,0.389843314886,0.329273015261,0.356030464172,0.399918913841,0.238281309605,0.155581101775,-0.008647916839,-0.205357924104,-0.258394986391,-0.335712164640,-0.385606557131,-0.452038973570,-0.427403777838,-0.275977611542,-0.161552965641,-0.070596069098,-0.121712066233,-0.172250702977,-0.169681116939,-0.214819312096,-0.075600758195,0.079425528646,0.199002265930,0.438882052898,0.521022915840,0.448808133602,0.377453714609,0.387463152409,0.500259697437,0.496361970901,0.334739625454,0.152098879218,0.020084286109,-0.151113003492,-0.220598608255,-0.181119620800,-0.398783504963,-0.420086294413,-0.171917662024,-0.235368594527,-0.181728124619,0.172045603395,0.285178691149,0.155831158161,0.302972882986,0.509148538113,0.373192906380,0.506927609444,0.678060352802,0.452725768089,0.416111469269,0.391756445169,0.081250719726,-0.237161576748,-0.459937781096,-0.574662983418,-0.524230241776,-0.445027172565,-0.507965326309,-0.503850817680,-0.452233314514,-0.447477161884,-0.438626170158,-0.497772902250,-0.425647765398,-0.267675876617,-0.105637609959,0.095788449049,0.182458609343,0.249300032854,0.245795845985,0.259447038174,0.381358891726,0.377527356148,0.260123938322,0.030782178044,-0.076013892889,-0.107782289386,-0.394484132528,-0.535194337368,-0.554518282413,-0.727565109730,-0.702017009258,-0.446101814508,-0.173756390810,0.036098185927,0.231340751052,0.479131788015,0.574322938919,0.629215657711,0.792400181293,0.783953607082,0.730904877186,0.738768100739,0.659279108047,0.629603505135,0.492211729288,0.196024477482,0.056108031422,-0.099075146019,-0.329636991024,-0.352203190327,-0.330533593893,-0.310742020607,-0.116006702185,-0.046612631530,-0.089495658875,-0.048028457910,-0.137237355113,-0.086533777416,0.124443896115,0.186874121428,0.327551066875,0.381464987993,0.341086655855,0.384484916925,0.295534968376,0.324156194925,0.367683559656,0.111219249666,-0.063118353486,-0.134220257401,-0.235840275884,-0.251196146011,-0.422548890114,-0.677230894566,-0.739004731178,-0.794959366322,-0.721643269062,-0.515449881554,-0.379728257656,-0.062636673450,0.107578136027,0.042784232646,0.300618410110,0.401288777590,0.309842735529,0.632701337337,0.740772426128,0.558133304119,0.675571918488,0.626018166542,0.398064613342,0.227581605315,-0.140220493078,-0.213680014014,-0.211756095290,-0.475090891123,-0.340156674385,-0.307826071978,-0.451784014702,-0.238834142685,-0.269971936941,-0.377835661173,-0.168752491474,-0.146148487926,-0.176618292928,0.131731182337,0.245253682137,0.292494595051,0.614562451839,0.518884420395,0.468577831984,0.579344868660,0.286355435848,0.245810344815,0.171877086163,-0.000486090459,0.026454912499,-0.281001508236,-0.402192234993,-0.433661937714,-0.708941757679,-0.614565849304,-0.491443991661,-0.393016576767,-0.108931109309,0.021804237738,0.216640233994,0.441959142685,0.475762516260,0.503670811653,0.482246309519,0.475462049246,0.586805582047,0.592794537544,0.439173102379,0.299040764570,0.226998701692,0.083320744336,-0.115084074438,-0.238567501307,-0.309998661280,-0.351757198572,-0.364016115665,-0.245162859559,-0.183488368988,-0.251686453819,-0.150197237730,-0.243897706270,-0.350855439901,-0.032708592713,0.118075750768,0.230153575540,0.414449989796,0.304163277149,0.285547286272,0.325684428215,0.310210078955,0.388978719711,0.306241065264,0.049216043204,-0.120358809829,-0.040956456214,-0.085054755211,-0.378086477518,-0.561435937881,-0.756651878357,-0.766683995724,-0.601281106472,-0.593589007854,-0.413502037525,-0.104169934988,0.091886959970,0.255915135145,0.338105320930,0.335083872080,0.465081006289,0.735117733479,0.788243889809,0.661974489689,0.578900516033,0.461972862482,0.330325603485,0.253827482462,0.093544460833,-0.127809822559,-0.140861600637,-0.083444334567,-0.011276258156,0.071987897158,-0.006996062584,-0.014581099153,-0.105798587203,-0.219910964370,-0.213108018041,-0.316703349352,-0.058655686677,0.249801874161,0.135360494256,0.110400266945,0.218771576881,0.266319096088,0.320336312056,0.436647206545,0.363707870245,0.273027628660,0.363141357899,0.187334820628,-0.028693215922,-0.165139257908,-0.455012410879,-0.607672095299,-0.674187898636,-0.765686154366,-0.708818852901,-0.584829568863,-0.477925777435,-0.256641715765,0.008620730601,0.073840752244,0.087595701218,0.212868824601,0.337503999472,0.468600034714,0.531932651997,0.562358379364,0.684324920177,0.631766200066,0.381851047277,0.100514538586,-0.206099063158,-0.368805706501,-0.386031478643,-0.355587601662,-0.366739660501,-0.356536179781,-0.194638669491,-0.171428531408,-0.240805327892,-0.255475163460,-0.277484983206,-0.102493777871,0.136676922441,0.270844995975,0.360053211451,0.461202949286,0.570181846619,0.480990797281,0.332754015923,0.291358560324,0.243720293045,0.225629195571,0.257658302784,0.192724540830,-0.079032875597,-0.279316186905,-0.349583417177,-0.506467282772,-0.429964393377,-0.202689096332,-0.209153950214,-0.153765261173,-0.011967049912,0.097791761160,0.262971758842,0.301126927137,0.468527823687,0.648163020611,0.418713599443,0.479700088501,0.718235254288,0.514793753624,0.364194959402,0.310750186443,0.162302881479,0.043379455805,-0.109471507370,-0.246567636728,-0.258308380842,-0.272645264864,-0.328988194466,-0.138129919767,-0.073753856122,-0.324815839529,-0.276707798243,-0.260525912046,-0.318158745766,0.011186507531,0.139855965972,0.091634884477,0.309950083494,0.427158653736,0.398012369871,0.416710287333,0.329808264971,0.163489237428,0.173694834113,0.176030054688,-0.020746497437,-0.169891163707,-0.306810498238,-0.470639795065,-0.602439403534,-0.647726178169,-0.511292695999,-0.351833462715,-0.174302354455,-0.057761155069,0.028545424342,0.180591076612,0.181586876512,0.274108022451,0.438410967588,0.427930831909,0.458540618420,0.526587188244,0.581509470940,0.547804892063,0.435851514339,0.337393581867,0.122225321829,-0.121060095727,-0.254272311926,-0.229177281260,-0.176570609212,-0.246623173356,-0.168820381165,0.004862566944,-0.064894944429,-0.188684374094,-0.220315605402,-0.258941680193,-0.122698187828,0.079430714250,0.199487462640,0.399960607290,0.458530843258,0.431305706501,0.453889280558,0.356371313334,0.299063533545,0.258197784424,0.224662706256,0.158021047711,-0.141136899590,-0.379831582308,-0.534209787846,-0.743606805801,-0.828366637230,-0.832778036594,-0.751157522202,-0.549453198910,-0.242389634252,0.103316627443,0.213907763362,0.265965998173,0.424991369247,0.474754840136,0.437993615866,0.367815703154,0.447241663933,0.551978290081,0.311441570520,0.080367214978,-0.064383253455,-0.372584640980,-0.521087527275,-0.476776689291,-0.582687377930,-0.662191867828,-0.467129170895,-0.306416451931,-0.189682304859,-0.013440572657,-0.020170556381,-0.032384835184,-0.055610880256,-0.113627895713,0.102616824210,0.313355922699,0.413498997688,0.631058931351,0.705155193806,0.537492513657,0.440245777369,0.396897733212,0.246564775705,0.181361034513,0.215403869748,0.155795380473,0.097895979881,-0.008912646212,-0.214109212160,-0.290662884712,-0.368949860334,-0.349612802267,-0.143837675452,-0.117200911045,0.046750761569,0.242866143584,0.216469690204,0.404539555311,0.412863731384,0.298228293657,0.421183317900,0.459467053413,0.591006457806,0.614994704723,0.399573355913,0.259104520082,0.083636566997,-0.068580031395,-0.260288089514,-0.434107273817,-0.488057076931,-0.565862715244,-0.565805792809,-0.614787280560,-0.556377887726,-0.378214508295,-0.384036362171,-0.328035622835,-0.341380357742,-0.289019912481,-0.018476776779,0.026415338740,0.056306269020,0.095957458019,0.056871127337,0.129766091704,0.166217476130,0.125362515450,0.073973834515,0.016281137243,-0.153210148215,-0.267497569323,-0.362801462412,-0.619828939438,-0.644744813442,-0.658131957054,-0.690931558609,-0.517768323421,-0.472922205925,-0.280016064644,0.054680533707,0.251326918602,0.381120473146,0.462961643934,0.570236980915,0.577584743500,0.626539170742,0.696833789349,0.585459411144,0.447308361530,0.309394121170,0.242988780141,0.072976887226,-0.119913809001,-0.202256247401,-0.399400055408,-0.336681216955,-0.182613804936,-0.173458099365,-0.035426061600,-0.105779886246,-0.250017791986,-0.201183751225,-0.176518231630,-0.078977093101,0.161757856607,0.416258275509,0.516237437725,0.491977572441,0.518815934658,0.511693656445,0.439529389143,0.446268767118,0.416598707438,0.240524262190,0.098740987480,-0.038638044149,-0.204070299864,-0.383042126894,-0.723406195641,-0.905783236027,-0.826799750328,-0.771905660629,-0.610779523849,-0.426200240850,-0.278902262449,-0.077380269766,0.076255917549,0.277564674616,0.342468917370,0.287591964006,0.451453387737,0.565200984478,0.568322658539,0.545787334442,0.335271745920,0.161722391844,0.047273620963,-0.234875932336,-0.445539772511,-0.457424312830,-0.391640484333,-0.276985615492,-0.343679279089,-0.452435910702,-0.419411957264,-0.457071751356,-0.412389606237,-0.405788868666,-0.373852401972,-0.143491074443,-0.104986615479,0.048197943717,0.279910087585,0.334647059441,0.502139508724,0.502083361149,0.396527320147,0.408379971981,0.410930097103,0.348685115576,0.196171492338,-0.024324014783,-0.408263206482,-0.593297183514,-0.639192104340,-0.832166433334,-0.709765315056,-0.488355278969,-0.347253113985,-0.112126350403,0.054804988205,0.214912146330,0.329671829939,0.451482564211,0.558809578419,0.520774185658,0.533402740955,0.549680650234,0.540133535862,0.597763538361,0.506997227669,0.189465165138,-0.069362506270,-0.226213827729,-0.400209665298,-0.440491825342,-0.434952914715,-0.514483392239,-0.483843296766,-0.346491813660,-0.345470100641,-0.428808003664,-0.399063169956,-0.356488496065,-0.214178353548,0.026162296534,0.145513474941,0.272148847580,0.359824746847,0.376890987158,0.398768544197,0.294047743082,0.167012676597,0.132351994514,0.039326563478,-0.145376682281,-0.244299694896,-0.345693588257,-0.533158898354,-0.624390423298,-0.677162289619,-0.669663131237,-0.566881835461,-0.431891322136,-0.185633122921,-0.007193462923,0.156521365047,0.375809371471,0.366490125656,0.408036381006,0.628412425518,0.746905028820,0.807039916515,0.828363776207,0.786177456379,0.631735742092,0.472744733095,0.320930063725,0.084276109934,-0.000864030910,-0.028650518507,-0.037388797849,-0.037553615868,-0.126418441534,-0.064545512199,-0.118250742555,-0.314325243235,-0.339487731457,-0.301830440760,-0.175401255488,-0.085714787245,-0.053924214095,0.076152041554,0.188433066010,0.231459677219,0.241185054183,0.257889330387,0.214510723948,0.138855502009,0.081150844693,-0.065582953393,-0.200114071369,-0.300351411104,-0.453926801682,-0.693080425262,-0.977236390114,-1.083267211914,-1.028884887695,-0.845179498196,-0.550721287727,-0.373843491077,-0.229020133615,-0.074328996241,0.046743988991,0.147091433406,0.129953369498,0.199487686157,0.309788584709,0.385500997305,0.499677777290,0.383294910192,0.209963262081,0.017032176256,-0.184163883328,-0.201616987586,-0.352569878101,-0.378691732883,-0.309027254581,-0.393917798996,-0.318025678396,-0.328079760075,-0.334245026112,-0.278504669666,-0.338139623404,-0.240235939622,-0.060526091605,0.141736328602,0.258419394493,0.298608988523,0.350253731012,0.303288131952,0.309225469828,0.279810339212,0.309344679117,0.380188703537,0.263515889645,0.158701300621,0.035656269640,-0.021564634517,-0.114115156233,-0.274738192558,-0.279736250639,-0.391775727272,-0.383332401514,-0.278411716223,-0.302464097738,-0.143790036440,0.044325165451,0.181823670864,0.178278476000,0.101831011474,0.249170839787,0.402504146099,0.574771523476,0.648604869843,0.513579547405,0.409937053919,0.320695430040,0.232743352652,-0.012334583327,-0.194158449769,-0.192450389266,-0.300920784473,-0.266568213701,-0.284930765629,-0.329700529575,-0.207410275936,-0.335119485855,-0.484091997147,-0.559849679470,-0.475977122784,-0.296381145716,-0.281980097294,-0.040796689689,0.077469587326,0.172053843737,0.497619092464,0.472244769335,0.464649349451,0.427696436644,0.182741150260,0.177622392774,0.152479559183,-0.017000796273,-0.314173907042,-0.617965757847,-0.674768447876,-0.700725197792,-0.660482108593,-0.588914573193,-0.560638189316,-0.382217407227,-0.270231872797,-0.123734638095,0.094708643854,0.078305430710,0.133129939437,0.226984038949,0.313197582960,0.515894830227,0.465795904398,0.421026974916,0.462280273438,0.286898106337,0.096501208842,-0.110823355615,-0.246758028865,-0.202781483531,-0.141292035580,-0.197636216879,-0.243492141366,-0.207068786025,-0.332931429148,-0.290317475796,-0.189215570688,-0.271498888731,-0.106303513050,-0.061792332679,0.007806999143,0.286184370518,0.286236315966,0.362280935049,0.368991672993,0.223188728094,0.261489510536,0.197480440140,0.098364077508,-0.047624722123,-0.218618378043,-0.244038030505,-0.406644821167,-0.614944577217,-0.710591435432,-0.782513380051,-0.691033005714,-0.494861245155,-0.336149632931,-0.110969565809,-0.028329955414,0.033213164657,0.313529551029,0.376758188009,0.425333112478,0.540883660316,0.481977939606,0.431159496307,0.298339486122,0.287588953972,0.218358844519,-0.051402267069,-0.254590034485,-0.519696116447,-0.515458703041,-0.486046165228,-0.542219042778,-0.330855220556,-0.261780947447,-0.180743172765,-0.201623588800,-0.390035927296,-0.309650003910,-0.221013188362,-0.039645355195,0.170120194554,0.309440791607,0.475424468517,0.457855343819,0.530335664749,0.605632483959,0.632059395313,0.704136729240,0.558305561543,0.426953345537,0.236915156245,0.016964860260,-0.107917368412,-0.369331151247,-0.418499290943,-0.431465268135,-0.568972229958,-0.373849451542,-0.205635726452,-0.186696842313,-0.007832227275,0.159555867314,0.267810612917,0.385452747345,0.517926931381,0.597019910812,0.574068903923,0.553628265858,0.494358181953,0.396821707487,0.254890501499,0.030049398541,-0.119613707066,-0.271033346653,-0.481157839298,-0.588193714619,-0.593375027180,-0.538948476315,-0.499289721251,-0.447569578886,-0.389920234680,-0.444673717022,-0.435919255018,-0.322394877672,-0.200965523720,-0.029806401581,0.102057464421,0.160308554769,0.126339331269,0.137168541551,0.211442619562,0.040459509939,-0.091482110322,-0.096618711948,-0.280305564404,-0.375626772642,-0.413772404194,-0.578725576401,-0.703922271729,-0.724432408810,-0.694800972939,-0.675988018513,-0.491042196751,-0.278417408466,-0.210484281182,0.070826470852,0.314892053604,0.410927623510,0.625420212746,0.538207948208,0.432357788086,0.573592603207,0.570383608341,0.680468738079,0.634416878223,0.362746298313,0.269239008427,-0.005382125266,-0.172527179122,-0.187361106277,-0.379336059093,-0.292600512505,-0.160383671522,-0.193129524589,-0.117800392210,-0.050087857991,0.011411615647,0.076422452927,0.089427709579,0.070809565485,0.185961484909,0.401439875364,0.466959267855,0.504159688950,0.561253070831,0.589870929718,0.544478476048,0.475409507751,0.353422164917,0.016399320215,-0.121258325875,-0.185486733913,-0.417099326849,-0.493528872728,-0.624933600426,-0.727313756943,-0.730601966381,-0.740625262260,-0.529212415218,-0.303207933903,-0.190112918615,-0.045630291104,0.185795471072,0.312000274658,0.301171451807,0.386940449476,0.362055748701,0.385073065758,0.446407735348,0.344357043505,0.414548963308,0.278613507748,0.050455410033,-0.037863645703,-0.471056789160,-0.692497670650,-0.618240118027,-0.640279531479,-0.542368650436,-0.470571458340,-0.376138836145,-0.312285125256,-0.408741623163,-0.400705695152,-0.337131023407,-0.221547454596,-0.050219323486,0.116934843361,0.289544939995,0.331606000662,0.344599485397,0.310643404722,0.229343354702,0.259430319071,0.225586429238,0.068940639496,-0.138459250331,-0.217596262693,-0.286550611258,-0.494990646839,-0.504645645618,-0.617803990841,-0.742961704731,-0.485638082027,-0.384791970253,-0.198266744614,0.223004907370,0.241777032614,0.292155891657,0.627683639526,0.618680953979,0.622738242149,0.944085657597,0.831048250198,0.637953102589,0.694538414478,0.377846211195,0.119534187019,-0.038929805160,-0.338226705790,-0.347472965717,-0.383086115122,-0.448124825954,-0.376439511776,-0.418828576803,-0.347593069077,-0.246315717697,-0.218258276582,-0.138004973531,-0.185681536794,-0.157275080681,0.068060971797,0.202952995896,0.302864164114,0.362778455019,0.310789912939,0.441450864077,0.535159170628,0.349156498909,0.301417410374,0.163293898106,-0.093244984746,-0.166375875473,-0.435423791409,-0.624406456947,-0.694386005402,-0.869746863842,-0.749752700329,-0.677506685257,-0.641102731228,-0.350262910128,-0.141050621867,0.110917255282,0.408551692963,0.508615612984,0.488723695278,0.563691496849,0.718968153000,0.826927363873,0.958731591702,0.851176440716,0.588418006897,0.550162971020,0.391930788755,0.075525529683,-0.039446651936,-0.100850634277,-0.203808695078,-0.199547171593,-0.213792979717,-0.199669137597,-0.117669038475,-0.212437883019,-0.238054752350,-0.153959140182,-0.146599039435,0.012752708979,0.147216379642,0.192750617862,0.404512405396,0.554672718048,0.528606712818,0.485337734222,0.425008505583,0.223794803023,-0.035548605025,-0.050332374871,-0.121146902442,-0.444947838783,-0.550829887390,-0.716799914837,-1.042984127998,-0.856497704983,-0.612133264542,-0.697588324547,-0.441505014896,-0.091248966753,-0.067829445004,0.092136226594,0.357787042856,0.476902812719,0.512521445751,0.384854793549,0.388541549444,0.569774150848,0.487321823835,0.447314023972,0.387608647346,0.085238166153,0.003730188590,-0.195621237159,-0.463127493858,-0.371010661125,-0.358642935753,-0.368782132864,-0.206826493144,-0.075190655887,-0.145224899054,-0.179339721799,-0.087551444769,-0.209387272596,0.000290636352,0.391812652349,0.390109300613,0.579071164131,0.636101663113,0.491551369429,0.655044436455,0.542718648911,0.401417940855,0.456696629524,0.124644950032,-0.142578125000,-0.169100701809,-0.272096872330,-0.338575899601,-0.416744917631,-0.485551863909,-0.573667585850,-0.614319443703,-0.382583200932,-0.049476198852,0.118314839900,0.163085952401,0.270269393921,0.188110977411,0.109151549637,0.358341723680,0.449343323708,0.552193999290,0.623043835163,0.452004730701,0.408091962337,0.190363332629,0.028743069619,-0.011544848792,-0.296862691641,-0.354744523764,-0.343108922243,-0.395922213793,-0.284554988146,-0.174189925194,-0.100254498422,-0.168728142977,-0.387348264456,-0.577329814434,-0.477586239576,-0.246038809419,-0.103223219514,0.139897182584,0.224901691079,0.296282231808,0.490648955107,0.495388239622,0.487955391407,0.405067205429,0.328345328569,0.361340433359,0.279329568148,0.118282981217,-0.152424231172,-0.401586622000,-0.497059315443,-0.541997790337,-0.639652132988,-0.606674373150,-0.389824420214,-0.398393869400,-0.310492843390,-0.060678623617,-0.055965609848,0.072526909411,0.259411901236,0.377702236176,0.552727222443,0.554690837860,0.604577779770,0.703749954700,0.458899289370,0.215929657221,0.180894300342,-0.112618818879,-0.314825087786,-0.128918632865,-0.249655604362,-0.387769103050,-0.221687331796,-0.232044368982,-0.242450892925,-0.257211536169,-0.369957476854,-0.344007283449,-0.222336366773,-0.121778346598,-0.065294325352,0.172006830573,0.441464602947,0.455996006727,0.500738799572,0.527358949184,0.348042458296,0.269234955311,0.316207587719,0.231389403343,0.086379468441,-0.111458048224,-0.350335776806,-0.390901744366,-0.428722530603,-0.671949923038,-0.706490218639,-0.451540112495,-0.298767626286,-0.179970681667,-0.001965334406,0.162944480777,0.272550016642,0.288775384426,0.440147280693,0.526832461357,0.543964624405,0.733985185623,0.720582783222,0.579804182053,0.373183071613,0.151143923402,0.007871959358,-0.332552731037,-0.445027530193,-0.356733411551,-0.377388775349,-0.318159371614,-0.318772912025,-0.296168386936,-0.299484312534,-0.377479374409,-0.381231635809,-0.277937084436,-0.013142836280,0.113693252206,0.270368009806,0.452872157097,0.458835750818,0.650163114071,0.634594678879,0.487171173096,0.513907492161,0.413827776909,0.403230667114,0.321522444487,0.089776307344,-0.188802480698,-0.389111340046,-0.399788618088,-0.655384719372,-0.653887093067,-0.372077435255,-0.363588571548,-0.187954023480,0.105265513062,0.272482454777,0.171155974269,0.230431422591,0.565569341183,0.416398078203,0.537694334984,0.793365001678,0.466308772564,0.403236329556,0.348906338215,0.127998560667,0.021781804040,-0.321099340916,-0.605883061886,-0.544059514999,-0.447003066540,-0.393940031528,-0.079036176205,-0.021559275687,-0.294696182013,-0.252046167850,-0.373789817095,-0.434015244246,-0.178761124611,-0.047336481512,0.132127121091,0.177893653512,0.237957492471,0.327892214060,0.191090270877,0.126123026013,-0.035961698741,-0.109188720584,-0.023608926684,-0.142921239138,-0.197975888848,-0.350435495377,-0.603669404984,-0.561330795288,-0.504221320152,-0.476466894150,-0.287700682878,-0.129521042109,-0.061617575586,0.108956500888,0.367833524942,0.473671883345,0.543429553509,0.594330966473,0.379748016596,0.340732485056,0.569759488106,0.495536386967,0.350856155157,0.335892498493,0.143381685019,-0.021203480661,-0.035536784679,-0.173244789243,-0.168906867504,0.067451126873,0.008645144291,-0.121399991214,-0.069265633821,-0.112904489040,-0.127690359950,-0.059913221747,-0.033138066530,-0.110710367560,-0.039895202965,0.237782329321,0.328425705433,0.449953943491,0.483734816313,0.351997911930,0.394667208195,0.311855465174,0.278557091951,0.179718315601,-0.129049867392,-0.111804649234,-0.168667495251,-0.383278667927,-0.516539216042,-0.760057985783,-0.809900462627,-0.652338206768,-0.569202542305,-0.446564197540,-0.137641876936,0.060537301004,0.081602327526,0.211096853018,0.192717179656,0.159235373139,0.308563321829,0.378279209137,0.464505255222,0.458609223366,0.400915890932,0.379886388779,0.194038733840,-0.073934376240,-0.353465586901,-0.449609130621,-0.420808583498,-0.436908602715,-0.370922327042,-0.285824626684,-0.233039855957,-0.333750128746,-0.420200079679,-0.319985121489,-0.242046505213,-0.088392749429,0.131328999996,0.319444030523,0.366137921810,0.293916910887,0.418325752020,0.541727185249,0.497207701206,0.379251211882,0.165525302291,0.038781847805,-0.001238454599,-0.169031605124,-0.344144761562,-0.419902443886,-0.601469635963,-0.671126186848,-0.511473298073,-0.490901738405,-0.319715827703,0.044124029577,0.184519320726,0.329836398363,0.508459270000,0.568331837654,0.636189997196,0.608294785023,0.497141450644,0.613764047623,0.689633429050,0.485794723034,0.455399364233,0.315521329641,-0.061731372029,-0.201303392649,-0.427559703588,-0.510478019714,-0.312608987093,-0.417485684156,-0.406573176384,-0.259582191706,-0.320358753204,-0.200776189566,-0.193487644196,-0.400811493397,-0.259358346462,-0.061547718942,0.001669641235,0.207061827183,0.375967621803,0.451336592436,0.457046270370,0.371936738491,0.343787759542,0.361182123423,0.319538176060,0.091238141060,-0.173450589180,-0.330211311579,-0.514814794064,-0.626736283302,-0.744209110737,-0.856546938419,-0.745741009712,-0.593176007271,-0.353048890829,-0.046712189913,0.100287437439,0.271967023611,0.446136534214,0.556505620480,0.730753362179,0.880351603031,0.984031200409,0.994173228741,0.914728343487,0.781850993633,0.483489066362,0.229893594980,-0.007080607582,-0.299652457237,-0.417786926031,-0.468116492033,-0.377331048250,-0.315635621548,-0.388145148754,-0.337229758501,-0.367755860090,-0.311690509319,-0.212497755885,-0.117723576725,0.146009087563,0.215040624142,0.321305394173,0.403214395046,0.377115011215,0.440962135792,0.255194425583,0.119891621172,0.040586858988,-0.066939286888,-0.133180424571,-0.390917181969,-0.570299446583,-0.819306552410,-0.976967990398,-0.971620738506,-1.066141128540,-0.871418476105,-0.734541416168,-0.582964003086,-0.230275094509,-0.065095290542,0.156766563654,0.257573723793,0.235751941800,0.261237978935,0.279244244099,0.452776372433,0.505781769753,0.418099820614,0.308928668499,0.161320343614,-0.002132532187,-0.254757136106,-0.482804626226,-0.632189810276,-0.502544879913,-0.374755412340,-0.419785052538,-0.220617502928,-0.185605078936,-0.119620338082,0.135063901544,0.007914443500,-0.010490815155,0.092915467918,0.137173652649,0.456064492464,0.617095232010,0.540939211845,0.603262722492,0.607876539230,0.477677404881,0.458007723093,0.368485897779,0.182593271136,0.089359439909,-0.125880911946,-0.278720349073,-0.366676956415,-0.528524696827,-0.433091938496,-0.526840209961,-0.706946015358,-0.359100073576,-0.093316406012,0.043489508331,0.252217680216,0.246405690908,0.296357631683,0.348160684109,0.333034694195,0.476113617420,0.588774740696,0.538215041161,0.416694849730,0.282969623804,0.093178883195,-0.029896764085,-0.045080672950,-0.165151536465,-0.321158885956,-0.306672126055,-0.218832403421,-0.289184361696,-0.315236806870,-0.286696910858,-0.495994985104,-0.632154881954,-0.601420938969,-0.512175619602,-0.308818459511,-0.186847746372,-0.053526852280,0.098491922021,0.150730118155,0.202445462346,0.176326751709,0.143497899175,0.148300766945,0.169425711036,0.170879527926,-0.053014028817,-0.205309227109,-0.254918724298,-0.527345538139,-0.674820780754,-0.694590508938,-0.721925437450,-0.577053785324,-0.475347131491,-0.355744481087,-0.131305068731,0.020422877744,0.129969075322,0.153448611498,0.170565769076,0.282033234835,0.378979653120,0.432131260633,0.525324821472,0.513453543186,0.352435350418,0.307323068380,0.095811881125,-0.171738997102,-0.121780209243,-0.159840717912,-0.184112742543,-0.121165089309,-0.139253631234,-0.121528320014,-0.221392184496,-0.319951325655,-0.345267444849,-0.311375230551,-0.146625474095,0.032106857747,0.263728201389,0.400229692459,0.403294146061,0.358759254217,0.239423379302,0.213094040751,0.269957780838,0.291964203119,0.207506150007,0.077729053795,-0.090665265918,-0.309987902641,-0.390207469463,-0.490605264902,-0.595705032349,-0.596170842648,-0.570015370846,-0.366340070963,-0.265516459942,-0.230842188001,-0.065780065954,-0.100307933986,-0.044450614601,0.148094937205,0.211054071784,0.291876047850,0.395732730627,0.465096652508,0.347036600113,0.251321315765,0.179982692003,0.014954430051,0.021240741014,-0.127816170454,-0.294486016035,-0.329365640879,-0.310765028000,-0.099046379328,-0.200532540679,-0.283893853426,-0.306320607662,-0.480826050043,-0.306060135365,-0.280180215836,-0.202614709735,0.027908429503,0.130455136299,0.451364338398,0.461478590965,0.496439814568,0.624621510506,0.407243907452,0.438785135746,0.450543820858,0.338964670897,0.247244641185,0.123660959303,-0.021939409897,-0.322834670544,-0.419204145670,-0.577190756798,-0.665091931820,-0.474089741707,-0.501083076000,-0.311431080103,-0.141745269299,-0.111052200198,0.116526372731,0.098121777177,0.119538798928,0.149582818151,0.139109075069,0.431595385075,0.523630023003,0.318857103586,0.138711780310,0.005555848125,-0.210719794035,-0.377807706594,-0.472617089748,-0.621614158154,-0.450953990221,-0.338270217180,-0.445960253477,-0.296726644039,-0.299180746078,-0.426856100559,-0.356923550367,-0.272796481848,-0.262915641069,-0.208453536034,-0.057155337185,-0.009630507790,0.095857523382,0.201129913330,0.095365718007,0.047308497131,0.062189050019,0.153595089912,0.156752467155,0.019764844328,0.006594241131,-0.101876936853,-0.241339445114,-0.369794607162,-0.546761393547,-0.505221784115,-0.324072778225,-0.178008243442,-0.157688155770,-0.065153628588,0.115522943437,0.199889600277,0.362985312939,0.431886255741,0.459781140089,0.540526211262,0.512226879597,0.567579746246,0.609582006931,0.612319827080,0.471400469542,0.170560300350,0.048684421927,-0.133512154222,-0.246077492833,-0.187348261476,-0.202435165644,-0.131918579340,-0.177734062076,-0.235611721873,-0.227522462606,-0.368227303028,-0.373706966639,-0.374480932951,-0.332349985838,-0.110136650503,-0.004366510548,0.165571197867,0.283546239138,0.197288483381,0.190254896879,0.168843954802,0.192376464605,0.232754454017,0.124186024070,-0.001254878356,-0.229164987803,-0.358084917068,-0.380255371332,-0.594176292419,-0.638348042965,-0.601186275482,-0.597989916801,-0.325996190310,-0.127726629376,-0.108594506979,-0.036875195801,0.088900700212,0.138783916831,0.117129683495,0.173894420266,0.169481620193,0.262685835361,0.352436900139,0.168630480766,0.107463285327,0.087932080030,-0.013293025084,-0.108280688524,-0.255335390568,-0.312425553799,-0.324524313211,-0.253405839205,-0.195008397102,-0.236210063100,-0.237491205335,-0.344693332911,-0.366594254971,-0.241036370397,-0.150732174516,0.051950834692,0.232134565711,0.315317720175,0.390573948622,0.427246272564,0.422468870878,0.371206462383,0.370615720749,0.281825065613,0.056231964380,-0.075912080705,-0.212927386165,-0.377548396587,-0.475706785917,-0.568223834038,-0.615969061852,-0.597105085850,-0.507519781590,-0.339543521404,-0.094982311130,0.216491967440,0.394585788250,0.436326473951,0.505631625652,0.510750055313,0.508489608765,0.566190302372,0.528884947300,0.478281080723,0.467684209347,0.354733079672,0.217568784952,0.036175824702,-0.254598647356,-0.359427124262,-0.344295263290,-0.418524354696,-0.325480371714,-0.187854573131,-0.219766706228,-0.259587496519,-0.384038686752,-0.495839625597,-0.397864878178,-0.248428374529,-0.070096053183,0.102435424924,0.201937571168,0.330016762018,0.429778397083,0.447111636400,0.386668801308,0.323053926229,0.318055182695,0.124239183962,-0.096436433494,-0.173099160194,-0.371242165565,-0.432217091322,-0.421189993620,-0.614142417908,-0.709389567375,-0.676251173019,-0.516901016235,-0.273437768221,-0.090668857098,0.043343428522,0.117532253265,0.234594628215,0.402083605528,0.611523628235,0.746291160583,0.805208861828,0.926586806774,0.857196688652,0.763644278049,0.672314167023,0.344777613878,0.120030723512,-0.083141662180,-0.236524492502,-0.221916809678,-0.367880463600,-0.443643271923,-0.350616067648,-0.318811595440,-0.352312505245,-0.368934035301,-0.282470971346,-0.213515594602,-0.121420376003,-0.000253855309,0.077470093966,0.206344440579,0.285743176937,0.305835038424,0.333217293024,0.315615564585,0.159733667970,-0.046772625297,-0.188311100006,-0.419323086739,-0.517777681351,-0.509288132191,-0.728307306767,-0.900303781033,-0.980756938457,-1.010837793350,-0.839208245277,-0.582656145096,-0.328710794449,-0.103326752782,0.129668325186,0.326796919107,0.393157422543,0.421074420214,0.512485802174,0.579642057419,0.578796863556,0.598866224289,0.463976413012,0.263831973076,0.125495776534,-0.179235145450,-0.390260428190,-0.419164419174,-0.476468384266,-0.468668073416,-0.452649831772,-0.458843708038,-0.361375957727,-0.157448604703,-0.025887824595,-0.059736639261,-0.037407353520,0.171547085047,0.386739820242,0.488884806633,0.648621082306,0.812176048756,0.668211102486,0.541494429111,0.725800991058,0.654229581356,0.363527566195,0.303536921740,0.146210208535,-0.030210534111,-0.191196292639,-0.536504626274,-0.545223832130,-0.592679500580,-0.736917555332,-0.388533890247,-0.332322239876,-0.330147296190,0.043847791851,0.126603603363,0.284941047430,0.493584752083,0.455931812525,0.544789075851,0.642114162445,0.643105208874,0.674115478992,0.592017054558,0.335801094770,0.210295975208,0.085448913276,-0.228823900223,-0.328421384096,-0.428336113691,-0.591914892197,-0.508279919624,-0.423429161310,-0.316158980131,-0.324268788099,-0.406134217978,-0.372704237700,-0.468142449856,-0.368549436331,-0.208363115788,-0.150588855147,0.135006293654,0.213387712836,0.174792587757,0.334037512541,0.338402718306,0.267123013735,0.263273745775,0.148904472589,0.011959176511,-0.067501470447,-0.243233993649,-0.404183954000,-0.498935967684,-0.613596439362,-0.648928105831,-0.682523548603,-0.614271044731,-0.378604084253,-0.211686491966,0.071771286428,0.381210207939,0.356340587139,0.342252463102,0.537983596325,0.682310760021,0.745150744915,0.785939574242,0.778429090977,0.650302588940,0.401066958904,0.180350363255,0.002177835442,-0.199939191341,-0.282935976982,-0.184718951583,-0.163456901908,-0.240136206150,-0.159314244986,-0.028549686074,0.002908335300,-0.028921529651,-0.149206355214,-0.224873512983,-0.067123033106,0.221543207765,0.349816441536,0.368456125259,0.464692115784,0.467759549618,0.437769681215,0.512587487698,0.451320946217,0.331402719021,0.311306983232,0.141673222184,-0.112780243158,-0.243628844619,-0.482950806618,-0.748898208141,-0.748626172543,-0.751001775265,-0.743055880070,-0.551920711994,-0.420825451612,-0.244231447577,-0.088894769549,0.010178202763,0.220155194402,0.183017313480,0.221567213535,0.441477954388,0.408512443304,0.521447122097,0.556966781616,0.273271411657,0.174563556910,0.157855838537,0.010850593448,-0.157178759575,-0.304316014051,-0.424143463373,-0.358819037676,-0.218478813767,-0.254396170378,-0.297850668430,-0.342222034931,-0.450191140175,-0.441271692514,-0.278229027987,-0.078625187278,0.131513774395,0.400608628988,0.579969584942,0.639065563679,0.732543051243,0.755204141140,0.659289419651,0.619407355785,0.578787267208,0.400432258844,0.202346757054,0.023651378229,-0.276943087578,-0.504107177258,-0.482341438532,-0.599261343479,-0.691627562046,-0.459211319685,-0.369735926390,-0.261037558317,-0.018071176484,0.078478768468,0.215999752283,0.260988265276,0.316836357117,0.440899252892,0.443418085575,0.524851500988,0.485798805952,0.369826436043,0.310807496309,0.107797652483,-0.181690543890,-0.406520724297,-0.450340658426,-0.482118368149,-0.390862822533,-0.264149278402,-0.262659162283,-0.188757285476,-0.397655457258,-0.490420907736,-0.353312432766,-0.398142248392,-0.146748170257,0.054569613189,0.038175616413,0.109825648367,0.164183646441,0.270550787449,0.283275991678,0.227044895291,0.175340607762,0.167319893837,0.093097880483,0.078139305115,0.257876038551,-0.058261062950,-0.343949377537,-0.315181910992,-0.518679022789,-0.464552044868,-0.396572053432,-0.293534904718,-0.093086853623,-0.235129371285,-0.001981900306,0.389160335064,0.310412377119,0.267392694950,0.469778329134,0.520786345005,0.522320806980,0.883137702942,0.820338785648,0.493931353092,0.570882856846,0.296315312386,0.077142953873,0.085600875318,-0.087373659015,-0.041147880256,-0.089788421988,-0.139274835587,-0.011980582960,-0.105113469064,-0.248329550028,-0.322158515453,-0.395083248615,-0.361952185631,-0.122734442353,0.104162268341,0.180742070079,0.234364792705,0.284322172403,0.406828552485,0.437260508537,0.372184544802,0.418227881193,0.352304905653,0.257205188274,0.180252879858,-0.058973200619,-0.218478992581,-0.364574074745,-0.526219248772,-0.506988763809,-0.531781017780,-0.484550774097,-0.204488903284,-0.045388076454,-0.045006833971,-0.039054576308,-0.077146887779,-0.001881462173,0.241753876209,0.384516596794,0.462864160538,0.475548177958,0.416182935238,0.440135210752,0.311167597771,0.121686048806,0.019094273448,-0.179219022393,-0.227914154530,-0.262196481228,-0.343623250723,-0.147771269083,-0.074395351112,-0.120802298188,-0.054477289319,-0.150493681431,-0.215973570943,-0.105103671551,-0.070466592908,-0.117732882500,0.037523265928,0.303025156260,0.343846857548,0.338008284569,0.332341909409,0.303710073233,0.342346042395,0.260363936424,0.161566257477,0.098453179002,-0.061555474997,-0.207519486547,-0.286249846220,-0.424774855375,-0.603431165218,-0.526822984219,-0.400853246450,-0.334238767624,-0.086795173585,0.048276264220,0.166211277246,0.278070181608,0.199984446168,0.302467048168,0.436044245958,0.424330979586,0.435157865286,0.458761394024,0.428057849407,0.355016618967,0.339086622000,0.080893352628,-0.250305920839,-0.256120860577,-0.237850502133,-0.158170759678,-0.077790103853,-0.133465170860,-0.144529238343,-0.227594807744,-0.347443848848,-0.441577523947,-0.498944252729,-0.451467514038,-0.287884712219,-0.009735109285,0.196687281132,0.342993199825,0.418421804905,0.359962522984,0.386339932680,0.483184427023,0.479261100292,0.350870221853,0.158657267690,-0.046475417912,-0.188182324171,-0.361534625292,-0.559624195099,-0.531313240528,-0.567016065121,-0.604285120964,-0.408679693937,-0.307135105133,-0.089642658830,0.198845252395,0.405597001314,0.674458622932,0.656272053719,0.616766870022,0.758410632610,0.738760948181,0.749364674091,0.675193369389,0.489080876112,0.444023996592,0.288968294859,0.015055683441,-0.288105309010,-0.501460790634,-0.457276254892,-0.399540513754,-0.332191675901,-0.171930298209,-0.098532654345,-0.157397344708,-0.248881950974,-0.336457431316,-0.388871699572,-0.163841366768,0.143479138613,0.233779728413,0.340207755566,0.360968351364,0.326531738043,0.353346556425,0.177283972502,-0.055878236890,-0.245906054974,-0.311000704765,-0.298589378595,-0.440645724535,-0.503663003445,-0.634939849377,-0.853949248791,-0.820254623890,-0.666962563992,-0.534070014954,-0.423565268517,-0.179664537311,0.061300843954,0.200538247824,0.352769106627,0.258954435587,0.199350684881,0.289465963840,0.316077470779,0.423534214497,0.390460848808,0.335245251656,0.250232726336,0.028626726940,-0.042354498059,-0.221256673336,-0.273423820734,-0.158454328775,-0.220549464226,-0.129013091326,-0.130981177092,-0.190351292491,-0.076509945095,-0.149186074734,-0.199023410678,-0.129667058587,-0.049369111657,0.134064152837,0.308092147112,0.452695906162,0.583335518837,0.675657987595,0.674895226955,0.591698169708,0.568841576576,0.468126028776,0.296366721392,0.143185377121,-0.131899714470,-0.261703491211,-0.359430104494,-0.580311298370,-0.537751674652,-0.553008794785,-0.648244619370,-0.561370551586,-0.380284041166,-0.017160089687,0.164821937680,0.238407731056,0.375679135323,0.368800193071,0.457790285349,0.529591798782,0.519179105759,0.505019605160,0.516550123692,0.524452090263,0.298431605101,0.130694180727,-0.109867662191,-0.387408852577,-0.300734966993,-0.355825722218,-0.452856153250,-0.381767034531,-0.403576433659,-0.353693991899,-0.367684930563,-0.463776260614,-0.442878693342,-0.330129444599,-0.146327644587,0.045333866030,0.279313772917,0.433991372585,0.438294321299,0.427798360586,0.351945757866,0.251881599426,0.201288506389,0.155576407909,0.007719728630,-0.261886388063,-0.463181555271,-0.596950113773,-0.628182113171,-0.563095450401,-0.631048679352,-0.668879926205,-0.536440849304,-0.264874756336,0.044481586665,0.186916679144,0.336537659168,0.436584591866,0.435896933079,0.551463186741,0.608903348446,0.586534321308,0.582337796688,0.550250709057,0.426225513220,0.303390622139,0.190776288509,-0.136756256223,-0.332718372345,-0.326352030039,-0.344232320786,-0.291344314814,-0.338178783655,-0.283988833427,-0.191714480519,-0.282555490732,-0.321058779955,-0.411607116461,-0.280571281910,-0.033999294043,0.052889235318,0.321488171816,0.420043200254,0.397892594337,0.456263005733,0.363241285086,0.298831462860,0.184960082173,0.198874637485,0.314322948456,0.151254326105,-0.065854333341,-0.295674651861,-0.489923894405,-0.592794716358,-0.718352019787,-0.794863998890,-0.772728264332,-0.581457078457,-0.309770852327,-0.043486773968,0.126851052046,0.178971886635,0.282954931259,0.365632057190,0.411493986845,0.473714739084,0.565289437771,0.600916624069,0.524422705173,0.410929173231,0.196818128228,0.045716322958,-0.111555166543,-0.291481852531,-0.316104203463,-0.381513684988,-0.352863788605,-0.262665688992,-0.185897439718,-0.151544749737,-0.232647091150,-0.181069657207,-0.180057093501,-0.002043222077,0.265395134687,0.240199312568,0.427728623152,0.533142685890,0.478132396936,0.634798824787,0.646042585373,0.483297348022,0.365199714899,0.279954314232,0.061939854175,-0.057021569461,-0.123930171132,-0.440349787474,-0.562864124775,-0.622769773006,-0.718089342117,-0.612655937672,-0.561839103699,-0.349116861820,-0.067940413952,0.050268441439,0.112034104764,0.041502159089,0.179591134191,0.334048748016,0.211764097214,0.266239792109,0.340650528669,0.237172707915,0.164191931486,0.048021402210,-0.134358540177,-0.269805371761,-0.427250772715,-0.618642628193,-0.555184483528,-0.361985057592,-0.365171849728,-0.312469929457,-0.169929936528,-0.166813775897,-0.215671688318,-0.279730588198,-0.295405805111,-0.178927287459,-0.057499933988,0.096428759396,0.194930478930,0.137937054038,0.238357901573,0.283629298210,0.164317861199,0.211898371577,0.151049375534,0.151738271117,0.242466077209,0.007054233924,-0.153550788760,-0.234210237861,-0.377483665943,-0.441530227661,-0.483471333981,-0.367066115141,-0.308609008789,-0.262903034687,-0.031919054687,0.081492260098,0.195880025625,0.308150112629,0.262829303741,0.257070511580,0.434118360281,0.705988466740,0.750755727291,0.684988677502,0.600675523281,0.352613329887,0.251314818859,0.194618701935,-0.010755569674,-0.110322616994,-0.186993390322,-0.283814609051,-0.301587313414,-0.301179885864,-0.296993643045,-0.369304150343,-0.471795707941,-0.545526325703,-0.539000034332,-0.294039756060,-0.090668551624,0.054558228701,0.246872320771,0.232789486647,0.272874087095,0.291955620050,0.175212875009,0.189412623644,0.129744991660,0.089182302356,0.032147943974,-0.194477319717,-0.433585375547,-0.628747284412,-0.680164635181,-0.805177032948,-0.813520908356,-0.650026977062,-0.519267916679,-0.186487406492,-0.113564737141,-0.110059954226,0.067851826549,0.046533733606,0.172661155462,0.301433414221,0.430755406618,0.548517823219,0.517682135105,0.555880546570,0.412681072950,0.296601206064,0.048168547451,-0.290253013372,-0.349691450596,-0.483661055565,-0.355418741703,-0.295592367649,-0.417051225901,-0.238136261702,-0.221735432744,-0.169095188379,-0.169516071677,-0.215841993690,-0.003878070507,0.102782115340,0.356948375702,0.493893712759,0.355111688375,0.308390229940,0.200179785490,0.224592268467,0.233069702983,0.166748002172,0.193381071091,0.084745965898,-0.035809684545,-0.182541459799,-0.362922579050,-0.488679230213,-0.564426362514,-0.574707746506,-0.525695025921,-0.284128397703,-0.201259493828,-0.124188087881,0.175243541598,0.093933515251,0.040240190923,0.195728391409,0.224594309926,0.348189145327,0.382292866707,0.343656152487,0.334979325533,0.304231524467,0.165045082569,-0.069394350052,-0.147564709187,-0.311661809683,-0.321783363819,-0.171537265182,-0.293758928776,-0.329581141472,-0.371664315462,-0.400141596794,-0.399803966284,-0.512378573418,-0.441754996777,-0.500317454338,-0.425177931786,-0.091193020344,0.015956209973,0.188767969608,0.222993895411,0.185022234917,0.342401385307,0.361687183380,0.384923636913,0.269195824862,0.120922453701,0.086936369538,-0.166223555803,-0.274312227964,-0.309924513102,-0.427948206663,-0.380781352520,-0.396583795547,-0.403798758984,-0.215615823865,0.103310704231,0.301139712334,0.364329308271,0.443695098162,0.435020387173,0.614774823189,0.782386064529,0.763788938522,0.822213649750,0.664513349533,0.493331402540,0.329975754023,0.042958900332,-0.106489375234,-0.398662239313,-0.567564845085,-0.428276866674,-0.408140957355,-0.339216887951,-0.155159667134,-0.118302002549,-0.197495982051,-0.218958124518,-0.252153933048,-0.286471515894,-0.181670531631,-0.013199678622,0.082126475871,0.025501918048,0.035432871431,0.069503962994,-0.020205803216,-0.046525336802,-0.181221112609,-0.331489384174,-0.278029412031,-0.305680364370,-0.470195949078,-0.523808479309,-0.546708524227,-0.744766891003,-0.761998236179,-0.657675147057,-0.640506684780,-0.383764237165,-0.197378054261,-0.096705056727,0.123449981213,0.114223740995,0.066333256662,0.190933227539,0.284092605114,0.297369092703,0.432773560286,0.570263326168,0.482463061810,0.407981365919,0.295484185219,0.130165457726,-0.016665210947,-0.187508642673,-0.152545541525,-0.118397630751,-0.135272637010,0.002966711996,0.044436663389,-0.018532672897,-0.085342220962,-0.185222268105,-0.215233266354,-0.088193468750,0.130741789937,0.247352316976,0.274192869663,0.371277272701,0.473411321640,0.501569986343,0.529441952705,0.529805243015,0.452615410089,0.373716324568,0.263977378607,0.078785166144,-0.029827952385,-0.112889654934,-0.293583750725,-0.446512758732,-0.682714164257,-0.823914408684,-0.568262755871,-0.372168689966,-0.300239712000,-0.139227747917,-0.042345352471,0.064497515559,0.177444592118,0.234665706754,0.244725033641,0.248815894127,0.331535428762,0.428416013718,0.395911395550,0.162960484624,-0.003776566824,-0.120107546449,-0.357467979193,-0.398284673691,-0.309967070818,-0.442722797394,-0.597397029400,-0.465328276157,-0.392701834440,-0.478602856398,-0.329934775829,-0.326934933662,-0.391669750214,-0.017065560445,0.173876196146,0.173652306199,0.451230168343,0.454886078835,0.300479859114,0.474608093500,0.517600893974,0.367294758558,0.267528265715,0.010699472390,-0.247615307570,-0.260190546513,-0.340298563242,-0.528594970703,-0.538928568363,-0.626030564308,-0.679538011551,-0.367906838655,-0.180179163814,-0.032050460577,0.291466534138,0.457075923681,0.543408453465,0.551031649113,0.564741849899,0.544540584087,0.526658833027,0.640056610107,0.498018711805,0.402711153030,0.316978454590,0.096516475081,0.080659471452,-0.203417509794,-0.404433369637,-0.298460513353,-0.405429571867,-0.417802602053,-0.320679992437,-0.277675628662,-0.314859539270,-0.381722748280,-0.424302935600,-0.395060271025,-0.101257085800,0.009278987534,0.024062449113,0.214587867260,0.264951944351,0.408228874207,0.516448557377,0.424310207367,0.325253635645,0.160601630807,0.025393418968,-0.090624041855,-0.187443405390,-0.296561658382,-0.479719877243,-0.610454678535,-0.799909114838,-0.910149693489,-0.703014194965,-0.455581277609,-0.263082534075,-0.071525655687,0.038583025336,0.172182574868,0.283546775579,0.322439104319,0.427525043488,0.493476122618,0.556736290455,0.676905930042,0.578033149242,0.366175413132,0.228460595012,-0.047857977450,-0.322671562433,-0.340622425079,-0.401462942362,-0.532113313675,-0.357646614313,-0.174388274550,-0.173345163465,0.024326877668,0.158071741462,0.017540171742,0.011267069727,0.210553780198,0.380274981260,0.488228827715,0.684548258781,0.697512328625,0.486840128899,0.552754700184,0.572002947330,0.398415148258,0.262422621250,0.028466826305,0.009439131245,-0.027002245188,-0.216009110212,-0.285577982664,-0.560042679310,-0.687382042408,-0.598489820957,-0.545788943768,-0.412548571825,-0.388865947723,-0.270674288273,-0.057874366641,0.169191420078,0.242901816964,0.149155765772,0.330129802227,0.275064229965,0.304285109043,0.594396948814,0.309790879488,0.154459491372,0.153995886445,-0.070316925645,-0.089048787951,-0.318302780390,-0.564714848995,-0.429142087698,-0.444748818874,-0.484742730856,-0.288587838411,-0.268749117851,-0.307436376810,-0.287306457758,-0.399517387152,-0.350376129150,-0.324482709169,-0.303266912699,0.046585492790,0.159358426929,0.120549067855,0.308070480824,0.333409607410,0.268816292286,0.356317520142,0.389717698097,0.310307562351,0.223443225026,0.074933402240,-0.058201160282,-0.145443141460,-0.322618156672,-0.429315835238,-0.386064320803,-0.291885644197,-0.138906925917,-0.033653218299,-0.011794220656,0.092688106000,0.220019742846,0.272846966982,0.372857809067,0.425363838673,0.468391537666,0.620606303215,0.678918600082,0.689655423164,0.653118252754,0.490353077650,0.317324966192,0.130776494741,0.027900183573,-0.059783805162,-0.240702345967,-0.295193433762,-0.314143508673,-0.417917281389,-0.425238370895,-0.464216768742,-0.552051782608,-0.487315982580,-0.451585739851,-0.356140494347,-0.080084390938,0.110743068159,0.299627095461,0.435593545437,0.392619222403,0.273836731911,0.132246091962,0.202973231673,0.216558337212,0.008820132352,-0.067435473204,-0.209728717804,-0.464127600193,-0.664134562016,-0.705798625946,-0.687343001366,-0.748544037342,-0.525997996330,-0.371250540018,-0.291308134794,0.049271162599,0.093245953321,0.119898013771,0.250095933676,0.237938836217,0.302182406187,0.411043941975,0.547724664211,0.412850886583,0.309761285782,0.380441576242,0.088157743216,-0.090604819357,-0.088492237031,-0.215101510286,-0.253409802914,-0.245302498341,-0.183045327663,-0.053801286966,0.018279148266,-0.064232967794,-0.156496778131,-0.096408724785,-0.068427503109,-0.032769817859,0.154628813267,0.326505124569,0.305049747229,0.314187437296,0.498255729675,0.458373039961,0.378122955561,0.501786291599,0.376512795687,0.249177053571,0.238112792373,0.033252555877,-0.035542521626,-0.197742193937,-0.437549233437,-0.393839597702,-0.578693389893,-0.591907858849,-0.351156085730,-0.384013175964,-0.134527459741,0.079217441380,0.058799374849,0.174138218164,0.160596683621,0.272284418344,0.441171944141,0.484529227018,0.512464523315,0.428602546453,0.414348125458,0.331592530012,0.165776327252,-0.071258939803,-0.424654573202,-0.470374077559,-0.355567842722,-0.190185427666,-0.113336734474,-0.383104711771,-0.490559488535,-0.423502922058,-0.339591890574,-0.266716748476,-0.332759290934,-0.184918075800,-0.127228170633,-0.202260747552,0.189572870731,0.426827281713,0.249102741480,0.322217673063,0.345316261053,0.165198132396,0.219739511609,0.104492954910,-0.127538084984,-0.052110739052,-0.227623388171,-0.377278804779,-0.155370265245,-0.330911278725,-0.412354528904,0.056483555585,0.145100638270,0.182287395000,0.601950228214,0.587541341782,0.529533267021,0.704483747482,0.527301788330,0.539790034294,0.691485822201,0.589330315590,0.588088154793,0.494626730680,0.301212161779,0.135510981083,-0.064340591431,-0.238898336887,-0.339095532894,-0.198779374361,-0.112157128751,-0.132266864181,-0.023323033005,-0.000380930171,0.005696658045,-0.024093391374,-0.185471072793,-0.265751421452,-0.211820915341,-0.108562126756,-0.098140664399,-0.100079305470,-0.041405387223,-0.082471944392,-0.087176345289,-0.036569520831,-0.122183263302,-0.176636785269,-0.191016435623,-0.235821455717,-0.201527953148,-0.276493430138,-0.451166182756,-0.513803720474,-0.553629636765,-0.592290937901,-0.523391306400,-0.441681742668,-0.391591370106,-0.240730121732,-0.155212134123,-0.130151823163,-0.062475666404,-0.073535747826,0.010035122745,0.074876978993,0.112248793244,0.270065844059,0.324324458838,0.432101368904,0.427913874388,0.182292625308,0.079733394086,0.017037933692,0.029308905825,0.101143635809,0.035959362984,0.000382758444,0.021716961637,0.085328079760,0.064184732735,-0.139695659280,-0.261143863201,-0.130054906011,0.022538322955,0.052560709417,0.267511814833,0.492551594973,0.535244762897,0.577682554722,0.538070142269,0.563063561916,0.504559218884,0.417258113623,0.462670832872,0.217873796821,0.005192502867,-0.137598156929,-0.360754549503,-0.468542873859,-0.639987051487,-0.545408308506,-0.347575038671,-0.275009483099,-0.069103412330,0.032751712948,0.136982575059,0.165974840522,0.152588635683,0.317694216967,0.326449811459,0.338432908058,0.349908560514,0.199897870421,0.151009455323,0.071276344359,-0.104445844889,-0.254685342312,-0.425900697708,-0.535939633846,-0.532558441162,-0.448091566563,-0.294803977013,-0.208819389343,-0.253889739513,-0.326808959246,-0.350192904472,-0.333304584026,-0.290742576122,-0.197858124971,-0.062869526446,0.096855044365,0.132088229060,0.181315898895,0.338338196278,0.207126453519,0.124054506421,0.175058543682,0.041159499437,0.081151932478,-0.046098861843,-0.291860967875,-0.227441892028,-0.386289179325,-0.593276560307,-0.590910851955,-0.609237074852,-0.464902997017,-0.176510468125,0.067115217447,0.235784620047,0.365160644054,0.390373528004,0.371423006058,0.461504966021,0.455949842930,0.443965315819,0.604838788509,0.645185410976,0.621818721294,0.678722381592,0.527788698673,0.209135875106,-0.076032169163,-0.268165171146,-0.205894052982,-0.148954674602,-0.230421587825,-0.171927660704,-0.170264348388,-0.232976034284,-0.226495414972,-0.343793630600,-0.303827464581,-0.081863932312,-0.028598500416,0.121365442872,0.316315025091,0.333455741405,0.430530160666,0.500045537949,0.476320445538,0.439333558083,0.297661989927,0.167070448399,-0.003009096486,-0.215083226562,-0.368393093348,-0.541255772114,-0.674481689930,-0.782298684120,-0.835925817490,-0.771036267281,-0.616026580334,-0.318450629711,-0.021033741534,0.186667978764,0.311329513788,0.311488837004,0.302471071482,0.330241531134,0.399696886539,0.482950240374,0.450741827488,0.334027945995,0.253978252411,0.150813207030,0.008097575046,-0.118043243885,-0.390614986420,-0.597011148930,-0.440371811390,-0.296667248011,-0.287100613117,-0.195410668850,-0.104884617031,-0.049488756806,-0.000628808804,0.016361942515,0.088208086789,0.202702075243,0.352432936430,0.599975466728,0.705383896828,0.652065753937,0.607982277870,0.463237106800,0.347657203674,0.220629170537,-0.028049796820,-0.123773895204,-0.234292224050,-0.423393934965,-0.439996600151,-0.548763215542,-0.715488910675,-0.636115074158,-0.481779009104,-0.355906158686,-0.233194753528,-0.113785527647,0.037707898766,0.168960481882,0.239197984338,0.173164203763,0.102100715041,0.226239413023,0.285336077213,0.300087630749,0.336823254824,0.134028688073,0.046162769198,0.025072768331,-0.269812554121,-0.455153524876,-0.514556527138,-0.447632133961,-0.290457338095,-0.312718421221,-0.221133127809,-0.158335566521,-0.283280432224,-0.239578858018,-0.247381865978,-0.335025817156,-0.259411901236,-0.114277526736,0.112945206463,0.228090047836,0.137290611863,0.147135347128,0.229710027575,0.253749459982,0.254817426205,0.202910691500,0.188680276275,0.191946074367,0.052789136767,-0.071208260953,-0.204355552793,-0.368779391050,-0.373666524887,-0.422938585281,-0.359762996435,-0.157776027918,-0.063736632466,0.193363994360,0.317697227001,0.256862968206,0.307088762522,0.246418878436,0.275567173958,0.396889925003,0.401785314083,0.431988209486,0.493145287037,0.499074995518,0.398108124733,0.252146452665,0.020088281482,-0.189841240644,-0.152836725116,-0.108219824731,-0.199659958482,-0.238404467702,-0.219447150826,-0.281905323267,-0.307774096727,-0.259640514851,-0.310411930084,-0.307133644819,-0.201017871499,-0.065662272274,0.140946596861,0.212378889322,0.150169387460,0.133614569902,0.150897085667,0.184873610735,0.133440226316,0.030909564346,-0.018901968375,-0.103034012020,-0.237699404359,-0.385529845953,-0.489505082369,-0.488764077425,-0.449960857630,-0.542875468731,-0.662762582302,-0.505553185940,-0.287531286478,-0.159652814269,-0.020402062684,-0.006415942218,0.043712880462,0.183630064130,0.276288986206,0.315177977085,0.274798899889,0.320940047503,0.391650199890,0.438913106918,0.349699527025,-0.022846890613,-0.259033590555,-0.354343742132,-0.415166825056,-0.387754231691,-0.400618225336,-0.322791039944,-0.230910986662,-0.163290441036,-0.149495124817,-0.271257996559,-0.316025704145,-0.263064861298,-0.125247761607,0.033880300820,0.202937021852,0.341419547796,0.424099355936,0.553950548172,0.477833271027,0.494590699673,0.635017156601,0.419472664595,0.251890480518,0.132084295154,-0.118319556117,-0.250336915255,-0.316125869751,-0.412156045437,-0.518203258514,-0.524735212326,-0.468670517206,-0.248148918152,0.010797576979,0.007973993197,0.029525363818,0.091159284115,0.239930868149,0.436716258526,0.425951898098,0.543092370033,0.604243516922,0.501138687134,0.435842394829,0.193638831377,0.013045582920,-0.154025405645,-0.333852171898,-0.305564731359,-0.367782622576,-0.367968976498,-0.307713061571,-0.400755107403,-0.475180447102,-0.594576358795,-0.577328741550,-0.427250146866,-0.347005128860,-0.198683455586,-0.103904560208,0.010572263971,0.227157339454,0.359585374594,0.357011079788,0.251959353685,0.215921610594,0.134505093098,0.090616762638,0.177297279239,0.006635063328,-0.175335556269,-0.262711733580,-0.476151674986,-0.504130542278,-0.366142779589,-0.324105978012,-0.242093801498,0.067080348730,0.259519875050,0.219214007258,0.421041280031,0.631309390068,0.599824666977,0.595640599728,0.568358957767,0.573255002499,0.650786995888,0.557983219624,0.307157069445,0.172512769699,0.053648825735,-0.264800131321,-0.325139999390,-0.145258590579,-0.249195769429,-0.371191531420,-0.369970798492,-0.311213612556,-0.138704642653,-0.170146688819,-0.342694938183,-0.410866469145,-0.383437752724,-0.275743693113,-0.205241605639,-0.057388067245,0.019450070336,-0.073806509376,-0.016840489581,0.020463861525,0.055620588362,0.117275901139,0.022271208465,-0.030724070966,-0.072317317128,-0.107694000006,-0.198904886842,-0.407405465841,-0.493268549442,-0.516378521919,-0.498781681061,-0.502716720104,-0.484522491693,-0.259202390909,-0.083604767919,0.028154695407,0.073287554085,0.023204889148,0.081291712821,0.106010392308,0.195152625442,0.380394637585,0.392538696527,0.398844718933,0.431670695543,0.332212835550,0.206005632877,0.081417106092,-0.061919540167,-0.094161637127,-0.056867767125,-0.021589545533,-0.011174080893,-0.051448483020,-0.033265694976,-0.138844609261,-0.272722840309,-0.208874583244,-0.146933764219,0.020819272846,0.163251623511,0.274620443583,0.467306733131,0.373254418373,0.326936185360,0.385740816593,0.223108887672,0.150812685490,0.094194300473,-0.008458307944,-0.033722497523,-0.136823430657,-0.256395787001,-0.351582765579,-0.469222068787,-0.516850829124,-0.441387742758,-0.279273450375,-0.125876381993,-0.027981434017,0.064918115735,0.134783580899,0.103255786002,0.062482908368,0.112049520016,0.204958841205,0.331840932369,0.397624492645,0.378134161234,0.369930893183,0.281901896000,0.124646708369,-0.063047714531,-0.253487288952,-0.318289607763,-0.333919048309,-0.294076085091,-0.252079308033,-0.308609604836,-0.299927175045,-0.284077316523,-0.299368411303,-0.340805113316,-0.397759914398,-0.296701133251,-0.141755610704,0.034527644515,0.188130795956,0.186387211084,0.143699467182,0.139006644487,0.209450185299,0.236717611551,0.170891374350,0.113376595080,0.058671113104,-0.034158665687,-0.213631764054,-0.383340895176,-0.547831714153,-0.613393962383,-0.526025593281,-0.462200909853,-0.303545296192,-0.191073805094,-0.138580039144,-0.022122042254,-0.016032060608,0.027996731922,0.116892524064,0.354392528534,0.583573162556,0.559110045433,0.685780644417,0.693158566952,0.559022307396,0.526062548161,0.250555604696,-0.002774573397,-0.105553857982,-0.238465353847,-0.267886221409,-0.210501313210,-0.242804080248,-0.308556258678,-0.296428650618,-0.406866341829,-0.442345947027,-0.358305990696,-0.348209142685,-0.082394212484,0.166196927428,0.256387084723,0.376964747906,0.316033333540,0.370614647865,0.503757655621,0.509806692600,0.453207522631,0.176910653710,0.041559316218,-0.014683621004,-0.284717231989,-0.438904315233,-0.638936400414,-0.864616870880,-0.808201730251,-0.684970080853,-0.566997587681,-0.406546503305,-0.198715284467,0.052331328392,0.252691715956,0.386814922094,0.428661793470,0.489207506180,0.558903694153,0.545541286469,0.647768080235,0.681350171566,0.468988955021,0.216649904847,-0.070012591779,-0.284983426332,-0.435672134161,-0.541799783707,-0.441721111536,-0.400129973888,-0.381130188704,-0.197197780013,-0.116465397179,-0.032506875694,0.087694533169,0.088165469468,0.182782724500,0.298584759235,0.399319916964,0.607738733292,0.674563527107,0.660210192204,0.599516510963,0.376027643681,0.299271076918,0.227600306273,0.017322055995,-0.080189064145,-0.208326607943,-0.396968066692,-0.518263697624,-0.652959525585,-0.800378084183,-0.730948925018,-0.593775451183,-0.600689053535,-0.432467341423,-0.319047391415,-0.198224708438,0.189551934600,0.247940734029,0.176954507828,0.175776317716,0.132193744183,0.261293351650,0.219875276089,0.178412273526,0.225903674960,0.082154840231,0.082420893013,0.004277347121,-0.313087642193,-0.444246023893,-0.429745197296,-0.478965133429,-0.381225109100,-0.233878970146,-0.340818852186,-0.228654205799,-0.262807458639,-0.581486582756,-0.260793358088,-0.112151145935,-0.152067080140,0.303293764591,0.345546513796,0.332533568144,0.571388721466,0.507025063038,0.504428267479,0.591485321522,0.529066264629,0.403462976217,0.263785719872,0.011035500094,-0.166085973382,-0.201288804412,-0.435638248920,-0.522800087929,-0.432769715786,-0.390124857426,-0.206276506186,-0.034583479166,0.135412827134,0.176795542240,0.170007690787,0.331595689058,0.421433001757,0.584116935730,0.702487707138,0.715529263020,0.721657335758,0.442514002323,0.248838990927,0.273624479771,0.136019125581,-0.146621644497,-0.411997348070,-0.512164652348,-0.542898774147,-0.509620487690,-0.415144830942,-0.364487528801,-0.246368527412,-0.200898766518,-0.275575339794,-0.354019433260,-0.334936112165,-0.141493543983,0.027845509350,0.203136324883,0.289561510086,0.251859039068,0.292530268431,0.309912711382,0.369398802519,0.278198659420,0.078521408141,0.039287395775,-0.080716691911,-0.217177852988,-0.478867024183,-0.725707411766,-0.727078974247,-0.741473793983,-0.579203069210,-0.394247412682,-0.290794402361,-0.136694848537,0.043556746095,0.283360749483,0.259935766459,0.275753140450,0.369326829910,0.325142055750,0.476744055748,0.464640438557,0.435431748629,0.487248778343,0.197970062494,0.057395920157,0.091835252941,-0.138925313950,-0.245713248849,-0.008243279532,-0.121859654784,-0.372958391905,-0.157467722893,-0.163372874260,-0.310494035482,-0.191850349307,-0.226964548230,-0.266785711050,-0.172525957227,-0.037057165056,0.135198906064,0.145026013255,0.193328693509,0.355650305748,0.321323841810,0.352641195059,0.434132397175,0.242516651750,0.122556470335,0.123384617269,0.030648052692,-0.067093521357,-0.174263775349,-0.349562466145,-0.470763176680,-0.482344388962,-0.544904649258,-0.423173636198,-0.165099412203,-0.116530627012,-0.026625193655,0.122064821422,0.174418285489,0.184780552983,0.334170639515,0.505663037300,0.461581438780,0.495641708374,0.444750905037,0.367460757494,0.418208569288,0.157771363854,-0.044059496373,-0.101330772042,-0.239778876305,-0.331005692482,-0.445757657290,-0.328269749880,-0.241527304053,-0.281776905060,-0.193364024162,-0.378518790007,-0.433677643538,-0.162982836366,0.018483323976,0.205876111984,0.304086387157,0.457911252975,0.571085155010,0.511307716370,0.575601577759,0.449997752905,0.299999952316,0.332064747810,0.224283471704,0.085899472237,-0.108058407903,-0.235829904675,-0.308966040611,-0.409404486418,-0.335685580969,-0.381295114756,-0.384927242994,-0.140076026320,0.108479537070,0.357409715652,0.422352939844,0.410288602114,0.450671523809,0.483234345913,0.607748806477,0.702116847038,0.663707435131,0.508887827396,0.455176115036,0.355239808559,0.023019192740,-0.148168817163,-0.270957052708,-0.436466544867,-0.511704564095,-0.406853020191,-0.196139186621,-0.339037060738,-0.371215581894,-0.286112576723,-0.565819680691,-0.622403204441,-0.504086732864,-0.402077555656,-0.304388105869,-0.311300307512,-0.126567408442,0.085964493454,0.089291363955,-0.001205649925,0.193172127008,0.262644022703,-0.002348209964,0.240579009056,0.124925658107,-0.316478133202,-0.198807075620,-0.441377311945,-0.673995673656,-0.626150846481,-0.743123233318,-0.646138370037,-0.482031077147,-0.329991072416,-0.142820671201,0.021418025717,0.140423595905,0.235250011086,0.337499022484,0.337052226067,0.416391015053,0.486693978310,0.543932616711,0.661643981934,0.635113239288,0.565067052841,0.370301187038,0.141177624464,0.014341271482,-0.073058813810,-0.035659227520,-0.011682792567,0.041035048664,0.081285618246,0.039070256054,0.072878107429,-0.032227385789,-0.198657706380,-0.079467542470,0.136517286301,0.239534005523,0.294656455517,0.338769197464,0.433324873447,0.474868297577,0.440348058939,0.480571687222,0.350060075521,0.098557576537,-0.003221191000,-0.111707367003,-0.263732016087,-0.400674462318,-0.537140429020,-0.668702781200,-0.654208958149,-0.493665367365,-0.278937935829,0.012334134430,0.049220345914,-0.008493701927,0.106938540936,0.151273712516,0.355822473764,0.510366618633,0.336233496666,0.262558937073,0.340449720621,0.433652549982,0.372242480516,0.177105545998,0.054972413927,-0.099048487842,-0.250711560249,-0.395457476377,-0.482380956411,-0.414492100477,-0.442950397730,-0.418912917376,-0.215625941753,-0.214915916324,-0.327108114958,-0.296432912350,-0.281072795391,-0.261237531900,-0.109564676881,0.049724999815,0.214032962918,0.349000930786,0.301238715649,0.256305694580,0.279850810766,0.194726616144,0.159600287676,0.181224048138,-0.025175619870,-0.199846312404,-0.140011206269,-0.263763368130,-0.457287222147,-0.443736195564,-0.457123041153,-0.401032209396,-0.163078218699,0.040671259165,0.118958555162,0.162345647812,0.231210649014,0.239608392119,0.146534577012,0.169774219394,0.386634767056,0.424014210701,0.415740758181,0.413552463055,0.192390277982,0.194406390190,0.162428706884,-0.048837926239,-0.061698779464,-0.098616011441,-0.088946260512,-0.082699328661,-0.105545587838,-0.128473833203,-0.257582217455,-0.277526557446,-0.318361848593,-0.339426070452,-0.269791036844,-0.136061444879,0.050162300467,0.160158559680,0.397726953030,0.408478498459,0.257152378559,0.287220507860,0.145298779011,0.089806362987,0.054289914668,-0.125658363104,-0.226508915424,-0.358552366495,-0.481270760298,-0.678863823414,-0.761978268623,-0.582481265068,-0.411961764097,-0.258397042751,-0.171924009919,-0.089572168887,0.047038272023,0.174339339137,0.326083749533,0.436219245195,0.472356468439,0.526064276695,0.691225826740,0.786877691746,0.639157950878,0.423609524965,0.331997781992,0.213270485401,-0.048513799906,-0.195586919785,-0.278739273548,-0.262023955584,-0.063818648458,-0.007393889595,0.078972034156,0.130995213985,0.002745699836,0.051047362387,0.094783835113,0.153196975589,0.287801951170,0.309984624386,0.451802760363,0.472744464874,0.312999904156,0.309869676828,0.320928931236,0.332627624273,0.283945560455,0.146674290299,-0.002629206283,-0.223431050777,-0.291250973940,-0.294386208057,-0.504835903645,-0.724534630775,-0.770978033543,-0.677846431732,-0.544638633728,-0.443642139435,-0.321032345295,-0.189127221704,-0.195090368390,-0.182074353099,-0.054516419768,0.030523581430,0.142857909203,0.213565036654,0.275064498186,0.346687644720,0.228933706880,0.138345390558,0.044228900224,-0.169873684645,-0.271131634712,-0.342487066984,-0.398943722248,-0.407916665077,-0.480774521828,-0.432047814131,-0.298793166876,-0.317213177681,-0.370093941689,-0.414728224277,-0.404805928469,-0.230868011713,0.009805054404,0.254240095615,0.343796789646,0.310480415821,0.409955650568,0.554835379124,0.606198310852,0.567256152630,0.443451792002,0.263098776340,0.135527059436,0.012756381184,-0.193340942264,-0.359991461039,-0.539954721928,-0.619840919971,-0.499026805162,-0.418114006519,-0.274443596601,-0.002804753836,0.263234615326,0.580923259258,0.772486984730,0.672860503197,0.600099146366,0.634819269180,0.727606594563,0.897339105606,0.781658768654,0.561459064484,0.410826414824,0.095702283084,-0.129138991237,-0.318151444197,-0.511832654476,-0.539418220520,-0.495181828737,-0.435035735369,-0.353915780783,-0.250923782587,-0.330404341221,-0.355368912220,-0.277385503054,-0.300261050463,-0.120535954833,-0.014673423022,0.100161649287,0.326186448336,0.300420552492,0.327407181263,0.303816467524,0.210622772574,0.113411106169,-0.075373619795,-0.148503094912,-0.314632982016,-0.427314817905,-0.553644835949,-0.765939652920,-0.802321851254,-0.924260139465,-0.808634102345,-0.659468710423,-0.593639373779,-0.192015200853,-0.196747601032,-0.237121060491,0.032808624208,0.066373974085,0.298381686211,0.405312716961,0.296579152346,0.417479068041,0.384883940220,0.368459761143,0.417031019926,0.293299078941,0.140703365207,-0.086492195725,-0.273550689220,-0.285142809153,-0.175598144531,-0.069571420550,-0.047863911837,-0.011799411848,0.008356856182,-0.056384395808,-0.196916267276,-0.253373652697,-0.092503160238,0.083872899413,0.165596738458,0.228985548019,0.273581624031,0.350587993860,0.396571815014,0.307198196650,0.369557201862,0.434249341488,0.240881651640,0.186959818006,0.082998320460,-0.082979626954,-0.117469906807,-0.403449624777,-0.546168744564,-0.512262165546,-0.564051330090,-0.404720574617,-0.309019297361,-0.225313261151,-0.069733224809,0.004760959186,0.120357424021,0.074136942625,0.063608475029,0.235096678138,0.303443282843,0.315922945738,0.321188986301,0.230430439115,0.043032675982,-0.042132187635,-0.097344420850,-0.233758017421,-0.342795103788,-0.510612189770,-0.561087846756,-0.380533099174,-0.197921916842,-0.221367180347,-0.417014092207,-0.454673230648,-0.362695902586,-0.293516516685,-0.194721028209,-0.043575134128,0.183524727821,0.382121235132,0.468681633472,0.475616604090,0.434026151896,0.373177319765,0.370852679014,0.386587321758,0.326504260302,0.243473231792,0.102504067123,-0.020814321935,-0.141095876694,-0.306931883097,-0.269799709320,-0.173385798931,-0.123934507370,0.022785106674,0.168560504913,0.275737464428,0.340349614620,0.401919692755,0.387584149837,0.330610036850,0.366119861603,0.378543525934,0.504896163940,0.582255601883,0.472786307335,0.451657801867,0.333906590939,0.185470744967,0.103479415178,-0.060375113040,-0.190450593829,-0.232976704836,-0.145802319050,-0.141335368156,-0.272528111935,-0.329279422760,-0.428743332624,-0.575336992741,-0.639630138874,-0.558406531811,-0.442181468010,-0.434226900339,-0.399607509375,-0.197980940342,-0.025619620457,-0.033441867679,0.003713850398,0.024429010227,0.037448395044,0.129427745938,0.099638983607,0.113914050162,0.033147916198,-0.269865363836,-0.459124177694,-0.557309567928,-0.665571630001,-0.714339137077,-0.624887764454,-0.607835412025,-0.513000369072,-0.226189449430,-0.168389186263,-0.027370156720,0.102811180055,0.103480182588,0.397045224905,0.566075682640,0.640625417233,0.702770054340,0.549460709095,0.426013022661,0.284094631672,0.197885334492,0.097248844802,-0.150384083390,-0.253810167313,-0.190044179559,-0.137526705861,-0.058667276055,0.046216577291,-0.032791770995,-0.124137647450,-0.216702029109,-0.318512916565,-0.087929122150,0.119386754930,0.260494977236,0.461866319180,0.458899050951,0.456778168678,0.359996497631,0.206682473421,0.293924063444,0.300310105085,0.167099520564,0.140003502369,0.041948728263,-0.203598901629,-0.341591745615,-0.450863271952,-0.607862293720,-0.688472568989,-0.735722839832,-0.605303049088,-0.302682787180,-0.060542393476,0.018332511187,-0.044081829488,0.018679723144,0.168228223920,0.304385244846,0.481817841530,0.452109634876,0.361318975687,0.375852048397,0.298686981201,0.239140316844,0.118092186749,-0.128034427762,-0.249335899949,-0.273091882467,-0.267965823412,-0.337241590023,-0.445530325174,-0.378102928400,-0.314966201782,-0.320423990488,-0.368670016527,-0.437280714512,-0.330302178860,-0.285584211349,-0.282551348209,-0.058527439833,0.107976399362,0.206962376833,0.348245710135,0.307170718908,0.256520867348,0.325861930847,0.238557204604,0.177763491869,0.179474025965,0.001700666966,-0.160495460033,-0.352637678385,-0.503164529800,-0.483437687159,-0.486546814442,-0.314144164324,-0.151239708066,-0.131958469748,0.069306902587,0.187065482140,0.206075385213,0.246991559863,0.176496818662,0.173655837774,0.291390776634,0.424999773502,0.477229893208,0.502489507198,0.441530823708,0.163965001702,-0.085068672895,-0.285977661610,-0.396574765444,-0.286266773939,-0.154401496053,-0.132014781237,-0.172295317054,-0.124127432704,-0.090343818069,-0.185605049133,-0.269982635975,-0.292620241642,-0.197446405888,-0.055294308811,0.079128019512,0.218208715320,0.286592662334,0.304028451443,0.243058487773,0.186462089419,0.200556874275,0.174511164427,0.117456734180,0.027540238574,-0.127775207162,-0.384813815355,-0.517316460609,-0.443131476641,-0.573417425156,-0.692681014538,-0.612359464169,-0.515197813511,-0.202781409025,0.025957116857,0.060890924186,0.205175578594,0.241452738643,0.237836241722,0.364876627922,0.459248751402,0.490998744965,0.496947318316,0.389033675194,0.229359149933,0.213986456394,0.159772485495,-0.022669197991,-0.210062608123,-0.298932611942,-0.169858008623,0.001034320798,0.152769595385,0.201041713357,0.159290254116,0.127958908677,-0.040751770139,-0.004351404961,0.129832178354,0.091229915619,0.225677877665,0.333779424429,0.290293574333,0.254398703575,0.264827162027,0.264131546021,0.197298437357,0.188437834382,0.117586329579,0.047123417258,-0.040735382587,-0.167583957314,-0.251539647579,-0.516251802444,-0.593021988869,-0.534402370453,-0.502218902111,-0.257313996553,-0.253339767456,-0.200840413570,-0.024249108508,-0.098745539784,-0.064851962030,-0.122158735991,-0.202389389277,-0.119329534471,-0.073659718037,0.056686252356,0.152212917805,0.158879369497,0.108629077673,-0.007364720106,-0.146363958716,-0.263975352049,-0.319631069899,-0.342791467905,-0.240345045924,-0.221289411187,-0.236605152488,-0.151246011257,-0.237664237618,-0.293560653925,-0.338113009930,-0.426129877567,-0.319165736437,-0.134567141533,0.072300486267,0.237368658185,0.349022030830,0.446944534779,0.543942332268,0.568051278591,0.453873008490,0.481083333492,0.455626189709,0.224435076118,0.033499948680,-0.154650270939,-0.303563475609,-0.509188473225,-0.554865658283,-0.353216350079,-0.387583136559,-0.260707885027,0.098629720509,-0.000267232128,-0.060086302459,0.330329567194,0.317229509354,0.201208785176,0.731829583645,0.827023863792,0.574522733688,0.830905795097,0.669306039810,0.299402117729,0.357414126396,0.165551960468,-0.161616086960,-0.242811769247,-0.292751967907,-0.390935152769,-0.394211977720,-0.355421990156,-0.429076105356,-0.440541714430,-0.428830921650,-0.462235152721,-0.384054988623,-0.295769631863,-0.103846944869,0.219716936350,0.381246805191,0.432658910751,0.509066462517,0.531183063984,0.408343344927,0.270608693361,0.306701302528,0.244828581810,0.005344593897,-0.109581835568,-0.225715771317,-0.449088364840,-0.686976969242,-0.820058465004,-0.752906203270,-0.715892612934,-0.594031512737,-0.244298577309,-0.074707068503,-0.083063147962,0.010980751365,0.101803764701,0.142387494445,0.281415015459,0.425503164530,0.520044505596,0.615315079689,0.544148921967,0.408816933632,0.313784301281,0.112098425627,-0.022796658799,-0.093253202736,-0.256656050682,-0.276986867189,-0.303802609444,-0.441254884005,-0.248199701309,-0.140648767352,-0.354223012924,-0.314127534628,-0.267144680023,-0.185961216688,0.097708985209,0.119995191693,0.174603611231,0.367073267698,0.417919456959,0.531546294689,0.546521961689,0.417841851711,0.449135094881,0.476983934641,0.356015056372,0.192702561617,-0.041032161564,-0.228381559253,-0.333221673965,-0.513130784035,-0.613863587379,-0.681640625000,-0.704768300056,-0.396716982126,-0.123733066022,0.013009922579,0.306996077299,0.325732707977,0.218829646707,0.499214142561,0.570787727833,0.515390157700,0.770046174526,0.692025661469,0.451042175293,0.416189938784,0.214888677001,0.002227688441,-0.241176843643,-0.501875400543,-0.391516059637,-0.302987158298,-0.390714973211,-0.296971440315,-0.362415999174,-0.517128884792,-0.359555751085,-0.416366368532,-0.426908254623,-0.024027729407,-0.017964560539,0.100124873221,0.447375208139,0.311920315027,0.536192238331,0.671715199947,0.344646751881,0.491363018751,0.365421175957,0.029681324959,0.049073103815,-0.150889739394,-0.221972614527,-0.216395512223,-0.426020860672,-0.384528428316,-0.320762664080,-0.282488346100,0.039118327200,0.227642595768,0.224907025695,0.377406120300,0.386041015387,0.339588344097,0.439866334200,0.329124569893,0.434740066528,0.714919209480,0.607112765312,0.586641073227,0.534813642502,0.210416629910,0.053892608732,-0.111342340708,-0.318519026041,-0.281792432070,-0.230780825019,-0.300718277693,-0.324341773987,-0.352989435196,-0.411672085524,-0.501620113850,-0.590215981007,-0.427970528603,-0.385079205036,-0.478269189596,-0.155142098665,0.080623410642,0.063281655312,0.102423377335,0.034141905606,0.025089707226,0.125331431627,0.153688937426,0.120826296508,0.077063836157,-0.048228371888,-0.195294290781,-0.321001619101,-0.557731688023,-0.602108895779,-0.630310356617,-0.795414447784,-0.647415399551,-0.520660161972,-0.373185247183,-0.009667248465,0.123992830515,0.182115226984,0.298121124506,0.393191844225,0.488326460123,0.592112421989,0.771002948284,0.804449558258,0.781575024128,0.785839974880,0.544933438301,0.299857288599,0.108313240111,-0.163907855749,-0.248740762472,-0.188642606139,-0.213092446327,-0.264355659485,-0.202377766371,-0.193353146315,-0.365966707468,-0.364598274231,-0.205491632223,-0.131154611707,0.096107251942,0.448420524597,0.625681519508,0.628497183323,0.664674580097,0.660161614418,0.494983434677,0.493256092072,0.435427963734,0.189477160573,0.143419101834,-0.076668925583,-0.462229818106,-0.615216791630,-0.757967948914,-0.844947755337,-0.796518385410,-0.753605902195,-0.580430507660,-0.351289600134,-0.257833868265,-0.140367344022,-0.008686186746,0.068841338158,0.155848234892,0.285533696413,0.535430192947,0.625104486942,0.501853883266,0.561253368855,0.626794755459,0.398610889912,0.123816452920,-0.068655475974,-0.328149676323,-0.402790337801,-0.280452519655,-0.295605689287,-0.284700930119,-0.268341094255,-0.234116777778,-0.202573582530,-0.399076282978,-0.371363818645,-0.171547487378,-0.051445465535,0.177886500955,0.263659775257,0.261547565460,0.266241043806,0.263469338417,0.357196360826,0.369100630283,0.302997231483,0.141196876764,0.034172486514,0.038652196527,-0.079283930361,-0.211750715971,-0.451565921307,-0.601959526539,-0.536438047886,-0.524689555168,-0.314657002687,-0.107435099781,-0.075945489109,0.051458951086,0.146579533815,0.237836614251,0.337688237429,0.377520024776,0.437708854675,0.414244621992,0.381920188665,0.545935273170,0.562852323055,0.319032222033,0.164446726441,-0.083357803524,-0.258110284805,-0.285686194897,-0.485355407000,-0.404696851969,-0.366685330868,-0.516416847706,-0.265517264605,-0.234999626875,-0.378962546587,-0.241785451770,-0.203008458018,-0.087233938277,0.287509471178,0.466939717531,0.311746835709,0.369169086218,0.430629104376,0.217947080731,0.275983899832,0.287906467915,0.151070833206,0.180421754718,0.106552660465,-0.112567543983,-0.366743355989,-0.504753470421,-0.532299458981,-0.492889553308,-0.495717227459,-0.510929644108,-0.286572605371,-0.137632742524,0.014123959467,0.195944055915,0.201478824019,0.366994887590,0.481902033091,0.566776931286,0.646330296993,0.510251104832,0.551331877708,0.551301836967,0.423236519098,0.388787448406,0.217647671700,-0.047054231167,-0.259029418230,-0.237396597862,-0.140582233667,-0.139409348369,-0.045332115144,0.075554043055,0.197035148740,0.126637130976,-0.025286810473,-0.007734506857,-0.096708379686,-0.026170279831,0.118203558028,0.057835083455,0.248931378126,0.408000290394,0.337844341993,0.293696910143,0.167343050241,0.058903645724,-0.083480335772,-0.133866846561,-0.098566226661,-0.350365400314,-0.524948537350,-0.587442338467,-0.735657453537,-0.779436290264,-0.792103767395,-0.631157636642,-0.345946490765,-0.153483405709,-0.063656225801,-0.141837015748,-0.120674632490,0.000122420184,0.143460363150,0.347076386213,0.300279468298,0.311344683170,0.396120488644,0.163496866822,0.116220504045,0.192240223289,-0.104012057185,-0.417170315981,-0.374070972204,-0.280433207750,-0.341341853142,-0.249898359179,-0.174362078309,-0.211136385798,-0.169044598937,-0.219751313329,-0.182487130165,-0.080081768334,-0.050156280398,0.251771748066,0.566769540310,0.562615454197,0.585250198841,0.674314618111,0.640212476254,0.645039618015,0.614711225033,0.355802536011,0.120712257922,0.004418253433,-0.149311527610,-0.216962784529,-0.318164616823,-0.597895801067,-0.693835437298,-0.675527870655,-0.585258603096,-0.252637833357,-0.113875210285,-0.039772849530,0.251620143652,0.412937730551,0.484416007996,0.524661719799,0.512047111988,0.503893196583,0.477439075708,0.524960398674,0.462888062000,0.266508221626,0.124094262719,-0.111069329083,-0.351089835167,-0.485870599747,-0.636785268784,-0.657306492329,-0.552468359470,-0.556822419167,-0.540469765663,-0.400478392839,-0.417265951633,-0.491561233997,-0.292399942875,-0.190471187234,-0.167273789644,0.208923742175,0.371037006378,0.293031454086,0.437280982733,0.418868809938,0.323709756136,0.346341341734,0.257662236691,0.147068083286,0.013102047145,-0.197076350451,-0.399699270725,-0.580430090427,-0.697947025299,-0.731048882008,-0.707538723946,-0.591244578362,-0.397192656994,-0.200753048062,0.026017965749,0.213717907667,0.322600483894,0.455201596022,0.542570531368,0.577661752701,0.625386416912,0.640226662159,0.608763456345,0.486635953188,0.378633469343,0.344220936298,0.080518588424,-0.231945812702,-0.314693808556,-0.551526248455,-0.670136928558,-0.433488190174,-0.433137655258,-0.472511172295,-0.336383014917,-0.323523819447,-0.258295655251,-0.078844562173,0.076876826584,0.270402580500,0.445899635553,0.481087595224,0.521454036236,0.548551797867,0.477044969797,0.559431314468,0.612296283245,0.428324490786,0.143673419952,-0.145768016577,-0.246501058340,-0.384103417397,-0.588942945004,-0.731456875801,-0.959663867950,-0.974188208580,-0.834756016731,-0.632636904716,-0.322704195976,-0.112461976707,0.135199174285,0.286297947168,0.426693409681,0.605605006218,0.592935800552,0.633412301540,0.631810069084,0.664938211441,0.663980364799,0.363537073135,0.168336093426,0.017915379256,-0.211010590196,-0.431143343449,-0.591562032700,-0.591974675655,-0.600388765335,-0.532263815403,-0.500905573368,-0.484649986029,-0.408217817545,-0.434900105000,-0.179901570082,-0.057685971260,-0.103123404086,0.180568590760,0.322127044201,0.572104215622,0.703581571579,0.568163573742,0.652798771858,0.370678216219,0.227146729827,0.386997997761,0.168451637030,0.041481107473,-0.170193731785,-0.416552215815,-0.458390235901,-0.554513573647,-0.443741023540,-0.408993899822,-0.390706837177,-0.141513079405,-0.066280305386,0.057530026883,0.312244385481,0.412785351276,0.391790717840,0.427473753691,0.538991630077,0.595227837563,0.678119122982,0.614647150040,0.380403727293,0.269184619188,0.121532984078,-0.087254986167,-0.288052201271,-0.520034909248,-0.622207164764,-0.648499786854,-0.710264325142,-0.728803038597,-0.620676994324,-0.557849168777,-0.589421570301,-0.475469887257,-0.455690503120,-0.455104261637,-0.219224020839,-0.065197028220,0.099833801389,0.243850708008,0.234848231077,0.286626875401,0.316325634718,0.275342792273,0.132202699780,-0.009748314507,-0.084339775145,-0.280294716358,-0.444821327925,-0.567998170853,-0.752403736115,-0.848950266838,-0.851188778877,-0.796755075455,-0.616539895535,-0.351670235395,-0.133958712220,0.059431381524,0.229237005115,0.401226043701,0.579536080360,0.707223474979,0.794112563133,0.807534992695,0.927221000195,0.950141608715,0.761240541935,0.675698399544,0.433834582567,0.107592038810,-0.180497333407,-0.353083550930,-0.214965298772,-0.297123998404,-0.377616822720,-0.235786378384,-0.279537945986,-0.218823209405,-0.247467443347,-0.402140945196,-0.141283795238,0.113250955939,0.154776066542,0.353113740683,0.428810626268,0.329432219267,0.399983286858,0.402230352163,0.326153784990,0.370824843645,0.258517980576,0.003330278443,-0.130162268877,-0.143075004220,-0.339978665113,-0.675395250320,-0.786594748497,-0.887496590614,-0.986121237278,-0.862603545189,-0.591205835342,-0.344233304262,-0.248942106962,-0.054054558277,0.097932010889,0.102499157190,0.179007381201,0.215955957770,0.336724936962,0.395759254694,0.399263113737,0.411141544580,0.154553323984,0.077273868024,0.063585542142,-0.146251380444,-0.293690413237,-0.395790785551,-0.262606024742,-0.214740365744,-0.244506537914,-0.179510146379,-0.298237472773,-0.279729515314,-0.352291643620,-0.372076034546,-0.144800037146,-0.209339752793,-0.103871621192,0.101167894900,0.168318614364,0.340008288622,0.328343749046,0.322014391422,0.357985466719,0.325150519609,0.300010532141,0.181756585836,0.098987631500,-0.039947550744,-0.185686111450,-0.241417452693,-0.403048902750,-0.536406278610,-0.562282979488,-0.457195192575,-0.195481166244,-0.028711397201,0.023459719494,0.100898727775,0.131021007895,0.185247942805,0.308292359114,0.407764613628,0.584946393967,0.687608122826,0.590893626213,0.482973337173,0.418460667133,0.319777667522,0.006289706100,-0.237757101655,-0.280609637499,-0.449865132570,-0.454828649759,-0.355604976416,-0.427514880896,-0.470647275448,-0.520784556866,-0.587640166283,-0.640286803246,-0.498349428177,-0.303184032440,-0.263367354870,0.062454376370,0.350853979588,0.311955988407,0.351727932692,0.397612452507,0.382298678160,0.333882987499,0.134274020791,-0.140631511807,-0.242599338293,-0.281427174807,-0.449345946312,-0.591319501400,-0.689827501774,-0.754954636097,-0.711109817028,-0.549106538296,-0.376793056726,-0.225364148617,-0.069256894290,0.029236920178,0.152228429914,0.242907255888,0.369886487722,0.453806847334,0.406512081623,0.615643382072,0.675207555294,0.564347922802,0.674704492092,0.549578845501,0.351286798716,0.190027147532,0.039682947099,0.019198739901,-0.065653145313,0.019621703774,0.076403178275,0.065849259496,0.075170442462,-0.099498175085,-0.118457242846,-0.197883918881,-0.207997560501,-0.036522217095,-0.020110812038,0.183089509606,0.258465617895,0.263655126095,0.390888929367,0.317681074142,0.291426062584,0.140190646052,0.035816930234,-0.023454356939,-0.303685933352,-0.341921210289,-0.534532487392,-0.850497484207,-0.849235117435,-0.932351291180,-0.928489148617,-0.760457694530,-0.661279022694,-0.492777019739,-0.305577635765,-0.201484933496,-0.112647943199,-0.033896032721,0.051671098918,0.252142637968,0.427362442017,0.436560541391,0.339004963636,0.256253391504,0.277616739273,0.072748415172,-0.261109709740,-0.370243549347,-0.507856011391,-0.557931125164,-0.469283133745,-0.427856355906,-0.292652606964,-0.234596371651,-0.240314260125,-0.179735809565,-0.094563938677,0.093721218407,0.198732763529,0.296391934156,0.455933392048,0.497840553522,0.623353898525,0.702939331532,0.587263286114,0.523465454578,0.494438141584,0.408925503492,0.259926438332,0.136290252209,0.029021946713,-0.106040693820,-0.205970808864,-0.328671962023,-0.323795437813,-0.247515425086,-0.184089779854,-0.031453497708,-0.002877834486,0.054053310305,0.114709064364,0.164616733789,0.362389832735,0.311856180429,0.285759627819,0.404079526663,0.455939710140,0.536094546318,0.357577949762,0.237756177783,0.189920499921,-0.073599800467,-0.221519783139,-0.401825517416,-0.476460874081,-0.359355688095,-0.391034573317,-0.416871935129,-0.387613505125,-0.369143188000,-0.369607239962,-0.370468318462,-0.337185531855,-0.275994539261,-0.132618516684,-0.039102885872,-0.050442192703,-0.019230410457,0.088984318078,0.081093043089,0.043106507510,0.177849024534,0.154844820499,0.006712004542,-0.054135765880,-0.070843175054,-0.108508281410,-0.340983986855,-0.472182571888,-0.508772075176,-0.545777261257,-0.423808127642,-0.451213091612,-0.356052309275,-0.122636429965,-0.036476671696,0.170885771513,0.214136287570,0.114799775183,0.201670035720,0.363575696945,0.494473963976,0.516474366188,0.459277898073,0.290596365929,0.168330594897,0.104311741889,0.010970811360,-0.069778345525,-0.306958377361,-0.311780601740,-0.203966319561,-0.317496180534,-0.245380133390,-0.228021696210,-0.202347919345,-0.096604585648,-0.185335740447,-0.142280697823,-0.042504783720,0.088364921510,0.244688630104,0.346612364054,0.532399773598,0.563275039196,0.541585624218,0.472620278597,0.359333813190,0.307259142399,0.085788041353,-0.017982676625,-0.160292103887,-0.400106340647,-0.447389602661,-0.578828573227,-0.579271435738,-0.522529602051,-0.507452249527,-0.339696645737,-0.229199588299,0.010596653447,0.237892255187,0.294895291328,0.377988368273,0.361435532570,0.450376719236,0.607651233673,0.569981276989,0.540823400021,0.506819427013,0.342543631792,0.140287131071,-0.059015978128,-0.254240959883,-0.369598507881,-0.371911257505,-0.368873417377,-0.406163334846,-0.398868381977,-0.319386720657,-0.246037080884,-0.238989487290,-0.273865640163,-0.271042972803,-0.206324845552,-0.104646191001,0.082729957998,0.270471096039,0.309984713793,0.300654739141,0.338443309069,0.398958086967,0.475831359625,0.502332031727,0.351051002741,0.103962548077,-0.056488610804,-0.225565910339,-0.385676652193,-0.397555530071,-0.466847270727,-0.489418745041,-0.263196676970,-0.214763566852,-0.157959744334,0.096504457295,0.044065009803,0.191141605377,0.518209695816,0.421713024378,0.485591739416,0.642926275730,0.587100028992,0.591230571270,0.571859002113,0.432356536388,0.196866050363,0.008461374789,-0.243155986071,-0.442969709635,-0.434589326382,-0.557046473026,-0.580678462982,-0.549503862858,-0.552494108677,-0.425912886858,-0.462477117777,-0.513228118420,-0.532819569111,-0.321654140949,0.099118307233,0.262509495020,0.432037740946,0.397564053535,0.350897103548,0.501940608025,0.274918913841,0.212439700961,0.254392474890,-0.001396958018,-0.140505626798,-0.332103610039,-0.509580969810,-0.624972760677,-0.842244923115,-0.914090275764,-0.882096469402,-0.840481281281,-0.635579407215,-0.213044479489,0.098042495549,0.218802303076,0.432182073593,0.539694488049,0.583661496639,0.742421984673,0.738089323044,0.751999676228,0.802343726158,0.622173547745,0.541021823883,0.433274269104,0.142539247870,-0.053857024759,-0.232701137662,-0.264656752348,-0.211968168616,-0.247270599008,-0.240940034389,-0.223002865911,-0.166107341647,-0.164146721363,-0.147906899452,0.003321712837,0.120975419879,0.175964444876,0.267714232206,0.451730132103,0.408209562302,0.262758165598,0.417435854673,0.483596950769,0.337012827396,0.156722322106,0.059015143663,0.066271536052,-0.131368756294,-0.309182167053,-0.375593572855,-0.671476185322,-0.868369281292,-0.762158691883,-0.639337539673,-0.526865005493,-0.301898479462,-0.148188561201,-0.152602300048,-0.028875758871,0.101169273257,0.176669642329,0.316271573305,0.371476173401,0.518671691418,0.620258808136,0.563244104385,0.551137566566,0.373610049486,0.188476368785,0.007040587720,-0.316039383411,-0.492163479328,-0.486315339804,-0.405103594065,-0.384980320930,-0.296691089869,-0.241817638278,-0.279941558838,-0.119880713522,-0.250648081303,-0.296266883612,0.101764164865,0.092824891210,0.100295267999,0.341802567244,0.359284937382,0.493206679821,0.542170882225,0.386193484068,0.424364179373,0.391570091248,0.253164201975,0.225965023041,0.010922169313,-0.238908439875,-0.305952697992,-0.430347621441,-0.503927409649,-0.585576951504,-0.667790651321,-0.372443377972,-0.108140520751,-0.077160120010,0.188325047493,0.237793460488,0.067757286131,0.344836264849,0.502517819405,0.496492952108,0.682636499405,0.664120495319,0.638029813766,0.542758762836,0.300118803978,0.207870826125,0.039311297238,-0.161903038621,-0.300337255001,-0.391376793385,-0.349883884192,-0.254380345345,-0.260295540094,-0.379014998674,-0.398278683424,-0.442605078220,-0.394685506821,-0.161425650120,-0.093964755535,0.011262464337,0.055672992021,0.052972935140,0.284293234348,0.324458450079,0.343326866627,0.470546007156,0.436245054007,0.346833258867,0.155029937625,0.051135718822,-0.065399833024,-0.315503746271,-0.391061812639,-0.555660307407,-0.719327211380,-0.598843693733,-0.421029984951,-0.252022117376,-0.080618061125,0.141913399100,0.293177306652,0.311596602201,0.337527960539,0.384788274765,0.481451958418,0.510502338409,0.602174758911,0.777907252312,0.688328564167,0.539862275124,0.476043254137,0.255570352077,0.062032349408,0.124231874943,0.059650376439,-0.065771877766,0.072421096265,0.004684915300,-0.054246395826,0.074227668345,-0.115614272654,-0.262355357409,-0.215726792812,-0.158748283982,-0.029236635193,0.094692729414,0.258004605770,0.280496954918,0.268264353275,0.377037465572,0.259421616793,0.202774628997,0.291017830372,0.179715842009,0.072971552610,-0.054410114884,-0.277741253376,-0.482784062624,-0.658361315727,-0.762195408344,-0.801170408726,-0.691406846046,-0.533403337002,-0.432867825031,-0.259894609451,-0.101977758110,-0.070014059544,-0.039296578616,0.153477787971,0.255510389805,0.251642256975,0.469331741333,0.519360303879,0.441797405481,0.433635681868,0.158667743206,0.024940459058,-0.086154796183,-0.412878572941,-0.368626594543,-0.283246994019,-0.323076754808,-0.221130073071,-0.231019601226,-0.254224210978,-0.275983870029,-0.321476668119,-0.188871607184,-0.056764289737,-0.010330279358,0.153544202447,0.396336138248,0.498007625341,0.491548448801,0.423344880342,0.318612992764,0.388981401920,0.537589550018,0.473138898611,0.267897635698,0.066414140165,-0.127508595586,-0.107795923948,-0.063693001866,-0.271672874689,-0.326493531466,-0.276423215866,-0.361749559641,-0.264854252338,0.218447506428,0.448218971491,0.126048073173,0.221831783652,0.311062276363,0.023953288794,0.318535506725,0.446776956320,0.270982801914,0.474770635366,0.422978222370,0.241410568357,0.269400328398,0.009106550366,-0.384120345116,-0.373338490725,-0.515618741512,-0.632774412632,-0.183595493436,-0.284428387880,-0.428587436676,-0.177979528904,-0.419179558754,-0.439698308706,-0.336563169956,-0.311858892441,-0.038983907551,0.092628069222,0.197352930903,0.205669432878,0.155186057091,0.146031975746,0.113309212029,0.104686543345,0.051432918757,0.113038450480,0.020639348775,-0.177188754082,-0.290159642696,-0.519153654575,-0.601534008980,-0.626797139645,-0.571741640568,-0.347948342562,-0.191705062985,0.034856539220,0.196774974465,0.230676680803,0.257771730423,0.273266285658,0.348359853029,0.383117020130,0.430461913347,0.492756396532,0.505941092968,0.492166996002,0.347378760576,0.263493269682,0.167022317648,-0.150939211249,-0.223682031035,-0.139213204384,-0.295095711946,-0.326159775257,-0.214586243033,-0.138965263963,-0.034265734255,-0.068561367691,-0.195678517222,-0.260435551405,-0.231771662831,-0.126501992345,0.100055769086,0.344626694918,0.295453518629,0.257797062397,0.303643524647,0.225475743413,0.303513348103,0.272151947021,0.055158138275,-0.022876840085,-0.129743948579,-0.232148587704,-0.304941445589,-0.555272877216,-0.768830955029,-0.693567454815,-0.612008571625,-0.521019101143,-0.197871759534,-0.014469509013,-0.004613233265,0.121464923024,0.231621816754,0.245939731598,0.387409806252,0.569082379341,0.492978423834,0.503985404968,0.497748762369,0.210458382964,0.151650428772,0.104034334421,-0.116443239152,-0.264638185501,-0.399930119514,-0.422092556953,-0.355886012316,-0.189764365554,-0.107774294913,-0.180960074067,-0.177256688476,-0.194702595472,-0.079661585391,0.079738132656,0.184739187360,0.307858109474,0.232175007463,0.205487310886,0.303950816393,0.390301436186,0.385570526123,0.331479847431,0.376161575317,0.268944263458,0.199584230781,0.125065922737,-0.075303837657,-0.126540943980,-0.308676928282,-0.434267163277,-0.457392156124,-0.559829771519,-0.430401176214,-0.227640658617,-0.058805491775,0.092867605388,0.218687102199,0.289670884609,0.303919047117,0.372355908155,0.375469475985,0.541008114815,0.634411156178,0.463224709034,0.450220644474,0.202311545610,-0.036826364696,-0.026955885813,-0.350228965282,-0.581249475479,-0.633183836937,-0.707375824451,-0.578708589077,-0.540792524815,-0.532067716122,-0.410085290670,-0.433424770832,-0.496698617935,-0.409530907869,-0.252304673195,-0.124399960041,0.033954143524,0.152621477842,0.187321469188,0.281639724970,0.356090426445,0.408459097147,0.419281840324,0.232679635286,0.116146929562,0.103204801679,-0.075805813074,-0.243017196655,-0.396747291088,-0.643554449081,-0.770432770252,-0.788191795349,-0.688762664795,-0.406655788422,-0.125237479806,0.105227842927,0.201065436006,0.193402111530,0.336918622255,0.432353317738,0.423053234816,0.554823994637,0.656429529190,0.726795673370,0.808084666729,0.673619091511,0.458550751209,0.198097988963,-0.115774266422,-0.223513647914,-0.270828843117,-0.288404732943,-0.206868007779,-0.302316606045,-0.377823024988,-0.319884210825,-0.393690854311,-0.337494164705,-0.134696200490,-0.132872506976,-0.073391906917,0.115095742047,0.186623975635,0.370216637850,0.497228801250,0.344585925341,0.347428321838,0.337080121040,0.203770443797,0.200530424714,-0.014795425348,-0.245413199067,-0.307525932789,-0.502604305744,-0.663576066494,-0.851694822311,-1.010728240013,-0.956661760807,-0.757581830025,-0.361762166023,-0.100533232093,0.003104467876,0.177331432700,0.248866945505,0.296968519688,0.364774018526,0.429136127234,0.511782407761,0.559643983841,0.621653735638,0.575293481350,0.443041712046,0.345025807619,0.066616535187,-0.269064307213,-0.380695402622,-0.439370185137,-0.425174742937,-0.394480168819,-0.511890351772,-0.502959907055,-0.460881739855,-0.438930392265,-0.366786092520,-0.376309543848,-0.161013662815,0.118475675583,0.264111548662,0.458553344011,0.439428240061,0.380003303289,0.440104454756,0.367821544409,0.394200593233,0.483435064554,0.300503641367,0.108239851892,-0.050171930343,-0.362161606550,-0.459366202354,-0.541172802448,-0.816240012646,-0.760231375694,-0.632673799992,-0.557731509209,-0.265793114901,-0.079768076539,0.065541684628,0.202878817916,0.191235125065,0.221883147955,0.351149559021,0.571519911289,0.655725836754,0.616711795330,0.575166881084,0.359458714724,0.236883878708,0.113659471273,-0.170578807592,-0.274429142475,-0.377041488886,-0.424184411764,-0.295356988907,-0.293915867805,-0.325212091208,-0.367912322283,-0.396611630917,-0.309514999390,-0.287636131048,-0.191178500652,0.013956033625,0.093698389828,0.181317597628,0.249383181334,0.203279122710,0.211770176888,0.213936880231,0.167426377535,0.108584828675,0.021116256714,0.034063540399,0.027112983167,-0.152904585004,-0.298943281174,-0.426067501307,-0.592184901237,-0.514716207981,-0.330959141254,-0.303010195494,-0.188781172037,-0.066989585757,-0.040588889271,0.063138961792,0.077489987016,0.089524678886,0.204612761736,0.280103117228,0.443865686655,0.589461982250,0.599521219730,0.591722190380,0.529261946678,0.427704423666,0.302947700024,0.118673950434,-0.048625055701,-0.076864264905,-0.017450585961,-0.014181923121,-0.045925043523,-0.115211680532,-0.177855178714,-0.203548908234,-0.279645800591,-0.280435264111,-0.203488633037,-0.135955065489,0.049604255706,0.176028475165,0.087496928871,0.134732916951,0.230169579387,0.166501507163,0.294830769300,0.360683500767,0.188436865807,0.112138800323,-0.077485166490,-0.275166839361,-0.484637260437,-0.884915947914,-0.947577536106,-0.909006059170,-1.000331521034,-0.752190172672,-0.534004151821,-0.523678481579,-0.457759886980,-0.401474297047,-0.245659470558,-0.001942902338,0.169065132737,0.231560572982,0.316644847393,0.450395882130,0.460142701864,0.403120905161,0.283297687769,0.187179803848,0.117847368121,-0.072539910674,-0.185910016298,-0.309814482927,-0.405574977398,-0.302453905344,-0.258553296328,-0.223534733057,-0.247907772660,-0.333911836147,-0.238264814019,-0.172235056758,-0.071436412632,0.150240749121,0.233892917633,0.305660963058,0.388942003250,0.402383863926,0.494882762432,0.549893975258,0.505611479282,0.488809734583,0.395852088928,0.230599135160,0.090290777385,-0.080203160644,-0.238423749804,-0.365854680538,-0.507964372635,-0.525635838509,-0.396615624428,-0.267558038235,-0.118610620499,-0.035051159561,-0.010826583020,0.029178092256,-0.094758339226,-0.071882687509,0.191193148494,0.316073238850,0.406302303076,0.344822734594,0.225193485618,0.243248030543,0.080979980528,-0.132147908211,-0.307246714830,-0.384089857340,-0.371438235044,-0.461383402348,-0.448225945234,-0.503285109997,-0.535599946976,-0.448806703091,-0.524508953094,-0.505236685276,-0.466784030199,-0.366920560598,-0.131487473845,0.009105239064,0.200390189886,0.265891432762,0.240310654044,0.324101835489,0.304330885410,0.222078785300,0.185027927160,0.184521690011,0.169582262635,0.060295637697,-0.147796526551,-0.367370367050,-0.530160546303,-0.699430763721,-0.799964725971,-0.664687395096,-0.400902509689,-0.263743072748,-0.177498519421,-0.035653542727,0.097131580114,0.358366280794,0.547074556351,0.504839301109,0.522126257420,0.580710291862,0.675269305706,0.745928108692,0.664174139500,0.497852355242,0.207744330168,-0.051251620054,-0.242943137884,-0.362011939287,-0.324143350124,-0.307346999645,-0.203870490193,-0.184279337525,-0.300025463104,-0.249808833003,-0.351672798395,-0.335167914629,-0.123184069991,-0.145601361990,0.009292813018,0.229488208890,0.343053132296,0.395408451557,0.289516866207,0.365650266409,0.373180568218,0.330293476582,0.335551321507,0.076098926365,-0.075315356255,-0.233967378736,-0.456271797419,-0.566298782825,-0.729439854622,-0.741582036018,-0.718006849289,-0.602398693562,-0.311593353748,-0.058107461780,0.160041943192,0.199207559228,0.201248899102,0.127243757248,0.078262038529,0.319950371981,0.419464439154,0.392943590879,0.371583014727,0.273600220680,0.176425337791,0.060301072896,-0.103551596403,-0.382398307323,-0.470350265503,-0.429912000895,-0.411780089140,-0.190816119313,-0.166082158685,-0.231903955340,-0.141708463430,-0.146608024836,-0.105791196227,-0.037707481533,0.066701054573,0.235831707716,0.388385176659,0.535607278347,0.550876677036,0.536229193211,0.533187031746,0.516181468964,0.512511312962,0.442138999701,0.327910184860,0.092607557774,-0.054244630039,-0.095150291920,-0.321951210499,-0.440572410822,-0.483889967203,-0.545555472374,-0.440491616726,-0.330277234316,-0.181983336806,-0.011810163036,0.077210634947,0.097969532013,0.162926644087,0.278222113848,0.254797220230,0.340534955263,0.429593056440,0.465005487204,0.594958722591,0.324246406555,-0.030750997365,-0.181954920292,-0.462664425373,-0.624682903290,-0.619367361069,-0.571418225765,-0.566134393215,-0.644136190414,-0.676725745201,-0.631569147110,-0.513288497925,-0.504301249981,-0.482298910618,-0.350608110428,-0.223884955049,0.094802290201,0.301302194595,0.244749531150,0.252170503139,0.282815724611,0.276037514210,0.231449767947,0.250335782766,0.187176793814,0.045112930238,0.041511248797,-0.159798413515,-0.420606046915,-0.609396636486,-0.754449188709,-0.606834292412,-0.466060847044,-0.242727145553,0.057569164783,0.224661216140,0.445930480957,0.515038907528,0.568717181683,0.597575545311,0.553126096725,0.673490285873,0.648233771324,0.592761337757,0.601689994335,0.548979341984,0.472693562508,0.313198894262,0.116000391543,-0.222114101052,-0.346796065569,-0.229194670916,-0.264348179102,-0.259040266275,-0.243378937244,-0.154284060001,-0.152730986476,-0.290168642998,-0.193797573447,-0.180238887668,-0.120927937329,0.126945316792,0.245956569910,0.364280939102,0.391415566206,0.234630450606,0.148645892739,0.274846315384,0.253605067730,0.039095744491,-0.003496198915,-0.235857337713,-0.474625170231,-0.438779652119,-0.694743514061,-0.878489255905,-0.809143781662,-0.898723959923,-0.704801440239,-0.278795480728,-0.045544870198,0.088210098445,0.076871179044,0.116332642734,0.293079674244,0.312480509281,0.356361716986,0.509708881378,0.590178787708,0.719729959965,0.738897979259,0.434452205896,0.136340573430,-0.080718755722,-0.293931335211,-0.299333870411,-0.323413819075,-0.409704118967,-0.304537922144,-0.325155794621,-0.310148179531,-0.159820392728,-0.306516498327,-0.291068702936,-0.140311509371,-0.094786107540,0.211700364947,0.264348804951,0.281967163086,0.581236004829,0.532001495361,0.559189677238,0.638650178909,0.495539337397,0.575470447540,0.513127326965,0.235971748829,0.151029035449,-0.158707737923,-0.585398495197,-0.456172853708,-0.538791775703,-0.761306941509,-0.366283029318,-0.381222397089,-0.353748500347,0.102439507842,0.099898040295,0.276985079050,0.452247709036,0.409819930792,0.596771955490,0.603836536407,0.545439600945,0.612654209137,0.604604244232,0.438017636538,0.329017639160,0.132256999612,-0.297319859266,-0.437966138124,-0.484912693501,-0.410310775042,-0.305536270142,-0.512022674084,-0.372394740582,-0.339171230793,-0.536214530468,-0.349846690893,-0.289304345846,-0.199860125780,-0.037149868906,0.036204032600,0.286227226257,0.329040020704,0.279187917709,0.403564989567,0.409152358770,0.258780002594,0.128043815494,0.094374001026,0.013445004821,-0.120127975941,-0.268769800663,-0.455101013184,-0.628763675690,-0.762644648552,-0.742928564548,-0.677582085133,-0.551705539227,-0.261298745871,-0.090263806283,0.092606708407,0.367470741272,0.492641508579,0.624097228050,0.749791443348,0.879056394100,1.044322133064,1.055459260941,1.006652951241,0.847943961620,0.617410302162,0.501318037510,0.340751677752,0.082738608122,-0.166635707021,-0.252268433571,-0.275503784418,-0.358443856239,-0.312897264957,-0.250389367342,-0.240882396698,-0.269875258207,-0.330787181854,-0.260021984577,-0.130005300045,0.091619953513,0.275982826948,0.364350289106,0.534954428673,0.462772548199,0.410764753819,0.571946620941,0.377577900887,0.146886333823,0.098040595651,-0.178600922227,-0.442126482725,-0.516864001751,-0.691106915474,-0.824861228466,-0.805766344070,-0.821011960506,-0.719653785229,-0.589909613132,-0.396880716085,-0.045073624700,-0.002274322556,-0.004830345977,0.075344130397,0.012695838697,0.166527837515,0.335501194000,0.338996469975,0.338770598173,0.317287981510,0.313083350658,0.251055359840,0.064727336168,-0.169241338968,-0.223161429167,-0.182247802615,-0.208396479487,-0.133721083403,-0.074637204409,-0.115263804793,-0.082396432757,-0.023080589250,-0.104416206479,-0.186091259122,-0.130020290613,-0.065228939056,0.117181226611,0.378418505192,0.418689191341,0.354466855526,0.465720653534,0.566618204117,0.389289021492,0.294018089771,0.318133234978,0.169441089034,0.158811986446,0.173022076488,-0.083215504885,-0.338257163763,-0.386047631502,-0.266712129116,-0.281712412834,-0.367282122374,-0.237638026476,-0.121877007186,-0.094740219414,-0.061565153301,-0.061543241143,-0.027746811509,0.100136630237,0.308290570974,0.459574550390,0.556295096874,0.621253013611,0.542607665062,0.489419817924,0.330751776695,0.023861762136,-0.061954423785,-0.141912654042,-0.226016595960,-0.197605505586,-0.258087694645,-0.280699789524,-0.329846590757,-0.419145047665,-0.440114438534,-0.520403325558,-0.564672231674,-0.387187510729,-0.046446386725,0.089908614755,-0.004272152204,0.065398491919,0.263581931591,0.314106881618,0.337021261454,0.517632424831,0.495354741812,0.313090234995,0.309606671333,0.155308380723,-0.131439343095,-0.351334214211,-0.468709737062,-0.503161847591,-0.694851517677,-0.755609154701,-0.527888357639,-0.217019006610,-0.029518198222,-0.018816344440,0.108960047364,0.079280853271,0.174380332232,0.614874839783,0.585415720940,0.560178339481,0.729743182659,0.598150968552,0.535856604576,0.463286608458,0.315246373415,0.142648190260,-0.105992779136,-0.233053013682,-0.255980342627,-0.239442899823,-0.218110844493,-0.134521976113,-0.206660494208,-0.377558737993,-0.339056879282,-0.391514539719,-0.304495036602,-0.053456835449,0.044461425394,0.291511476040,0.404121518135,0.330156803131,0.346020162106,0.221156448126,0.239612668753,0.409199953079,0.362267822027,0.315766483545,0.263540357351,0.060929033905,-0.185817271471,-0.339412331581,-0.390188634396,-0.523601174355,-0.583265781403,-0.465014785528,-0.288034737110,-0.102907948196,-0.078233212233,0.024922402576,0.208729282022,0.203096866608,0.299738764763,0.497712612152,0.596634268761,0.612959563732,0.602306306362,0.536097228527,0.337349355221,0.132312357426,-0.079521119595,-0.150861069560,-0.131480813026,-0.282753765583,-0.326419919729,-0.347053557634,-0.401015549898,-0.263693332672,-0.181238681078,-0.241017088294,-0.329515099525,-0.242161273956,0.010683692060,0.121793627739,0.193917304277,0.439466893673,0.772285938263,0.862581968307,0.749966561794,0.782471239567,0.696514785290,0.399281471968,0.328673839569,0.313070148230,0.040878336877,-0.185641109943,-0.311024844646,-0.537152051926,-0.650481283665,-0.574913680553,-0.501010239124,-0.350553780794,-0.195486709476,-0.109072148800,0.202514275908,0.450312465429,0.306111425161,0.251714557409,0.434996515512,0.471718817949,0.404381126165,0.445667684078,0.334942042828,0.127585038543,0.000800775539,-0.235519349575,-0.376096397638,-0.505409300327,-0.652881205082,-0.523353040218,-0.462965160608,-0.396059423685,-0.231316924095,-0.258508890867,-0.226061806083,-0.171088963747,-0.186793357134,-0.126970842481,-0.071763895452,0.025963768363,0.152924150229,0.157618328929,0.056305915117,0.038313116878,0.100668027997,0.126009047031,0.130504906178,0.009726354852,-0.096694044769,-0.118291944265,-0.245098888874,-0.244380116463,-0.205011844635,-0.405430406332,-0.460455924273,-0.283494383097,-0.092827849090,0.164845392108,0.259947329760,0.279902309179,0.462333440781,0.438262730837,0.382203757763,0.483828395605,0.524459302425,0.644972264767,0.672926187515,0.582939505577,0.495635420084,0.267095744610,0.123118005693,0.039070460945,-0.106879279017,-0.125229001045,-0.111678197980,-0.117335133255,-0.014073526487,-0.004346946720,-0.131849825382,-0.110726460814,-0.174101844430,-0.270157039165,-0.089489437640,-0.083454094827,-0.104615919292,0.135911762714,0.192705720663,0.199157595634,0.306547343731,0.299885660410,0.249249875546,0.141130104661,0.013242210262,0.046868070960,0.028669264168,-0.266293168068,-0.510367989540,-0.562932372093,-0.642508924007,-0.663563847542,-0.631363928318,-0.610129356384,-0.475899159908,-0.346566468477,-0.253318727016,-0.117221891880,-0.013229873963,0.135839223862,0.244498193264,0.207951128483,0.317949205637,0.499158948660,0.543369770050,0.548896610737,0.459299862385,0.325179040432,0.080620817840,-0.234238699079,-0.351651072502,-0.479908287525,-0.497206628323,-0.388342589140,-0.456394642591,-0.383259564638,-0.281652390957,-0.288798421621,-0.214818924665,-0.182049840689,-0.067261978984,0.112029574811,0.357699364424,0.525390446186,0.401254266500,0.392257213593,0.405541896820,0.401468008757,0.429499983788,0.322506397963,0.356372952461,0.211412131786,0.025931823999,0.060628183186,-0.215954363346,-0.434303164482,-0.527107715607,-0.679113030434,-0.555097997189,-0.400407433510,-0.239987909794,-0.024303894490,0.075198613107,0.171164825559,0.264464408159,0.325837463140,0.335144281387,0.345475792885,0.358693838120,0.384521126747,0.475331664085,0.302468061447,0.038787893951,-0.041699174792,-0.249179244041,-0.400225758553,-0.424716800451,-0.504114627838,-0.434945106506,-0.296057105064,-0.254919558764,-0.322477012873,-0.413681626320,-0.464319676161,-0.505035817623,-0.353546082973,-0.149507537484,-0.006598168984,0.208895161748,0.362637013197,0.473875194788,0.476624578238,0.436606258154,0.435654610395,0.336336553097,0.356762617826,0.288702011108,-0.000947495399,-0.221492841840,-0.426004350185,-0.499975919724,-0.520860850811,-0.639880418777,-0.680741548538,-0.649060904980,-0.464992702007,-0.119803026319,0.099567107856,0.180278763175,0.392855197191,0.567274272442,0.602968573570,0.867658197880,1.069532871246,1.059746503830,1.116213202477,0.968847572803,0.692713201046,0.480849117041,0.146195277572,-0.197954431176,-0.338501185179,-0.438777506351,-0.530139386654,-0.427489280701,-0.364327430725,-0.303111225367,-0.245048761368,-0.392273426056,-0.392383843660,-0.386030524969,-0.367471963167,-0.085286200047,0.065295159817,0.152374207973,0.189122498035,0.109455555677,0.181260779500,0.212104365230,0.064372897148,-0.117775633931,-0.185508906841,-0.250421315432,-0.428254485130,-0.571084618568,-0.775238573551,-0.954577207565,-0.937817633152,-0.866015851498,-0.718355357647,-0.369516789913,-0.061215009540,-0.021374408156,0.105847381055,0.342044413090,0.428726673126,0.479489982128,0.419120788574,0.332965403795,0.364024102688,0.365384966135,0.296710163355,0.139299690723,0.049204576761,0.011582962237,-0.135126858950,-0.255440622568,-0.399437814951,-0.426490038633,-0.264096021652,-0.213472679257,-0.055174697191,0.094442591071,-0.067947730422,-0.126077234745,-0.012334654108,0.089325629175,0.124241240323,0.086878441274,0.178921669722,0.373751431704,0.475043416023,0.383192688227,0.266704201698,0.231793880463,0.226713955402,0.296009212732,0.193253621459,0.078852280974,0.097655490041,-0.127589017153,-0.354716986418,-0.501629352570,-0.598995864391,-0.493774116039,-0.482329547405,-0.414081037045,-0.244065806270,-0.189472228289,-0.035249482840,0.048476748168,-0.032927561551,-0.059425882995,0.036217462271,0.276565164328,0.422622025013,0.420942008495,0.329810231924,0.134646341205,0.044489689171,-0.039830911905,-0.206594556570,-0.297303408384,-0.320021629333,-0.283341348171,-0.203312128782,-0.169756144285,-0.283441454172,-0.399086415768,-0.420845955610,-0.476517349482,-0.492901504040,-0.448089420795,-0.274835765362,-0.011332103051,0.124324865639,0.211247965693,0.280528128147,0.300800204277,0.327885687351,0.378946036100,0.332637637854,0.291589677334,0.307710230350,0.027463516220,-0.208226799965,-0.290909171104,-0.462139725685,-0.537186264992,-0.745225131512,-0.778799295425,-0.498689234257,-0.244202122092,-0.011763916351,-0.051128827035,0.023568920791,0.145089417696,0.034880496562,0.179287672043,0.265125870705,0.325100183487,0.536100447178,0.563664913177,0.461959064007,0.340817004442,0.197998955846,-0.094575136900,-0.213554143906,-0.163421422243,-0.212587282062,-0.138571724296,-0.177405193448,-0.226012572646,-0.266816884279,-0.489590853453,-0.505089879036,-0.433612346649,-0.326353639364,-0.185767546296,-0.136861205101,0.023417001590,0.196361511946,0.327631294727,0.295500040054,0.174030974507,0.200631082058,0.157008469105,0.158794268966,0.209216728806,0.145486250520,0.040803235024,-0.143050864339,-0.301154017448,-0.407425671816,-0.415865331888,-0.415896207094,-0.466658592224,-0.250307977200,-0.034770507365,0.013307235204,0.130092293024,0.112424947321,0.074475258589,0.181702554226,0.233736872673,0.336931169033,0.422788918018,0.347259253263,0.368842273951,0.353832483292,0.171492651105,0.030663939193,-0.198882713914,-0.330636024475,-0.194611787796,-0.108172059059,-0.106230169535,-0.183172062039,-0.250125706196,-0.257252514362,-0.298124998808,-0.374869883060,-0.411432296038,-0.237179309130,-0.076453745365,0.126826763153,0.354296535254,0.368169784546,0.509126424789,0.481469243765,0.334930509329,0.503425955772,0.612466216087,0.558818817139,0.317059814930,0.081795170903,-0.044198844582,-0.261384129524,-0.392782270908,-0.534929692745,-0.597390890121,-0.543955445290,-0.516626775265,-0.282511591911,-0.117230810225,-0.091367833316,0.007837093435,0.011115849018,0.013407813385,0.146480157971,0.295854568481,0.360072523355,0.423095703125,0.414461672306,0.281551718712,0.142075896263,-0.143382236362,-0.395919829607,-0.452990323305,-0.512632131577,-0.524081528187,-0.423238575459,-0.289236485958,-0.229003697634,-0.219776153564,-0.254075795412,-0.388334542513,-0.473222702742,-0.411123275757,-0.218887761235,-0.004317933228,0.055175133049,0.032450158149,0.058523986489,0.077965430915,0.105976879597,0.078845076263,0.007133562118,0.112290553749,0.174609780312,0.098014108837,-0.033237420022,-0.276594817638,-0.371582686901,-0.436761856079,-0.458276361227,-0.260880708694,-0.167156636715,-0.041029181331,0.144435748458,0.240406349301,0.370763510466,0.423649817705,0.436895638704,0.488140672445,0.526941895485,0.599677979946,0.729601979256,0.705211400986,0.542015790939,0.522794723511,0.280666887760,-0.098611548543,-0.147893577814,-0.255593150854,-0.367785006762,-0.259179353714,-0.237031087279,-0.291862219572,-0.238687157631,-0.190376847982,-0.345391541719,-0.479375898838,-0.399409830570,-0.244588121772,-0.109571911395,0.037924706936,0.236731901765,0.256850421429,0.186263591051,0.190351173282,0.100233882666,0.091198369861,0.074802502990,-0.103758104146,-0.204632505774,-0.250535368919,-0.406034469604,-0.691775083542,-0.842455267906,-0.869831442833,-0.834154427052,-0.544363975525,-0.299318403006,-0.110798060894,0.088643044233,0.049971166998,-0.038301594555,-0.009471341036,0.098973169923,0.162266328931,0.197236269712,0.308926463127,0.382232278585,0.432002693415,0.394787639380,0.199965164065,-0.001259834971,-0.193958953023,-0.361529260874,-0.416992902756,-0.337780982256,-0.176511332393,-0.141001105309,-0.139716207981,-0.015886090696,-0.090885169804,-0.227046296000,-0.143245354295,-0.017074355856,0.164877593517,0.266946852207,0.385787844658,0.586519181728,0.421665728092,0.239456534386,0.242149248719,0.216245144606,0.308937162161,0.246899202466,0.086642459035,-0.047351844609,-0.251467287540,-0.370865136385,-0.588818073273,-0.776423752308,-0.779823601246,-0.684778213501,-0.448083847761,-0.195404604077,0.027149051428,0.140372127295,0.220171064138,0.260237812996,0.257391601801,0.352830648422,0.361592531204,0.440982013941,0.490064054728,0.332680523396,0.286470025778,0.159392252564,-0.096149124205,-0.204481646419,-0.237066790462,-0.446117520332,-0.552265167236,-0.288298815489,-0.324309736490,-0.479290455580,-0.238562196493,-0.301482498646,-0.583781242371,-0.337874233723,-0.119647495449,-0.229178607464,0.086736977100,0.312010377645,0.146700114012,0.408049017191,0.560716211796,0.397611588240,0.417591899633,0.308438837528,0.129262417555,0.040542904288,-0.000534730905,0.003191386582,-0.119218371809,-0.357531934977,-0.558287978172,-0.552322268486,-0.421636253595,-0.303095221519,-0.156067609787,0.023085137829,0.224256470799,0.355235874653,0.542868375778,0.692668795586,0.609865069389,0.645135939121,0.737616777420,0.794644117355,0.861494660378,0.774628937244,0.676662564278,0.409272879362,0.084149084985,-0.067719355226,-0.267657488585,-0.317715853453,-0.327713102102,-0.361788690090,-0.260842353106,-0.237635925412,-0.202913850546,-0.264125466347,-0.319591492414,-0.140203610063,-0.010912381113,0.084086328745,0.051980752498,0.000557600870,0.077538833022,0.043451707810,0.091065011919,0.079018115997,-0.052619639784,-0.018211023882,-0.081562876701,-0.240940734744,-0.338780254126,-0.431732714176,-0.515900075436,-0.660295605659,-0.736605465412,-0.703716814518,-0.690084159374,-0.538155019283,-0.248325467110,-0.044748362154,0.022506497800,0.090656608343,0.206986129284,0.212030306458,0.267533451319,0.414411813021,0.428554922342,0.507176220417,0.598229765892,0.530236780643,0.388315051794,0.198544904590,0.054493755102,-0.098425708711,-0.115601971745,-0.027465848252,-0.147256568074,-0.095238894224,0.202925384045,0.200908482075,-0.093068674207,-0.194391340017,-0.173556894064,-0.230470329523,0.018790973350,0.305650442839,0.359429687262,0.464195370674,0.495262473822,0.527382791042,0.532064676285,0.499108672142,0.594121277332,0.459145873785,0.227120608091,0.169347360730,-0.059131797403,-0.337217986584,-0.401071727276,-0.655888617039,-0.881209433079,-0.630982339382,-0.615385949612,-0.609396636486,-0.224195048213,-0.198607131839,-0.080489128828,0.159583374858,0.014529166743,0.110299423337,0.272681444883,0.299521356821,0.483989357948,0.448338180780,0.260981112719,0.142227590084,-0.100765213370,-0.223597839475,-0.237166523933,-0.398940354586,-0.432684332132,-0.394444048405,-0.390555262566,-0.292462766171,-0.276562988758,-0.240010648966,-0.203923895955,-0.322161793709,-0.280883222818,-0.142397582531,-0.176599770784,-0.078489243984,0.173387318850,0.175534039736,0.150780156255,0.203279912472,0.194928854704,0.252633690834,0.162325128913,0.143798619509,0.236336231232,0.032030142844,-0.120240315795,-0.292906701565,-0.491912633181,-0.359561175108,-0.328403532505,-0.390519350767,-0.239467203617,-0.022834952921,0.232742220163,0.394929766655,0.343744695187,0.283657401800,0.313370466232,0.319917112589,0.381289482117,0.452328890562,0.380776792765,0.437181234360,0.512807369232,0.327575385571,0.149111673236,0.042573127896,-0.090109847486,-0.172406300902,-0.154082953930,-0.085044197738,-0.068295456469,-0.121900282800,-0.126904428005,-0.131158098578,-0.295399844646,-0.335910350084,-0.228945001960,-0.189597770572,-0.066141009331,0.079822137952,0.244043588638,0.268359780312,0.186447039247,0.369241029024,0.403210967779,0.287707746029,0.333692252636,0.332534313202,0.162602961063,-0.129678428173,-0.241158008575,-0.442968606949,-0.717654824257,-0.650402247906,-0.604952394962,-0.549480915070,-0.391978859901,-0.175530180335,-0.016703397036,0.025396002457,0.185533538461,0.208770707250,0.380256354809,0.593008697033,0.509057164192,0.638978660107,0.588519752026,0.403285890818,0.408846020699,0.245901852846,0.200448811054,0.146671056747,-0.075607836246,-0.139653712511,-0.195839613676,-0.244180306792,-0.201233655214,-0.128880009055,-0.013676631264,-0.031112689525,-0.149623766541,-0.070699118078,0.112284660339,0.187783434987,0.310563415289,0.526574909687,0.626451253891,0.695920705795,0.788619577885,0.687578380108,0.543967068195,0.408912569284,0.303042948246,0.356383353472,0.103854805231,-0.207074373960,-0.244091063738,-0.451020181179,-0.482616335154,-0.390061825514,-0.490389317274,-0.384034752846,-0.164429500699,0.064666867256,0.179567769170,0.037927709520,0.039126344025,0.126225799322,0.083928428590,0.145951405168,0.229467883706,0.156008690596,0.110345549881,0.004587695468,-0.140696197748,-0.107161849737,-0.279426187277,-0.539955615997,-0.509783029556,-0.455037057400,-0.403003245592,-0.398252874613,-0.376434564590,-0.248170629144,-0.371842682362,-0.478062421083,-0.265434741974,-0.256628692150,-0.315783262253,-0.031970903277,-0.047172397375,-0.197300896049,0.047223351896,0.077927872539,0.166998058558,0.393146187067,0.209678307176,0.266124963760,0.416478842497,0.191190421581,0.260375529528,0.334043294191,-0.094350829720,-0.137705370784,0.074772037566,-0.237101793289,-0.160728812218,0.197381883860,0.061297077686,0.159406885505,0.358137786388,0.250955224037,0.234979867935,0.380650013685,0.468897074461,0.504490315914,0.676796019077,0.708554148674,0.730274438858,0.807977259159,0.522913038731,0.300387471914,0.168657362461,-0.057053830475,-0.059538215399,-0.078626804054,-0.184489741921,-0.142718553543,-0.140739321709,-0.319280892611,-0.434803307056,-0.429485708475,-0.452732920647,-0.373073577881,-0.161675840616,0.046027898788,0.060833808035,-0.069772191346,0.028568468988,0.174214065075,0.230650886893,0.261073142290,0.076872594655,0.012282707728,0.003383568488,-0.211619526148,-0.251910626888,-0.417015731335,-0.669100403786,-0.568303525448,-0.575624227524,-0.566683053970,-0.392501056194,-0.362423181534,-0.233725517988,-0.040011867881,0.090630725026,0.116760723293,0.163695588708,0.386034756899,0.375834524632,0.333806574345,0.387040257454,0.326289087534,0.361680597067,0.188129171729,-0.073432028294,-0.191609159112,-0.350995123386,-0.333767771721,-0.369258403778,-0.379608422518,-0.165829762816,-0.104343324900,-0.063382238150,-0.051579073071,-0.049718596041,0.045610576868,-0.043275617063,-0.006838081405,0.203493699431,0.261998981237,0.328877300024,0.402733951807,0.362639605999,0.218775212765,0.210766360164,0.324278503656,0.284033089876,0.206597909331,0.071434386075,-0.039706010371,-0.180106401443,-0.486645549536,-0.497268408537,-0.397396832705,-0.442045062780,-0.331902474165,-0.201019659638,-0.079546764493,0.128976196051,0.304975032806,0.406239390373,0.564755916595,0.715682506561,0.643975496292,0.570229709148,0.476429343224,0.353349983692,0.401128500700,0.259409189224,-0.015681374818,-0.171644687653,-0.315721690655,-0.361618518829,-0.328383952379,-0.330923855305,-0.438712745905,-0.494629114866,-0.396301269531,-0.343320488930,-0.325108587742,-0.261431872845,-0.161564499140,-0.129385530949,-0.099141381681,-0.005607075524,0.051991567016,0.261639237404,0.405980974436,0.331877797842,0.363070160151,0.359958887100,0.261386752129,0.182177811861,0.055252030492,-0.169496685266,-0.318839669228,-0.335700899363,-0.535105288029,-0.613924324512,-0.466591268778,-0.464076459408,-0.230508401990,0.152567073703,0.286123931408,0.446973949671,0.625762939453,0.699257254601,0.812049567699,0.837560057640,0.751006960869,0.717088937759,0.610227286816,0.460106730461,0.326154917479,0.047997698188,-0.150718808174,-0.193167880177,-0.316200971603,-0.359166413546,-0.364249408245,-0.427142560482,-0.328048229218,-0.287894934416,-0.267951935530,-0.096139788628,-0.097947984934,-0.100035339594,-0.021952174604,0.048166442662,0.258761584759,0.267857432365,0.165951445699,0.174503862858,0.048029109836,0.049329586327,0.157403588295,-0.009537708946,-0.222477480769,-0.314694076777,-0.399400115013,-0.411946982145,-0.482500761747,-0.622078478336,-0.568252027035,-0.509043872356,-0.474970966578,-0.339475661516,-0.233212977648,-0.054441135377,0.153155505657,0.275475353003,0.304727673531,0.259369730949,0.333861976862,0.443039774895,0.427487015724,0.345342993736,0.321695834398,0.349262148142,0.274641484022,0.203134074807,0.088190786541,-0.088895343244,-0.115298897028,-0.145390808582,-0.140643239021,-0.059554088861,-0.024828694761,0.056822229177,-0.035338945687,-0.141765683889,-0.077345713973,-0.148280248046,0.002542943694,0.193548664451,0.089351303875,0.251465588808,0.377131402493,0.376183480024,0.567242801189,0.528714358807,0.427450031042,0.423745840788,0.293190896511,0.106360509992,-0.047748871148,-0.210990965366,-0.513433754444,-0.644999146461,-0.606357216835,-0.628165245056,-0.581028878689,-0.526583731174,-0.215461269021,-0.011234487407,-0.073933549225,0.203465387225,0.210166677833,0.135026872158,0.399717748165,0.423557698727,0.490404814482,0.467388510704,0.314573585987,0.313768148422,0.124888747931,-0.063866853714,-0.198668599129,-0.360780119896,-0.455350667238,-0.495885819197,-0.522820174694,-0.555597782135,-0.389567434788,-0.349094212055,-0.400692731142,-0.347253978252,-0.390956491232,-0.086295671761,0.151673674583,0.071437321603,0.185921609402,0.166127234697,0.167659729719,0.299707412720,0.346789151430,0.332910925150,0.192400619388,0.177069753408,0.069441139698,-0.165806159377,-0.194281801581,-0.290611833334,-0.381575107574,-0.407345533371,-0.564878821373,-0.601696074009,-0.434484332800,-0.224291235209,0.003960056696,0.149613484740,0.228863433003,0.315957576036,0.328039109707,0.456627637148,0.603798210621,0.535412430763,0.558527767658,0.540512621403,0.426776289940,0.466521561146,0.378329098225,0.178159862757,0.028694553301,-0.091960936785,-0.147331848741,-0.264352500439,-0.364018231630,-0.368342965841,-0.366550475359,-0.364935100079,-0.402311980724,-0.409733682871,-0.364549160004,-0.224308431149,0.089785352349,0.315488070250,0.317578166723,0.306013017893,0.399443835020,0.465909630060,0.394352823496,0.351801842451,0.318145155907,0.112646199763,-0.133296802640,-0.258002728224,-0.292925775051,-0.401949703693,-0.587856709957,-0.690966367722,-0.697611808777,-0.579103946686,-0.429923653603,-0.352695912123,-0.220631599426,-0.036017592996,0.160933986306,0.215056076646,0.132348984480,0.237730577588,0.312464922667,0.304224401712,0.412820488214,0.374338537455,0.280914485455,0.134817972779,-0.079578489065,-0.156846657395,-0.256909757853,-0.187820404768,-0.086059987545,-0.141412481666,-0.010465976782,0.049444410950,0.049220796674,0.079890467227,0.017914338037,0.093215093017,0.171385377645,0.190066784620,0.179176121950,0.254672616720,0.357229769230,0.230583325028,0.280054092407,0.241424679756,0.038536831737,0.124520421028,0.149240404367,0.137206152081,-0.081084840000,-0.331557542086,-0.261979579926,-0.435256659985,-0.539135932922,-0.478901356459,-0.421275109053,-0.203803360462,-0.237776666880,-0.224211767316,-0.093746356666,-0.095647476614,-0.001928096754,-0.104335926473,-0.176167711616,-0.005977259483,0.030860353261,0.078554786742,0.115601509809,0.048672530800,-0.038951653987,-0.129579991102,-0.240098342299,-0.359051495790,-0.221840143204,-0.129514291883,-0.147657275200,-0.037015892565,-0.243174746633,-0.295172572136,-0.152426525950,-0.410784691572,-0.421483337879,-0.397291570902,-0.424267083406,-0.107420511544,-0.088905774057,-0.018645027652,0.186610892415,0.185948029160,0.343506604433,0.389374345541,0.427425622940,0.479969531298,0.454310268164,0.472903788090,0.220884010196,0.063958458602,-0.061294399202,-0.257506668568,-0.166393443942,-0.168707087636,-0.149005919695,-0.068226940930,-0.075693443418,0.063417375088,0.212127476931,0.290609061718,0.198591515422,0.168081805110,0.348046958447,0.340553790331,0.389855295420,0.489932596684,0.329670310020,0.277493685484,0.257226675749,0.029870251194,-0.057091474533,-0.062052417547,-0.158704861999,-0.209524556994,-0.313077002764,-0.329402714968,-0.246650338173,-0.283247113228,-0.273782849312,-0.410549461842,-0.604147255421,-0.394438117743,-0.116316743195,-0.015403670259,0.061766788363,0.027333725244,-0.060010999441,0.015919215977,0.067048005760,0.055244140327,0.174695253372,0.175861045718,0.116018973291,0.102983951569,-0.075459614396,-0.226957097650,-0.424913048744,-0.662236750126,-0.642733097076,-0.611261725426,-0.457319229841,-0.169887796044,-0.090009935200,0.012548536994,0.040148034692,0.069373324513,0.234809011221,0.193140268326,0.222323879600,0.213607922196,0.177607670426,0.377520978451,0.337458670139,0.274415344000,0.166374862194,-0.074721544981,-0.111737236381,-0.254968881607,-0.244234770536,-0.160895839334,-0.232299804688,-0.113082602620,-0.130438730121,-0.178482711315,-0.213098421693,-0.310114771128,-0.217490419745,-0.225564271212,-0.138148888946,0.068691365421,0.199350342155,0.344365626574,0.284466624260,0.323593020439,0.390576332808,0.260206162930,0.199071109295,0.083660826087,-0.005951342173,-0.137315765023,-0.297391355038,-0.420158147812,-0.658642947674,-0.591450631618,-0.458327680826,-0.450972408056,-0.251772522926,-0.207845881581,-0.136425569654,0.060732856393,0.130906879902,0.254257827997,0.297865658998,0.365455508232,0.517279386520,0.525774061680,0.500166535378,0.414125084877,0.341742902994,0.268837004900,0.030567742884,-0.271252602339,-0.459608018398,-0.380823552608,-0.341776043177,-0.395935386419,-0.323718041182,-0.364283531904,-0.382965385914,-0.325809776783,-0.390727311373,-0.342937946320,-0.086559385061,0.173732221127,0.285840481520,0.305856257677,0.275358289480,0.275044590235,0.322966963053,0.231692865491,0.198574781418,0.176015347242,-0.033153582364,-0.156501889229,-0.266820192337,-0.382820576429,-0.399821102619,-0.462865859270,-0.466694623232,-0.351081281900,-0.246630400419,-0.020994966850,0.330405235291,0.407352536917,0.477732062340,0.658068835735,0.540979206562,0.569070518017,0.647454380989,0.511542260647,0.515001356602,0.402127802372,0.188088208437,0.107190065086,0.009488512762,-0.211380481720,-0.408250123262,-0.423657953739,-0.441596001387,-0.407082289457,-0.330067634583,-0.286509126425,-0.170904874802,-0.133671075106,-0.156530499458,-0.229120120406,-0.187399998307,-0.023568434641,-0.017601413652,0.089653342962,0.139621034265,0.048639327288,0.096089147031,0.124266073108,0.151868835092,0.104839697480,-0.020900275558,-0.100332930684,-0.096794426441,-0.080395683646,-0.293612062931,-0.429582476616,-0.529521048069,-0.739443123341,-0.684834778309,-0.641042292118,-0.607703149319,-0.415902853012,-0.268610626459,0.021123850718,0.210135608912,0.157393455505,0.276177167892,0.394460111856,0.412297606468,0.553423106670,0.628815352917,0.601584196091,0.613695800304,0.488916456699,0.274226486683,0.091892816126,-0.155328273773,-0.263276308775,-0.187345266342,-0.175042599440,-0.170855194330,-0.202978223562,-0.231590926647,-0.059560853988,-0.056022785604,-0.196571454406,-0.066593408585,0.041708283126,0.185043305159,0.387815207243,0.383190900087,0.476901173592,0.549145758152,0.505512535572,0.487871468067,0.408769488335,0.334821760654,0.128743410110,-0.074308276176,-0.209230318666,-0.401255518198,-0.562116503716,-0.725345134735,-0.702296972275,-0.728219926357,-0.747955501080,-0.421313971281,-0.203612059355,-0.045114278793,0.154458537698,0.346564918756,0.490223050117,0.438817590475,0.568134725094,0.568377792835,0.376105993986,0.452305138111,0.333187013865,0.157866686583,0.165214449167,-0.179886803031,-0.441836923361,-0.347355008125,-0.558602154255,-0.606838285923,-0.362906575203,-0.496421873569,-0.399432778358,-0.139338135719,-0.327384263277,-0.418173938990,-0.246613979340,-0.090291097760,0.086697399616,0.302717089653,0.356264114380,0.394728720188,0.556501209736,0.510806858540,0.473886519670,0.407594352961,0.181397914886,0.173308730125,0.082248724997,-0.144093096256,-0.287445604801,-0.459279477596,-0.555204689503,-0.628144621849,-0.712911128998,-0.609274148941,-0.252536445856,0.003069030121,0.097559258342,0.315913647413,0.347427546978,0.263918042183,0.411777526140,0.519246757030,0.551535844803,0.627783715725,0.615029335022,0.587467908859,0.589354634285,0.404033601284,0.147003233433,-0.025750486180,-0.214136064053,-0.300353944302,-0.309612691402,-0.400238186121,-0.378808230162,-0.268221735954,-0.281058341265,-0.289626121521,-0.378388971090,-0.486348479986,-0.309715628624,-0.071407541633,0.098204612732,0.169486492872,0.222743868828,0.425181537867,0.494571089745,0.432971507311,0.346404105425,0.248366981745,0.221174791455,0.107761710882,-0.032990187407,-0.272502303123,-0.600645065308,-0.688578546047,-0.703999519348,-0.737203776836,-0.695048511028,-0.589140415192,-0.373115658760,-0.137964695692,0.057749975473,0.149572417140,0.290572196245,0.496780812740,0.426509737968,0.458370894194,0.635333716869,0.520846188068,0.566745221615,0.600052475929,0.278489768505,0.139079689980,0.007327332627,-0.291055262089,-0.390602886677,-0.364671677351,-0.355001032352,-0.228778585792,-0.048235222697,0.045239958912,0.148840427399,0.084507361054,0.020906163380,0.183841496706,0.237681642175,0.384727686644,0.521567165852,0.475910186768,0.597057938576,0.595276296139,0.340356647968,0.172995612025,0.181089118123,0.121094487607,0.029791571200,-0.009683970362,-0.326509386301,-0.473190009594,-0.419267505407,-0.681143641472,-0.766350865364,-0.723559081554,-0.745760858059,-0.518272161484,-0.308180242777,-0.176227688789,0.007902535610,0.044154681265,0.013292666525,0.097098000348,0.183054894209,0.214846491814,0.290377318859,0.431710928679,0.396434038877,0.093616813421,-0.029110493138,-0.044208403677,-0.268863946199,-0.327622562647,-0.314777791500,-0.442145138979,-0.390302419662,-0.323977530003,-0.327292829752,-0.303268641233,-0.362326800823,-0.304298669100,-0.257609307766,-0.322015613317,-0.176519364119,0.053175136447,0.244333118200,0.455795109272,0.541910409927,0.434507429600,0.431940823793,0.609301149845,0.649752855301,0.668018996716,0.525223851204,0.188604056835,0.156381621957,0.078916907310,-0.135531529784,-0.259701699018,-0.476573854685,-0.433792531490,-0.178254574537,-0.004431609530,0.172614231706,0.210529550910,0.213570430875,0.363726317883,0.501051783562,0.472756594419,0.445166170597,0.599895656109,0.713833689690,0.596157848835,0.428522258997,0.378609806299,0.175246402621,-0.112748228014,-0.160753950477,-0.309544891119,-0.427273720503,-0.282228857279,-0.273683667183,-0.248051181436,-0.219081193209,-0.347297221422,-0.325705200434,-0.343000769615,-0.455501884222,-0.274395644665,-0.071780778468,-0.156870037317,0.032396886498,0.309969604015,0.082447044551,0.076556384563,0.247808739543,0.132274061441,0.161032870412,0.164599955082,0.061703659594,-0.018911743537,-0.166239410639,-0.356104314327,-0.566431224346,-0.547693729401,-0.384926885366,-0.262042075396,-0.052802957594,0.109514601529,0.115678146482,0.140807807446,0.234330818057,0.281660586596,0.372265100479,0.454774796963,0.436535596848,0.542580008507,0.562737286091,0.404997348785,0.390679687262,0.304623603821,0.099970832467,-0.059453066438,-0.217646211386,-0.234461054206,-0.182476565242,-0.091891460121,-0.011296588928,-0.129129230976,-0.158592104912,-0.096373416483,-0.121985837817,-0.089711077511,-0.114207997918,-0.068885684013,0.106066577137,0.056676015258,0.106696106493,0.289942830801,0.192534253001,0.209435805678,0.322635263205,0.234619721770,0.241415381432,0.194499552250,-0.028668228537,-0.108776286244,-0.195379555225,-0.449030816555,-0.625201284885,-0.688266754150,-0.665313601494,-0.457859545946,-0.238991156220,-0.123349264264,0.054695371538,0.211414128542,0.268286734819,0.228561311960,0.031165944412,0.044080689549,0.280345946550,0.316018819809,0.310341298580,0.338554650545,0.211661219597,0.007467084564,-0.103344984353,-0.078035555780,-0.189722433686,-0.320506572723,-0.093141227961,0.003697342472,-0.167717620730,-0.134173378348,-0.107697792351,-0.237468302250,-0.366451680660,-0.326903820038,-0.078234188259,0.025121135637,0.047700334340,0.319113761187,0.528781533241,0.367237508297,0.364001542330,0.469433426857,0.213973119855,0.238835260272,0.337573349476,0.111596405506,0.080300748348,-0.090906202793,-0.268925249577,-0.219377368689,-0.307562917471,-0.173622071743,0.064147405326,0.161609277129,0.324872344732,0.374335497618,0.377992451191,0.458716213703,0.478052020073,0.424647837877,0.429968565702,0.519277095795,0.512541592121,0.505065858364,0.441054224968,0.225252524018,0.119767740369,-0.083515472710,-0.311052173376,-0.374656319618,-0.504471004009,-0.386153221130,-0.218656778336,-0.304597795010,-0.279855787754,-0.305155575275,-0.445433139801,-0.507466316223,-0.480225920677,-0.416496783495,-0.339379698038,-0.168192148209,-0.027511138469,0.134248137474,0.237959206104,0.166267141700,0.186240047216,0.142943650484,0.021753199399,0.030281607062,0.025354050100,-0.078775987029,-0.247951298952,-0.391090005636,-0.568188846111,-0.674193143845,-0.596399366856,-0.530235528946,-0.294541269541,-0.041284773499,-0.065755926073,0.059367816895,0.247044369578,0.294362485409,0.505878627300,0.658757328987,0.605761408806,0.672500789165,0.774709761143,0.713255226612,0.679893910885,0.521927773952,0.157713115215,0.066095001996,-0.067240990698,-0.267902135849,-0.107072778046,-0.161870419979,-0.251648187637,-0.084466323256,-0.004503445700,0.097106084228,0.003906059777,-0.078485153615,0.100877709687,0.274573713541,0.458599179983,0.502596378326,0.460760474205,0.378608822823,0.326411813498,0.329143136740,0.184805110097,0.140872702003,0.062857985497,-0.023823807016,-0.125957146287,-0.453011363745,-0.517285525799,-0.550750911236,-0.677336931229,-0.727226376534,-0.762502312660,-0.548825383186,-0.414447069168,-0.201855108142,0.037036970258,0.019731342793,0.233495116234,0.296264886856,0.229288056493,0.255951583385,0.203863218427,0.306231886148,0.273748576641,0.283095300198,0.270516395569,-0.016456857324,-0.156595692039,-0.417684882879,-0.578085601330,-0.502534270287,-0.540306568146,-0.463521093130,-0.382726281881,-0.248516842723,-0.174730211496,-0.254876732826,-0.123653106391,-0.052762329578,0.025870254263,0.245627701283,0.250121027231,0.248644635081,0.382266461849,0.434464067221,0.422395169735,0.469629764557,0.459858447313,0.320984512568,0.249108180404,0.121990978718,-0.095055475831,-0.210417538881,-0.324775934219,-0.369598805904,-0.435891985893,-0.537421643734,-0.314855664968,-0.060592651367,0.071892648935,0.294812232256,0.385017633438,0.362503796816,0.416708201170,0.519519031048,0.547754645348,0.504803001881,0.586972117424,0.626516103745,0.510841667652,0.355638891459,0.088122703135,-0.081805035472,-0.147885173559,-0.285374701023,-0.277344197035,-0.213529944420,-0.222874045372,-0.239553108811,-0.301887989044,-0.374597936869,-0.417384326458,-0.385291069746,-0.389847069979,-0.350235313177,-0.109312914312,-0.003451921046,0.038221664727,0.228739351034,0.292510807514,0.284924149513,0.318151593208,0.230322763324,0.106390990317,0.092818468809,-0.003841404105,-0.206561431289,-0.304298520088,-0.472210675478,-0.640170335770,-0.667973875999,-0.717491626740,-0.645466148853,-0.532762229443,-0.317603826523,0.015658289194,0.108721449971,0.245373398066,0.354816496372,0.343040704727,0.494924634695,0.515002965927,0.592107117176,0.750057101250,0.601371049881,0.401497006416,0.206071466208,0.052492290735,-0.021122409031,-0.185139223933,-0.269563585520,-0.234853416681,-0.149315819144,-0.012562096119,0.060961760581,0.050946906209,0.007976427674,-0.084976539016,-0.168621063232,-0.043451443315,0.103446908295,0.104440078139,0.279922634363,0.454823851585,0.346566259861,0.294037789106,0.328509390354,0.214737385511,0.176478564739,0.238941773772,0.160542905331,0.038877785206,-0.192084819078,-0.431775152683,-0.417400121689,-0.472920238972,-0.576784133911,-0.584768235683,-0.687869608402,-0.636078894138,-0.439899504185,-0.319203078747,-0.164302542806,-0.065014548600,-0.069409817457,-0.126018509269,-0.115723691881,0.066520713270,0.216828539968,0.262095093727,0.264167219400,0.282256513834,0.280832469463,0.162842229009,-0.066331684589,-0.326654791832,-0.426885724068,-0.514111757278,-0.509517192841,-0.372171670198,-0.440117865801,-0.382456660271,-0.361112773418,-0.487945199013,-0.422346204519,-0.421060264111,-0.236280515790,-0.024332191795,0.053484961390,0.290711134672,0.357243627310,0.461865723133,0.599236845970,0.603578984737,0.620284855366,0.545811831951,0.491111278534,0.289929866791,0.089786693454,-0.040970660746,-0.251436084509,-0.322854101658,-0.474725753069,-0.514892816544,-0.365297168493,-0.254231065512,-0.028131058440,0.127033159137,0.210619747639,0.424777209759,0.667411506176,0.644226014614,0.564849972725,0.657589972019,0.641791641712,0.681143224239,0.631108820438,0.405614227057,0.211569920182,-0.014990706928,-0.037383981049,-0.158144563437,-0.364460766315,-0.262817829847,-0.258249074221,-0.358151793480,-0.290493935347,-0.228960126638,-0.375473976135,-0.463252216578,-0.410681039095,-0.274999648333,0.047675903887,0.086477518082,0.103037618101,0.272982537746,0.188080370426,0.272287845612,0.221198424697,0.021040480584,0.071230053902,-0.040006246418,-0.125611186028,-0.252183526754,-0.398563683033,-0.447831720114,-0.641020238400,-0.561316251755,-0.535654187202,-0.642178595066,-0.474904358387,-0.320806622505,-0.068313181400,0.054913621396,0.037266552448,0.107920333743,0.059072732925,0.189104139805,0.359662741423,0.339322835207,0.331470310688,0.350094467402,0.293979197741,0.055047910661,-0.046384107322,-0.054095737636,-0.178627163172,-0.146684691310,-0.077438585460,-0.076272040606,-0.058100387454,-0.034164048731,0.009326436557,0.009550735354,-0.108859971166,-0.293965190649,-0.259830147028,-0.106402292848,-0.073045827448,-0.000615724013,0.084080256522,0.224801868200,0.381963014603,0.363645285368,0.408428013325,0.450031071901,0.319448262453,0.230008482933,0.125240296125,0.057593710721,0.024726720527,-0.190514713526,-0.278438031673,-0.324533492327,-0.460227549076,-0.237253174186,-0.041717983782,-0.034107264131,0.025602437556,-0.062779247761,0.078101180494,0.309335500002,0.324262410402,0.359211832285,0.331372320652,0.386352777481,0.309793293476,0.123391225934,0.106978833675,-0.083847723901,-0.255365610123,-0.319293498993,-0.379293024540,-0.327656030655,-0.272994667292,-0.248850360513,-0.219199419022,-0.122740961611,-0.154310926795,-0.220202863216,-0.262835890055,-0.450018972158,-0.325019478798,-0.075701676309,-0.027656085789,0.107804141939,0.217439755797,0.295484215021,0.305278152227,0.134800165892,0.079708307981,0.189987272024,0.244532585144,0.212995752692,0.094402119517,-0.074965223670,-0.122168451548,-0.113862685859,-0.139312118292,-0.171369761229,-0.183621570468,-0.033594839275,0.120242722332,0.256186991930,0.429067850113,0.407193511724,0.341552764177,0.239274188876,0.147819980979,0.275644719601,0.382431328297,0.422752171755,0.306468755007,0.131470337510,0.189187303185,0.125987753272,-0.047906406224,-0.137434259057,-0.250790089369,-0.179403692484,-0.001842633355,0.020414875820,-0.096124500036,-0.267895907164,-0.421052455902,-0.549910962582,-0.542035579681,-0.523691833019,-0.551850020885,-0.410018324852,-0.346649467945,-0.309727609158,-0.232722535729,-0.319460302591,-0.157159522176,0.079760901630,0.096696645021,0.151881426573,0.083016946912,-0.007045333739,-0.055257074535,-0.204250112176,-0.370853632689,-0.476747781038,-0.433029145002,-0.466013640165,-0.415202438831,-0.224104359746,-0.149591550231,0.008337724023,0.032318878919,0.058227986097,0.201074093580,0.193131402135,0.342761725187,0.522629201412,0.632890462875,0.665581822395,0.591195106506,0.550042986870,0.314905166626,0.172179296613,0.118533752859,0.022200856358,0.122952722013,0.024883870035,-0.126823410392,-0.112516894937,-0.186431318521,-0.261345624924,-0.282126307487,-0.226035058498,-0.143343210220,0.008017024957,0.180631905794,0.285340309143,0.396859973669,0.419149696827,0.472522169352,0.474909484386,0.391550451517,0.388205796480,0.254408687353,0.082204341888,-0.114435330033,-0.344403058290,-0.503142595291,-0.693935215473,-0.748087167740,-0.747535884380,-0.707630813122,-0.599259972572,-0.543947398663,-0.313740491867,-0.154183253646,-0.081604845822,0.135963752866,0.214839756489,0.275459051132,0.415425747633,0.518344461918,0.562309503555,0.494343549013,0.358518689871,0.171078264713,0.050682798028,-0.102012433112,-0.367212384939,-0.547960340977,-0.669424116611,-0.567232429981,-0.343913435936,-0.355546236038,-0.365553170443,-0.349984854460,-0.440774172544,-0.426170438528,-0.318293690681,-0.242643669248,-0.123766437173,0.074818417430,0.295209199190,0.450563549995,0.423712730408,0.353463023901,0.315137237310,0.215027436614,0.279198855162,0.259001314640,-0.026239136234,-0.041694261134,-0.150595217943,-0.492917031050,-0.459181487560,-0.478689223528,-0.631803870201,-0.515893518925,-0.402803778648,-0.297638893127,-0.058743420988,0.275747835636,0.402171552181,0.318360149860,0.513881802559,0.644810736179,0.641355395317,0.767797470093,0.620560526848,0.473383873701,0.488542646170,0.291197925806,0.030930478126,-0.138071343303,-0.221698775887,-0.339630633593,-0.445816785097,-0.371901273727,-0.284548133612,-0.242889061570,-0.281386017799,-0.312039703131,-0.216377079487,-0.176770523190,-0.008475393057,0.278219133615,0.377914965153,0.431299299002,0.436506837606,0.434953927994,0.519924581051,0.420025348663,0.278959691525,0.271678954363,0.069917298853,-0.234438061714,-0.407535851002,-0.537589371204,-0.655234932899,-0.813747584820,-0.863097131252,-0.822637915611,-0.899856925011,-0.757997035980,-0.330517560244,0.035299360752,0.254392057657,0.393602371216,0.518766522408,0.632145583630,0.760676503181,0.830504119396,0.789276182652,0.687084257603,0.572230935097,0.490175038576,0.309630453587,0.055812358856,-0.194319874048,-0.407555282116,-0.403701364994,-0.256514906883,-0.125498101115,-0.100760377944,-0.132769033313,-0.067168876529,-0.036128286272,-0.022970531136,0.083905600011,0.156781628728,0.249186858535,0.342687547207,0.357853680849,0.408123075962,0.406328558922,0.414158552885,0.466799557209,0.329971402884,0.232702553272,0.153786540031,-0.117346055806,-0.228520914912,-0.329078823328,-0.541361331940,-0.524272024632,-0.638626039028,-0.858177900314,-0.682854235172,-0.561625480652,-0.502579271793,-0.133170053363,-0.032136898488,-0.122780576348,0.071712344885,0.150480598211,0.141104370356,0.264186799526,0.311914652586,0.476058363914,0.593139767647,0.364789128304,0.151974111795,-0.117901727557,-0.344143748283,-0.266435146332,-0.373591989279,-0.567495882511,-0.493730604649,-0.437809139490,-0.422708183527,-0.270602881908,-0.223490029573,-0.315073639154,-0.269748866558,-0.270380705595,-0.174438938498,0.100852899253,0.145348340273,0.288843512535,0.469325572252,0.531455755234,0.714733183384,0.592600345612,0.492091357708,0.570005953312,0.379330962896,0.239839360118,-0.012294454500,-0.281533926725,-0.299432128668,-0.541118502617,-0.721035063267,-0.734336137772,-0.835239648819,-0.629233479500,-0.221130028367,0.053838890046,0.197046279907,0.296104729176,0.422119170427,0.503081083298,0.656349420547,0.739346921444,0.654983878136,0.674096941948,0.643514037132,0.523068606853,0.355076372623,0.152769356966,-0.013376833871,-0.265333980322,-0.329945415258,-0.374250680208,-0.551097929478,-0.421022176743,-0.322584867477,-0.300714820623,-0.293519258499,-0.497824579477,-0.503445327282,-0.453622788191,-0.305812954903,0.052520226687,0.213570922613,0.361992895603,0.448345452547,0.482527077198,0.576121628284,0.543951869011,0.501340210438,0.336286783218,0.142293632030,0.003795210039,-0.244889453053,-0.460675179958,-0.596203148365,-0.667254090309,-0.810209155083,-0.834101736546,-0.604654550552,-0.453247994184,-0.228018835187,-0.014245304279,0.046187128872,0.170065835118,0.188478335738,0.183934479952,0.338874816895,0.428091585636,0.486920475960,0.625756442547,0.581970572472,0.419827014208,0.298254549503,0.083387285471,-0.076927036047,-0.183031216264,-0.217071011662,-0.123512573540,-0.183731198311,-0.238664388657,-0.190133586526,-0.315340846777,-0.370948761702,-0.234588265419,-0.223607331514,-0.065162785351,0.170434728265,0.119276717305,0.305915385485,0.563386857510,0.490682631731,0.482734680176,0.505677163601,0.415759027004,0.320391356945,0.209806948900,0.099641181529,0.075619399548,-0.067447744310,-0.364736318588,-0.510627865791,-0.645385563374,-0.712482690811,-0.575134456158,-0.326935917139,-0.061389170587,-0.066815696657,0.118305198848,0.472385913134,0.394704967737,0.460830926895,0.596952080727,0.434301793575,0.452680677176,0.526293992996,0.467576116323,0.356768727303,0.090821430087,-0.088083423674,-0.159127861261,-0.460315734148,-0.611030876637,-0.480583697557,-0.529748678207,-0.520099580288,-0.413152396679,-0.449502885342,-0.431711852551,-0.352817535400,-0.288327306509,-0.210868075490,-0.035124998540,0.188560143113,0.370776057243,0.496206104755,0.465153574944,0.427613079548,0.359522789717,0.305665314198,0.339163780212,0.246926993132,0.287676364183,0.251301735640,-0.018420726061,-0.077781178057,-0.105670444667,-0.195077568293,-0.276915460825,-0.214315548539,-0.012227093801,0.021437695250,0.146282628179,0.396841526031,0.413168013096,0.271443873644,0.313120573759,0.404680848122,0.374977380037,0.499337255955,0.501946508884,0.483526885509,0.563192129135,0.261678338051,0.149964973330,0.122935570776,-0.334120362997,-0.425404161215,-0.313108116388,-0.501858353615,-0.343058258295,-0.021734040231,-0.267376512289,-0.464458405972,-0.418562144041,-0.632683575153,-0.598163485527,-0.405057936907,-0.459201425314,-0.334086775780,-0.048746503890,0.046803701669,0.080738827586,0.209625989199,0.150236338377,0.098396420479,0.157355353236,0.094672068954,0.136225208640,-0.080154433846,-0.378217488527,-0.403050333261,-0.630523085594,-0.686507046223,-0.595945715904,-0.557133376598,-0.329092979431,-0.200865253806,0.006323831156,0.225058287382,0.301143407822,0.443542301655,0.536952078342,0.633219301701,0.607280194759,0.672797918320,0.849491477013,0.727012693882,0.651227235794,0.513166189194,0.258376121521,0.033462852240,-0.311686635017,-0.359958469868,-0.284670680761,-0.236259415746,-0.113921493292,-0.236035466194,-0.277820706367,-0.254077494144,-0.268485784531,-0.229871541262,-0.333944618702,-0.152937352657,0.093621328473,0.150937438011,0.345424175262,0.284223496914,0.238371521235,0.375798761845,0.227099120617,0.137709289789,0.140888899565,-0.020417895168,-0.197724059224,-0.298390090466,-0.379988491535,-0.570961892605,-0.741101920605,-0.796458303928,-0.737663805485,-0.518538951874,-0.264340579510,-0.001538681681,0.144554972649,0.091423131526,0.146044895053,0.319129914045,0.320775657892,0.339766144753,0.476545959711,0.417901456356,0.406182914972,0.445753484964,0.239908099174,0.107814006507,-0.076559916139,-0.347314625978,-0.335313647985,-0.314135849476,-0.388910442591,-0.330882757902,-0.223391652107,-0.254197955132,-0.236389651895,-0.128386825323,-0.262194603682,-0.284712523222,-0.127404868603,-0.076875925064,0.193452790380,0.356860011816,0.264195263386,0.353038787842,0.322342216969,0.239574164152,0.431201398373,0.438370019197,0.245144993067,0.155449420214,-0.079203240573,-0.236375883222,-0.224641889334,-0.438869148493,-0.564954102039,-0.563450038433,-0.562547266483,-0.306160658598,0.011209962890,0.227835088968,0.303497880697,0.324920445681,0.395696043968,0.346136122942,0.354898095131,0.491985440254,0.582528471947,0.572071254253,0.446316748857,0.287439942360,0.063138157129,-0.045932676643,-0.106751687825,-0.309993386269,-0.288387477398,-0.277177095413,-0.333800256252,-0.116576068103,-0.107825718820,-0.216397628188,-0.146306067705,-0.282344549894,-0.392984986305,-0.239040717483,-0.077178381383,0.171946004033,0.385383784771,0.360957145691,0.411509186029,0.543755769730,0.503616631031,0.290958285332,0.042470280081,-0.097635097802,-0.243530958891,-0.329392284155,-0.339158266783,-0.604796051979,-0.753402411938,-0.643661141396,-0.727489054203,-0.716645956039,-0.485478729010,-0.205502167344,0.084249116480,0.206618696451,0.320085942745,0.486254185438,0.549886107445,0.490934967995,0.495682179928,0.636565029621,0.614372134209,0.597070038319,0.624739110470,0.465154618025,0.248223349452,-0.106655903161,-0.342192113400,-0.335875540972,-0.358223944902,-0.252878159285,-0.150116100907,-0.070839121938,0.022482782602,-0.042706269771,-0.053047731519,-0.077951230109,-0.044027868658,0.178378507495,0.238189488649,0.248419061303,0.287884742022,0.176468849182,0.154562935233,0.215050622821,0.091252587736,-0.001873379573,0.023741677403,-0.024034446105,-0.064288288355,-0.212882652879,-0.519049823284,-0.692853450775,-0.742203354836,-0.753174006939,-0.712414860725,-0.622325718403,-0.463526427746,-0.283366560936,-0.157362923026,-0.020090347156,0.186530262232,0.225471436977,0.188680514693,0.308765143156,0.420825064182,0.577548444271,0.634269654751,0.413631170988,0.209447041154,0.037110809237,-0.151340156794,-0.272601515055,-0.362524658442,-0.492332965136,-0.546715617180,-0.433696478605,-0.397327750921,-0.241558745503,-0.073190853000,-0.211552947760,-0.138137340546,-0.036978729069,0.113672085106,0.491034895182,0.456648647785,0.461156755686,0.566721260548,0.544367194176,0.659776329994,0.513021469116,0.518527269363,0.576451778412,0.274143874645,0.220291659236,0.011359938420,-0.417870700359,-0.506459295750,-0.500543236732,-0.594306468964,-0.644137680531,-0.565956950188,-0.459310710430,-0.147571146488,0.125229969621,0.143747806549,0.325719416142,0.323269069195,0.262741476297,0.459706306458,0.471954584122,0.554562211037,0.683990299702,0.545340955257,0.327448904514,0.075931906700,-0.209931537509,-0.495212286711,-0.645349264145,-0.597045481205,-0.466663092375,-0.419697493315,-0.477685123682,-0.478977024555,-0.445043921471,-0.362715214491,-0.268787384033,-0.275846183300,-0.250307172537,-0.094082847238,0.073373317719,0.206592410803,0.299193322659,0.141259267926,0.054569456726,0.227896943688,0.209163472056,0.151298820972,0.046085480601,-0.084612749517,-0.028917692602,-0.202887147665,-0.376563102007,-0.420499980450,-0.602289736271,-0.679430603981,-0.687918603420,-0.531961560249,-0.231260761619,-0.069658972323,0.038319136947,0.140621781349,0.320687383413,0.428440153599,0.438355624676,0.540166735649,0.561214148998,0.601589739323,0.584045171738,0.463901281357,0.425899177790,0.198237538338,-0.042179565877,-0.134337857366,-0.196818962693,-0.193181201816,-0.271260470152,-0.253205448389,-0.180240109563,-0.223780781031,-0.191848918796,-0.262664824724,-0.454232603312,-0.456855058670,-0.262654244900,-0.062005151063,0.134532913566,0.398127794266,0.526096343994,0.480733752251,0.424666255713,0.370420813560,0.357539892197,0.373031914234,0.335951119661,0.159206137061,-0.133701711893,-0.382920831442,-0.561393439770,-0.725751817226,-0.931493401527,-0.987870216370,-0.777517616749,-0.540783524513,-0.299684226513,-0.088637560606,0.046520043164,0.073598548770,-0.010483355261,0.127378880978,0.392615079880,0.524357080460,0.597732424736,0.620625376701,0.506013870239,0.288759112358,0.194413974881,0.114901058376,-0.067107588053,-0.281561583281,-0.469612360001,-0.459326237440,-0.402964711189,-0.284844696522,-0.198885381222,-0.378748297691,-0.509581387043,-0.541401505470,-0.382764071226,-0.177592217922,-0.148049116135,0.009038814344,0.099581182003,0.205041885376,0.386914670467,0.450706452131,0.638025105000,0.709706306458,0.654583811760,0.675837159157,0.601237416267,0.394824445248,0.131737947464,-0.018311372027,-0.173553079367,-0.328166782856,-0.370750725269,-0.354213565588,-0.200522720814,-0.192073285580,-0.144262284040,0.146084204316,0.247218251228,0.303686916828,0.255276501179,0.031176891178,0.111198350787,0.463147550821,0.655608952045,0.608941733837,0.566762089729,0.384290754795,0.201811552048,0.123355507851,-0.258279591799,-0.415389209986,-0.264568150043,-0.296204447746,-0.305644631386,-0.417502015829,-0.536383032799,-0.568694710732,-0.668432772160,-0.638644278049,-0.635734438896,-0.518176913261,-0.263336211443,-0.143292754889,0.029540048912,0.052563827485,0.034171015024,0.128675252199,0.175964370370,0.236201047897,0.102270223200,0.041986674070,0.011151227169,-0.191839516163,-0.248807981610,-0.423796176910,-0.600829720497,-0.642784535885,-0.660510182381,-0.619745492935,-0.552884399891,-0.189464211464,-0.000632568495,-0.036192219704,0.101399704814,0.119791127741,0.310710877180,0.565187573433,0.679624795914,0.807671964169,0.811213254929,0.772832334042,0.621191680431,0.568575382233,0.448138743639,0.048498794436,-0.085329882801,-0.063506633043,-0.028506515548,-0.039542187005,-0.071737095714,0.017181472853,-0.075578741729,-0.235649108887,-0.402835339308,-0.474957734346,-0.302681952715,-0.189347729087,-0.076558306813,0.073851518333,0.179614752531,0.174643039703,0.133240461349,0.220619112253,0.165387555957,0.061947312206,0.099450528622,0.120603412390,0.114463977516,-0.006575949956,-0.278150677681,-0.571057140827,-0.757056891918,-0.812755584717,-0.729366660118,-0.526493787766,-0.355800151825,-0.229325190187,-0.132412463427,-0.131622582674,-0.150875329971,-0.066293641925,0.011116608046,0.048413217068,0.171369016171,0.264702230692,0.364438146353,0.498746216297,0.412092834711,0.133041501045,-0.133676603436,-0.292936027050,-0.294806391001,-0.189100623131,-0.202598929405,-0.326907604933,-0.336939603090,-0.308894187212,-0.244458094239,-0.251270294189,-0.385149747133,-0.262614846230,-0.055740866810,0.072966590524,0.248035892844,0.263113826513,0.285854190588,0.372012317181,0.375431150198,0.403470486403,0.351665228605,0.313086241484,0.368779927492,0.315575331450,0.144149243832,-0.069404914975,-0.245638400316,-0.406319469213,-0.496249347925,-0.505603671074,-0.494472295046,-0.313991099596,-0.187173157930,-0.117104969919,0.096439339221,0.239520803094,0.409117370844,0.492478370667,0.457164734602,0.602069258690,0.718694746494,0.735094428062,0.665339827538,0.531519174576,0.363408923149,0.019082875922,-0.227539852262,-0.301096528769,-0.432256132364,-0.519841790199,-0.435562849045,-0.317693680525,-0.341542065144,-0.417975723743,-0.487310856581,-0.534448325634,-0.464009433985,-0.262780874968,-0.104503579438,-0.075824424624,0.084456689656,0.172468692064,0.094864204526,0.236068263650,0.266962230206,0.215687289834,0.331717878580,0.250324964523,0.130645185709,-0.009119578637,-0.300412267447,-0.530149757862,-0.734844565392,-0.802253186703,-0.807971894741,-0.729498028755,-0.429096847773,-0.280858904123,-0.117627911270,0.088253229856,0.197698637843,0.412321478128,0.404943972826,0.449636459351,0.632229149342,0.604169845581,0.766027987003,0.830112040043,0.721655786037,0.667934179306,0.416680395603,0.304208844900,0.222816646099,0.034619770944,-0.004817876499,-0.070678353310,-0.104520738125,-0.068304404616,-0.048394031823,-0.139143779874,-0.255293369293,-0.230454668403,-0.208320260048,0.003634181572,0.225138977170,0.258802950382,0.412453860044,0.466586321592,0.461850821972,0.493948847055,0.419415235519,0.315712004900,0.167298987508,0.063413798809,-0.158921614289,-0.452125281096,-0.629347801208,-0.824485599995,-0.822143733501,-0.822703003883,-0.912514925003,-0.763774037361,-0.591069042683,-0.381428629160,-0.118760570884,0.081461064517,0.304700434208,0.465323686600,0.523352742195,0.481931537390,0.502594590187,0.573786139488,0.466003149748,0.400737047195,0.321301430464,0.022421972826,-0.236532077193,-0.465161055326,-0.658057749271,-0.607795000076,-0.463446468115,-0.381775379181,-0.338397949934,-0.280987203121,-0.166154712439,-0.037978179753,-0.005990027916,0.029166972265,0.227208033204,0.331247478724,0.428230822086,0.578294694424,0.454221874475,0.522651135921,0.736943483353,0.598941802979,0.490020841360,0.506522595882,0.306069374084,0.018692532554,0.046417739242,-0.135881811380,-0.466443598270,-0.325628697872,-0.544756293297,-0.728702187538,-0.431365877390,-0.332875698805,-0.062045879662,0.093383602798,0.103116378188,0.248765349388,0.274872928858,0.411577790976,0.405789703131,0.440306633711,0.530896723270,0.467724442482,0.504146099091,0.241323038936,0.045511156321,-0.031032441184,-0.271112680435,-0.325500458479,-0.452818661928,-0.427704066038,-0.385572552681,-0.528437793255,-0.460717558861,-0.411614537239,-0.328653335571,-0.380176007748,-0.390697330236,-0.129836156964,-0.135151714087,-0.022925276309,0.125247135758,0.081159949303,0.242540329695,0.339718371630,0.400971651077,0.414893448353,0.240971475840,0.117687560618,0.032289937139,-0.108499974012,-0.291030704975,-0.379186660051,-0.530365705490,-0.739564895630,-0.722268700600,-0.697661459446,-0.563910365105,-0.276671916246,-0.150733217597,-0.027940373868,0.140848115087,0.280246108770,0.360978394747,0.423362255096,0.590900838375,0.714942991734,0.758637070656,0.732906341553,0.622403740883,0.496029138565,0.317060500383,0.097952820361,-0.178882360458,-0.386939346790,-0.372435659170,-0.301134407520,-0.307563543320,-0.365390896797,-0.394392132759,-0.407787472010,-0.348717153072,-0.181757315993,-0.096795566380,0.051092460752,0.313297510147,0.386812955141,0.420309394598,0.559837520123,0.553588807583,0.449821829796,0.546448171139,0.659523487091,0.480584204197,0.323983490467,0.213386565447,-0.176874399185,-0.445947110653,-0.487114727497,-0.611695885658,-0.690995872021,-0.744200587273,-0.683698177338,-0.434270441532,-0.249538317323,-0.032836779952,0.187940463424,0.221276581287,0.303524911404,0.432213962078,0.360963940620,0.435589492321,0.642933547497,0.462772458792,0.367880910635,0.326647102833,-0.086010992527,-0.191603794694,-0.323823899031,-0.640829563141,-0.426101475954,-0.288394123316,-0.337643802166,-0.230140656233,-0.267406046391,-0.205179303885,-0.145332261920,-0.312876731157,-0.289942055941,-0.193122521043,-0.136243000627,0.140410527587,0.339207440615,0.284465372562,0.259308844805,0.387336790562,0.592096447945,0.570953190327,0.374614357948,0.427246242762,0.479172617197,0.298913896084,0.269559115171,0.104587234557,-0.345105648041,-0.415954142809,-0.365082979202,-0.381710410118,-0.216551393270,-0.171978577971,0.009246661328,0.213257044554,0.202175661922,0.396688938141,0.449008345604,0.409141600132,0.568764805794,0.603076279163,0.656246542931,0.709374904633,0.569311439991,0.351403117180,0.095268599689,-0.133285880089,-0.275478750467,-0.397104471922,-0.500769793987,-0.384226828814,-0.258524894714,-0.352401822805,-0.360829621553,-0.426048636436,-0.527277529240,-0.441679000854,-0.438467174768,-0.302596092224,-0.009103807621,0.029406791553,0.039317809045,0.108777277172,0.098562024534,0.192948549986,0.214886948466,0.135932475328,0.190221652389,0.102907806635,0.009094110690,-0.074265949428,-0.435448557138,-0.625080347061,-0.642735898495,-0.645169258118,-0.523423671722,-0.471039414406,-0.324982851744,-0.031382970512,0.167002901435,0.167808681726,0.201966539025,0.312585562468,0.264938741922,0.493761986494,0.672061741352,0.572108328342,0.795934617519,0.791581511497,0.619835495949,0.566192090511,0.333484053612,0.169559165835,-0.001070712926,0.005416353233,0.084853477776,-0.001727764029,0.074413366616,-0.069782294333,-0.242313012481,-0.097385376692,-0.252322793007,-0.416464209557,-0.278927713633,-0.269032537937,-0.108565926552,0.148179352283,0.144187077880,0.257663428783,0.353259414434,0.217970609665,0.244324192405,0.363972634077,0.350143134594,0.248503848910,0.074779495597,-0.068759053946,-0.268227100372,-0.515403330326,-0.499930888414,-0.521592676640,-0.629388391972,-0.460214257240,-0.298844009638,-0.146477818489,-0.075172983110,-0.104947648942,0.108494825661,0.071603052318,0.041051812470,0.341199517250,0.326834470034,0.353557944298,0.461055010557,0.383482247591,0.355516612530,0.162451580167,-0.075166448951,-0.150777578354,-0.125320240855,-0.162175446749,-0.299550890923,-0.343142896891,-0.419667214155,-0.406221657991,-0.383481413126,-0.475354701281,-0.416756451130,-0.363532185555,-0.126485362649,0.123913325369,0.046433974057,0.173732459545,0.377396821976,0.435848534107,0.418579101563,0.318092733622,0.405009895563,0.348946601152,0.140252470970,0.163461714983,-0.032776430249,-0.344893604517,-0.271341294050,-0.351193159819,-0.718944430351,-0.715421199799,-0.561819076538,-0.418428808451,-0.034558944404,0.081403650343,0.044927947223,0.347565442324,0.444157302380,0.418663054705,0.735583841801,0.626127004623,0.409165263176,0.856290638447,0.790517985821,0.433668434620,0.479523360729,0.128282919526,-0.125176236033,-0.142452016473,-0.270065099001,-0.225399360061,-0.261675804853,-0.278540939093,-0.270484566689,-0.227860584855,-0.182398617268,-0.356248766184,-0.287550836802,-0.160978645086,-0.034409776330,0.171243503690,0.079347565770,0.166581377387,0.243698135018,0.109082587063,0.235531434417,0.310663998127,0.211755484343,0.029796000570,-0.079239524901,-0.110083892941,-0.278973519802,-0.353424876928,-0.465136826038,-0.572536885738,-0.479051649570,-0.446287304163,-0.295086115599,-0.083883069456,-0.014887359925,0.143193140626,0.311690360308,0.415257900953,0.446196526289,0.526740074158,0.764974296093,0.796384871006,0.814688205719,0.918490171432,0.707711398602,0.514701068401,0.331972658634,0.004663395695,-0.106262788177,-0.227582171559,-0.342243194580,-0.186054617167,-0.030693436041,-0.037368230522,-0.163100436330,-0.193179622293,-0.204027712345,-0.249857917428,-0.093371316791,0.040916349739,0.185363635421,0.397331893444,0.455342620611,0.476756572723,0.422302365303,0.315687865019,0.314339041710,0.267363965511,0.091853536665,-0.042377643287,-0.256684601307,-0.627294003963,-0.785736858845,-0.864897727966,-0.904639065266,-0.822642982006,-0.900085389614,-0.782886862755,-0.507186412811,-0.339197725058,-0.067571587861,0.111116088927,0.193713217974,0.239067643881,0.335768431425,0.498877972364,0.442161738873,0.460769265890,0.534298300743,0.379113197327,0.189251706004,0.031947039068,-0.166785389185,-0.438153117895,-0.581946015358,-0.567328989506,-0.472347855568,-0.333520174026,-0.237968236208,-0.037931710482,0.011593291536,-0.152560025454,-0.125849783421,0.032234475017,0.160633891821,0.308021932840,0.470445990562,0.444574922323,0.458941012621,0.574513971806,0.491105347872,0.507145702839,0.469954848289,0.353634327650,0.378829956055,0.209916159511,0.082569412887,0.002972861519,-0.247707754374,-0.428468465805,-0.598780393600,-0.721085786819,-0.584562361240,-0.352074325085,-0.197751164436,0.075386293232,0.261953562498,0.245712861419,0.397558122873,0.446552157402,0.401879876852,0.475744813681,0.454581260681,0.484458148479,0.504347801208,0.285132527351,0.018778892234,-0.057357050478,-0.205307498574,-0.525929808617,-0.628623425961,-0.551042258739,-0.407035738230,-0.368375271559,-0.428645700216,-0.329906612635,-0.341280043125,-0.361598879099,-0.278838902712,-0.296725809574,-0.124847672880,0.166711151600,0.304524034262,0.459769546986,0.499911904335,0.363675713539,0.441289037466,0.477442026138,0.331445723772,0.259506106377,-0.060055661947,-0.325746297836,-0.341921329498,-0.531419396400,-0.671409666538,-0.839345574379,-0.969126939774,-0.756426632404,-0.506296038628,-0.226666703820,-0.049788769335,-0.021267598495,0.194895759225,0.418059736490,0.602262079716,0.695422708988,0.590807378292,0.582104206085,0.627590179443,0.623322367668,0.529298067093,0.321571648121,0.040396172553,-0.350600242615,-0.541121244431,-0.608629941940,-0.634656071663,-0.504961788654,-0.529516994953,-0.395550340414,-0.234320342541,-0.315900832415,-0.213199645281,-0.233544707298,-0.220315933228,0.013435525820,0.091564491391,0.256222993135,0.419668972492,0.425336182117,0.434668391943,0.430698096752,0.354567646980,0.205289572477,0.114116951823,0.050586309284,-0.080075673759,-0.260414630175,-0.403943389654,-0.576294898987,-0.764718532562,-0.748166918755,-0.679459393024,-0.539350032806,-0.320471704006,-0.168663278222,0.059487197548,0.277175903320,0.427306741476,0.419885933399,0.375954240561,0.511121034622,0.592737317085,0.669774234295,0.619249165058,0.387456059456,0.214005857706,0.045038688928,-0.041776251048,-0.219373270869,-0.404487490654,-0.343599379063,-0.377120494843,-0.422565668821,-0.315230667591,-0.276013672352,-0.282992392778,-0.165464088321,-0.101638227701,-0.187199220061,-0.022592436522,0.191426947713,0.262896299362,0.439872503281,0.479827463627,0.541637301445,0.709145486355,0.647447526455,0.578971028328,0.511393189430,0.321753829718,0.126132279634,-0.051781617105,-0.116477750242,-0.278816759586,-0.549515306950,-0.618913054466,-0.649025022984,-0.598956048489,-0.471114397049,-0.364175230265,-0.109519690275,0.055589046329,0.221519902349,0.343137651682,0.231023192406,0.367675960064,0.474780946970,0.511728107929,0.744862914085,0.643768250942,0.432059675455,0.249479249120,-0.067080482841,-0.241491228342,-0.472463697195,-0.659207999706,-0.585717558861,-0.483688652515,-0.362980127335,-0.341619849205,-0.436477750540,-0.453271806240,-0.441619038582,-0.391749680042,-0.283717662096,-0.172610163689,0.006574546453,0.144147783518,0.190259963274,0.279589146376,0.269314974546,0.171749830246,0.113277398050,0.059627089649,0.053900837898,0.053981844336,0.024053081870,-0.104155890644,-0.216376304626,-0.246022492647,-0.424568653107,-0.517920136452,-0.415259599686,-0.284871131182,-0.135328665376,-0.040301658213,0.071587920189,0.113320223987,0.124905951321,0.209072545171,0.192142352462,0.274734228849,0.444414138794,0.511459171772,0.541885912418,0.498746603727,0.489042758942,0.414450854063,0.173460990191,0.003739112522,-0.061986140907,-0.034399040043,-0.002079118276,-0.005916921422,0.034411460161,-0.036293871701,-0.174907207489,-0.307679831982,-0.426765739918,-0.395323753357,-0.314537346363,-0.175227299333,-0.056178592145,-0.040318675339,0.130067408085,0.235002830625,0.214148059487,0.330614626408,0.321617752314,0.168432414532,0.113173626363,0.087353125215,0.048462696373,-0.022286610678,-0.215842455626,-0.432915091515,-0.578542411327,-0.717523753643,-0.723719477654,-0.526327192783,-0.328636974096,-0.226421743631,-0.144553348422,-0.034366298467,0.033266346902,0.033011127263,0.091836005449,0.259470075369,0.440863937140,0.616255462170,0.660292983055,0.427228897810,0.281753122807,0.252638250589,0.014071423560,-0.208467856050,-0.372173011303,-0.385694622993,-0.212741464376,-0.210604906082,-0.231642365456,-0.277586817741,-0.300050765276,-0.234645679593,-0.375913411379,-0.363709777594,-0.184420272708,-0.047427304089,0.111036904156,0.124599978328,0.244636908174,0.394901096821,0.436947792768,0.493300557137,0.434899151325,0.367240816355,0.213662490249,0.077486954629,0.010697575286,-0.122859992087,-0.294687718153,-0.659957349300,-0.713330268860,-0.541608750820,-0.500665485859,-0.239654704928,-0.185029223561,-0.149917125702,0.045812502503,0.078049905598,0.214951828122,0.235984846950,0.300395578146,0.385084927082,0.311485588551,0.445434212685,0.379090815783,0.268871247768,0.311654895544,0.121401175857,-0.155554726720,-0.413511455059,-0.375052750111,-0.149877652526,-0.062218550593,-0.082569852471,-0.274717062712,-0.353622317314,-0.370394051075,-0.495503365993,-0.508538484573,-0.492265790701,-0.393910139799,-0.116757713258,0.108872085810,0.179576978087,0.223352879286,0.230680704117,0.164876759052,0.137229010463,0.137987524271,0.185291230679,0.221201583743,0.159168824553,0.026881454512,-0.201976850629,-0.395664602518,-0.507013022900,-0.554742932320,-0.454871505499,-0.276708722115,-0.174070119858,-0.065134890378,0.192905232310,0.330766111612,0.434564948082,0.596356928349,0.538716077805,0.667957723141,0.905784726143,0.928576529026,0.956684052944,0.755381166935,0.508961141109,0.377462685108,0.144016116858,-0.029134999961,-0.262324094772,-0.317091643810,-0.176584586501,-0.223856583238,-0.148280948400,-0.221226915717,-0.440050870180,-0.407636404037,-0.511386811733,-0.439025372267,-0.148057237267,-0.019960416481,0.182326883078,0.245007574558,0.274684458971,0.333313435316,0.192805841565,0.201927900314,0.142850294709,-0.006229776889,-0.035097543150,-0.243447259068,-0.412060737610,-0.564686238766,-0.729650318623,-0.756353318691,-0.909047305584,-0.817371428013,-0.582799553871,-0.514059603214,-0.219772234559,-0.064742416143,-0.050132196397,0.111587792635,0.115457832813,0.076069459319,0.136424154043,0.245882481337,0.332510381937,0.434053242207,0.405378073454,0.242564767599,0.262394100428,0.047560863197,-0.194062680006,-0.160832241178,-0.240340486169,-0.097208768129,0.070973642170,0.117464080453,0.212798774242,0.122302465141,0.068760231137,-0.068106286228,-0.108098141849,0.037752594799,0.027451623231,0.256504207850,0.439939707518,0.426907628775,0.426661312580,0.254709392786,0.301692783833,0.392358541489,0.340781927109,0.380315899849,0.295524150133,0.179266631603,0.011405316181,-0.191749617457,-0.332422107458,-0.484010547400,-0.394277393818,-0.238866701722,-0.148492634296,0.006052044220,0.057165704668,0.093351885676,0.064179122448,0.028409231454,0.178262397647,0.251717299223,0.348643362522,0.526539385319,0.556590795517,0.475557774305,0.309303283691,0.222995072603,0.084689579904,-0.232915490866,-0.421961277723,-0.496381133795,-0.455218195915,-0.395162343979,-0.393277138472,-0.368051230907,-0.410330474377,-0.406111180782,-0.493158519268,-0.570251464844,-0.515685021877,-0.494782477617,-0.173288747668,0.073046401143,0.084388151765,0.322371244431,0.458170890808,0.494934082031,0.535505652428,0.465566992760,0.354662656784,0.203598961234,0.105620965362,-0.106768272817,-0.369256287813,-0.578612864017,-0.779615521431,-0.771983981133,-0.767604172230,-0.656734049320,-0.375073790550,-0.213432937860,-0.004070305731,0.159086719155,0.317524135113,0.498113393784,0.518740594387,0.572031736374,0.641144812107,0.753155112267,0.844937264919,0.773784041405,0.665633857250,0.379158198833,0.050897002220,-0.062459982932,-0.202412322164,-0.371457368135,-0.342534989119,-0.220707461238,-0.168650925159,-0.164248645306,-0.242399498820,-0.379460245371,-0.378573089838,-0.267120182514,-0.161753207445,0.048581138253,0.271301358938,0.324765205383,0.294979929924,0.236830249429,0.207924753428,0.202940970659,0.214419379830,0.294152319431,0.270748376846,0.100234687328,-0.114783823490,-0.350248426199,-0.599243044853,-0.776148915291,-0.822859823704,-0.861599743366,-0.845648586750,-0.749513208866,-0.537375926971,-0.205813288689,-0.019350193441,0.131563544273,0.282105833292,0.329019844532,0.481817454100,0.651194095612,0.709778368473,0.734006941319,0.691117286682,0.537137806416,0.303712815046,-0.008107774891,-0.342645823956,-0.390596747398,-0.262359589338,-0.342599362135,-0.329064041376,-0.223744258285,-0.362270325422,-0.414673119783,-0.413101464510,-0.503379285336,-0.284201800823,0.071220867336,0.221737235785,0.468097805977,0.699447274208,0.671272516251,0.928217887878,1.132777094841,0.843222141266,0.773246884346,0.655669212341,0.412135511637,0.394605278969,0.086753338575,-0.221036702394,-0.404412478209,-0.684119164944,-0.775729238987,-0.783646166325,-0.678045094013,-0.505802571774,-0.305828601122,-0.120024062693,-0.096984170377,0.081888057292,0.223988741636,0.240429148078,0.387957096100,0.530564427376,0.692712962627,0.755978286266,0.671628654003,0.502137899399,0.257059901953,-0.026219159365,-0.317767679691,-0.365441977978,-0.497878164053,-0.646890044212,-0.408518493176,-0.425552427769,-0.516131818295,-0.429789572954,-0.501940727234,-0.378067433834,-0.346296906471,-0.363584458828,-0.107511349022,-0.033343888819,0.107506439090,0.200096443295,0.063191689551,0.142747461796,0.260680377483,0.303981870413,0.263198047876,0.260448038578,0.310261607170,0.190677538514,0.082390427589,-0.174774810672,-0.472508192062,-0.558168411255,-0.611271142960,-0.531331777573,-0.412911981344,-0.249830514193,-0.031996194273,0.134122356772,0.380615264177,0.474802732468,0.448831498623,0.481768310070,0.554936707020,0.757328629494,0.913637101650,0.964985549450,0.826447427273,0.514231145382,0.363479286432,0.284971803427,0.074934318662,-0.097590267658,-0.036754976958,-0.048475984484,-0.110460601747,0.034507516772,-0.160409659147,-0.340807765722,-0.125523850322,-0.315265238285,-0.439693003893,-0.172854050994,-0.142537921667,0.034389719367,0.318462997675,0.341453462839,0.454503148794,0.487987428904,0.401332080364,0.473623096943,0.379738181829,0.285952240229,0.325831502676,0.075948096812,-0.144983261824,-0.285452455282,-0.598985791206,-0.701220214367,-0.656346380711,-0.702492058277,-0.544875323772,-0.245476484299,-0.186451122165,-0.151290699840,-0.072296492755,-0.148415163159,-0.045628227293,0.196842625737,0.371978044510,0.554043412209,0.651681363583,0.661052763462,0.602330386639,0.544715046883,0.403839945793,0.176811128855,-0.038537345827,-0.347953647375,-0.370065748692,-0.189712792635,-0.258518785238,-0.314531356096,-0.324274927378,-0.354301422834,-0.404117196798,-0.408791691065,-0.195948421955,-0.116266712546,-0.079121716321,0.212863087654,0.301812171936,0.274880141020,0.372701436281,0.325696140528,0.324248433113,0.383583068848,0.430265545845,0.505282998085,0.264958590269,0.020098125562,-0.019206566736,-0.175985947251,-0.264088988304,-0.353801459074,-0.486216008663,-0.362401217222,-0.203128829598,-0.182847604156,-0.098094657063,0.010436183773,0.050444733351,0.166378542781,0.266093909740,0.294077008963,0.374750345945,0.370770812035,0.385646313429,0.462986916304,0.399903923273,0.361873835325,0.233911350369,-0.046366613358,-0.093875922263,-0.070244833827,-0.112503170967,-0.094517119229,-0.104386255145,-0.102702721953,-0.343250274658,-0.643185913563,-0.533139944077,-0.576430380344,-0.628246903419,-0.255355298519,-0.076693445444,-0.057253275067,0.109662294388,0.231087788939,0.273214101791,0.311290860176,0.337817370892,0.387199699879,0.434252083302,0.152254164219,-0.093322098255,-0.020263502374,-0.314212769270,-0.513590395451,-0.432455152273,-0.770107746124,-0.756652295589,-0.370213061571,-0.293427616358,-0.118502072990,0.051528118551,0.085970424116,0.241703987122,0.393998384476,0.488018274307,0.673073530197,0.877472043037,0.959713339806,0.956293940544,0.748537003994,0.507425606251,0.353132098913,0.087397180498,-0.155116125941,-0.280539482832,-0.217528298497,-0.138609662652,-0.106601178646,0.012406428345,-0.091783441603,-0.248344376683,-0.271763294935,-0.306308209896,-0.261402279139,-0.131848484278,0.022576879710,0.023483080789,0.018450770527,0.120576031506,0.132917493582,0.140671849251,0.129062488675,0.130919575691,0.141513660550,0.122005239129,0.064634360373,-0.113659314811,-0.208469659090,-0.440269380808,-0.720599889755,-0.630790472031,-0.585966646671,-0.509399652481,-0.251895874739,-0.172218441963,-0.105734862387,-0.022310819477,-0.116260446608,-0.124513663352,-0.019190898165,-0.047570351511,0.066904574633,0.229402095079,0.209493622184,0.271450191736,0.244206205010,0.142775565386,0.052885960788,-0.051091354340,0.002815086627,0.019246382639,0.040687829256,0.095611453056,0.121640041471,0.169563278556,0.059997975826,-0.067530505359,-0.182951882482,-0.276401251554,-0.143654316664,0.051608189940,0.164967283607,0.241578444839,0.310630708933,0.337767958641,0.392560273409,0.400557994843,0.402229249477,0.553796529770,0.483071774244,0.392167478800,0.482759475708,0.276421576738,-0.056387599558,-0.180677920580,-0.239567726851,-0.407679259777,-0.337123930454,-0.170893281698,-0.297900676727,-0.155740708113,-0.068587929010,-0.151821196079,0.098586164415,0.069433540106,0.048458296806,0.342781513929,0.375295788050,0.494922578335,0.649225115776,0.420786559582,0.266082942486,0.208095252514,0.007271443028,-0.083846867085,-0.224980562925,-0.464780122042,-0.432432204485,-0.300060093403,-0.299646586180,-0.380114853382,-0.541453421116,-0.625758171082,-0.529694557190,-0.466490954161,-0.372339189053,-0.100295178592,0.066701844335,0.226162955165,0.446956366301,0.416294574738,0.358810842037,0.359384804964,0.357220023870,0.381933212280,0.205416500568,0.017923265696,-0.161879017949,-0.437665909529,-0.570360362530,-0.688569426537,-0.733360528946,-0.593779623508,-0.438060075045,-0.185626819730,0.051245722920,0.112900123000,0.161562174559,0.221599891782,0.321281462908,0.508724749088,0.589905858040,0.600189447403,0.601139247417,0.540024459362,0.533848762512,0.422211527824,0.184341669083,0.015937514603,-0.180923372507,-0.364322543144,-0.349413990974,-0.226037353277,-0.245269626379,-0.213923007250,-0.131808519363,-0.308783948421,-0.328095823526,-0.202541172504,-0.167536288500,0.058064825833,0.170800596476,0.209347233176,0.458591163158,0.502998054028,0.379200994968,0.367848068476,0.342605978251,0.281795501709,0.211888208985,0.021902753040,-0.191503718495,-0.231825068593,-0.333859324455,-0.581714630127,-0.749305427074,-0.873374044895,-0.763267934322,-0.472197145224,-0.347154676914,-0.197171688080,-0.035525228828,0.118491463363,0.320046067238,0.350535690784,0.389117985964,0.477349996567,0.556149840355,0.655248224735,0.609790086746,0.518782913685,0.354432433844,0.130123615265,-0.086911499500,-0.367578536272,-0.512803435326,-0.616380214691,-0.690162897110,-0.593477129936,-0.499393820763,-0.386243045330,-0.302692025900,-0.322712987661,-0.280190885067,-0.133524253964,0.040345802903,0.265916347504,0.465061903000,0.517068982124,0.551804661751,0.532046794891,0.462258815765,0.449048757553,0.391225010157,0.244317829609,0.029000200331,-0.059869728982,-0.114423051476,-0.286819934845,-0.430587857962,-0.661868929863,-0.804537117481,-0.755281746387,-0.713800013065,-0.502431213856,-0.219495907426,-0.095023356378,0.102304041386,0.361761868000,0.364629536867,0.285553991795,0.276331543922,0.260681599379,0.324097305536,0.359165340662,0.364401966333,0.306643575430,0.130587324500,-0.081167824566,-0.311636030674,-0.413779795170,-0.491885393858,-0.498324394226,-0.426181763411,-0.415769249201,-0.283151894808,-0.266581356525,-0.371948987246,-0.409944742918,-0.363007456064,-0.183951586485,-0.116077959538,-0.028770564124,0.081440635026,0.182480499148,0.334237068892,0.275313168764,0.275787889957,0.276300251484,0.229529455304,0.395306885242,0.327449798584,0.151299223304,0.051634870470,-0.193819284439,-0.354382425547,-0.529591083527,-0.631430029869,-0.431083559990,-0.283691793680,-0.222487509251,-0.103109262884,0.051855634898,0.228456050158,0.322795629501,0.393021464348,0.509397089481,0.629956305027,0.748045861721,0.776678979397,0.769022107124,0.731081366539,0.490142166615,0.246043607593,0.078282751143,-0.120047435164,-0.186313852668,-0.226675122976,-0.264959275723,-0.234288379550,-0.302783578634,-0.335832268000,-0.301082670689,-0.388087958097,-0.529216289520,-0.477036058903,-0.281678438187,-0.176771640778,-0.035504534841,0.136983320117,0.273003876209,0.373681187630,0.413941055536,0.459615737200,0.393033891916,0.357354015112,0.247367635369,0.061071373522,0.054413240403,-0.256643056870,-0.538636863232,-0.604743123055,-0.889167726040,-0.882123589516,-0.728866577148,-0.599073588848,-0.320260435343,-0.262862741947,-0.182485744357,-0.002286454430,0.058518111706,0.169825732708,0.207207202911,0.202987164259,0.324582070112,0.426998347044,0.476062476635,0.399197369814,0.224132969975,0.111762396991,-0.040787663311,-0.131009787321,-0.126040056348,-0.225861772895,-0.258108228445,-0.157468229532,-0.160688057542,-0.253361552954,-0.196207672358,-0.158780932426,-0.209308043122,-0.080113537610,-0.022048270330,0.042103122920,0.176492825150,0.096298389137,0.171124458313,0.319844067097,0.297255694866,0.328962624073,0.335254877806,0.276844412088,0.258167952299,0.242562577128,0.006680626888,-0.226210504770,-0.235436022282,-0.455741643906,-0.637149393559,-0.550193011761,-0.501089394093,-0.348204761744,-0.184818699956,-0.057332802564,0.131483078003,0.204359754920,0.243413299322,0.262817531824,0.258851349354,0.367719024420,0.467741101980,0.499038100243,0.496050029993,0.344526350498,0.126506417990,-0.036630354822,-0.242166385055,-0.348033428192,-0.332481443882,-0.347965121269,-0.223601415753,-0.156454369426,-0.308869868517,-0.398070693016,-0.510715961456,-0.628923654556,-0.569465994835,-0.439569681883,-0.327381491661,-0.178707689047,0.030706120655,0.117082126439,0.155134007335,0.208229646087,0.165029197931,0.217376112938,0.228696510196,0.183022782207,0.178071185946,0.051442418247,-0.026615288109,-0.228859230876,-0.398524761200,-0.340657025576,-0.456256806850,-0.324754059315,-0.089854918420,-0.062919706106,0.154912024736,0.189300641418,0.167643010616,0.294946998358,0.282592445612,0.324308276176,0.393996596336,0.505713224411,0.527111053467,0.419194847345,0.392662435770,0.188138797879,-0.035069372505,-0.165243029594,-0.269132226706,-0.273354977369,-0.326635509729,-0.216769874096,-0.131181061268,-0.244444429874,-0.237046286464,-0.312127768993,-0.429100781679,-0.373160958290,-0.285474359989,-0.259696543217,-0.235858544707,-0.183851853013,-0.220612853765,-0.141191259027,-0.021643195301,-0.119538187981,-0.083327777684,0.002639195416,-0.034575201571,0.007958299480,-0.034754034132,-0.125921308994,-0.121587805450,-0.166390493512,-0.322028189898,-0.548808693886,-0.680844306946,-0.612898766994,-0.437551081181,-0.300320386887,-0.178412005305,-0.110776163638,-0.150390446186,-0.063937455416,-0.020559305325,0.029550943524,0.251212358475,0.318846404552,0.491152107716,0.642579317093,0.576861917973,0.600072383881,0.422876030207,0.203130185604,0.085346288979,-0.011231100187,0.054704509676,-0.033498033881,-0.074607178569,-0.027859807014,-0.242008179426,-0.340109825134,-0.258873641491,-0.287519067526,-0.295599490404,-0.134410277009,-0.009974268265,0.111558832228,0.265610992908,0.261030584574,0.372921615839,0.464325726032,0.455164253712,0.583997309208,0.479267358780,0.326540559530,0.238996788859,-0.084171190858,-0.302834659815,-0.394906669855,-0.531711518764,-0.573522686958,-0.519562542439,-0.436518907547,-0.324044525623,-0.184463694692,-0.123396217823,-0.016978889704,0.182168766856,0.220743581653,0.187845274806,0.255149334669,0.418172687292,0.519943833351,0.453377664089,0.396907120943,0.333792239428,0.149081319571,-0.092287957668,-0.200243279338,-0.197438955307,-0.269660741091,-0.246387198567,-0.235395342112,-0.261936128139,-0.125320896506,-0.207179784775,-0.353268563747,-0.323830336332,-0.350368350744,-0.301206827164,-0.215167388320,-0.131570309401,-0.078675650060,-0.035901315510,0.066228032112,0.045799627900,0.081723660231,0.125907510519,0.115287579596,0.127626642585,0.002908189548,-0.039008662105,-0.147002294660,-0.409466773272,-0.586409330368,-0.717380702496,-0.575863003731,-0.337269276381,-0.259646862745,-0.157328680158,-0.038145292550,0.046183809638,0.115033231676,0.230933681130,0.233380049467,0.198213890195,0.330433517694,0.418800115585,0.458614170551,0.383318662643,0.286594152451,0.242827117443,0.048746868968,-0.051430527121,-0.127064034343,-0.224875956774,-0.165214732289,-0.105771169066,-0.053689144552,-0.073275990784,-0.116466760635,-0.160887107253,-0.296657294035,-0.332771420479,-0.263501405716,-0.149889588356,0.016454705968,0.263519823551,0.399945348501,0.268849134445,0.293905258179,0.370061904192,0.317386388779,0.435971617699,0.374761492014,0.126848652959,0.032691784203,-0.200576528907,-0.424042910337,-0.473247796297,-0.674526154995,-0.708433568478,-0.474518150091,-0.435100972652,-0.395462125540,-0.241170704365,-0.101181022823,0.124019756913,0.263246506453,0.299479216337,0.395363569260,0.509607791901,0.577551305294,0.526280999184,0.413272947073,0.321644663811,0.202001795173,0.061926417053,-0.053363595158,-0.202277228236,-0.342425614595,-0.308886945248,-0.248367846012,-0.224929556251,-0.070216573775,-0.024368189275,-0.100140996277,-0.042491447181,0.035336941481,0.159977257252,0.233062461019,0.165023639798,0.238901019096,0.316163599491,0.332068979740,0.416451692581,0.310351908207,0.138849347830,0.133538261056,0.055995918810,-0.092212699354,-0.186176761985,-0.329658657312,-0.462058931589,-0.482401400805,-0.553364634514,-0.624640882015,-0.530617952347,-0.445887476206,-0.246210083365,-0.050359569490,-0.131027311087,0.138517528772,0.337358713150,-0.044423349202,0.047303374857,0.280448555946,0.056005146354,0.161618486047,0.331207692623,0.058783590794,-0.027884239331,0.094422809780,-0.159149900079,-0.407455295324,-0.302715986967,-0.274583548307,-0.262981981039,-0.138742640615,-0.197950750589,-0.304259896278,-0.234891027212,-0.261027604342,-0.352658480406,-0.209144860506,-0.147947907448,-0.160353153944,0.038708388805,0.094811663032,0.126585230231,0.343824923038,0.419106721878,0.442501246929,0.585166096687,0.590003192425,0.389873296022,0.251680314541,0.161585465074,0.101333662868,0.023491626605,-0.260443240404,-0.434496939182,-0.529492497444,-0.606563210487,-0.319620400667,-0.154198333621,-0.189316108823,-0.010668754578,0.128503859043,0.239391937852,0.387132972479,0.530299067497,0.663913309574,0.671176731586,0.709033250809,0.754121422768,0.669196128845,0.476077467203,0.271520346403,0.127226650715,-0.065697178245,-0.158242300153,-0.224767953157,-0.398793756962,-0.373514264822,-0.292700648308,-0.291110903025,-0.304711997509,-0.362812429667,-0.325433909893,-0.301738083363,-0.157509237528,0.140029460192,0.259532719851,0.350593060255,0.363103568554,0.367946475744,0.490194708109,0.404780924320,0.289205342531,0.197186887264,0.077500544488,0.055270627141,-0.111260607839,-0.342262923717,-0.564996123314,-0.680496513844,-0.560364961624,-0.552392780781,-0.446734666824,-0.268027126789,-0.270880550146,-0.067048311234,0.111266419291,0.125524267554,0.279364377260,0.379174411297,0.338406771421,0.524813294411,0.735729873180,0.484176725149,0.411881297827,0.391378581524,-0.060693942010,-0.137012854218,-0.172165378928,-0.360039263964,-0.255197435617,-0.338721305132,-0.276926308870,-0.100692600012,-0.221621856093,-0.169396534562,-0.183502405882,-0.317019850016,-0.171535059810,0.005868190899,0.076721563935,0.265783995390,0.303665339947,0.148712128401,0.433364421129,0.580200791359,0.452301114798,0.657846391201,0.555531919003,0.398319423199,0.448773503304,0.189607292414,-0.072472572327,-0.284729212523,-0.453439474106,-0.514540135860,-0.624621391296,-0.620359659195,-0.453648746014,-0.317796349525,-0.212420701981,-0.055653940886,-0.004859500565,0.150806710124,0.365705043077,0.416354149580,0.687436878681,0.737937092781,0.639092266560,0.806175768375,0.592533051968,0.349960565567,0.207950085402,-0.185227081180,-0.376698464155,-0.406319856644,-0.431333333254,-0.437200486660,-0.440432876348,-0.386357337236,-0.416370600462,-0.572383344173,-0.699815690517,-0.660016179085,-0.519294381142,-0.216572061181,0.139598160982,0.205801650882,0.300687342882,0.474562704563,0.508770883083,0.618055224419,0.583554387093,0.425458431244,0.455169320107,0.416900128126,0.229550302029,0.030108503997,-0.195507138968,-0.376510441303,-0.461583644152,-0.479709297419,-0.472287058830,-0.442730486393,-0.263774126768,-0.007043511141,0.216602817178,0.423570156097,0.460186392069,0.477208137512,0.585114061832,0.638987302780,0.660008013248,0.522202491760,0.450549870729,0.586871325970,0.441162943840,0.078126706183,-0.142983734608,-0.290287345648,-0.342126339674,-0.293432742357,-0.383732974529,-0.447693705559,-0.364951252937,-0.423495382071,-0.486112087965,-0.543208718300,-0.653981029987,-0.599586963654,-0.446272403002,-0.227937191725,-0.091304428875,-0.010078441352,0.158648192883,0.203530073166,0.139131039381,0.166400879622,0.281604856253,0.243588775396,0.248853474855,0.188754022121,-0.152742803097,-0.194060653448,-0.337381869555,-0.647130489349,-0.662043392658,-0.789416551590,-0.702620804310,-0.522547125816,-0.459991306067,-0.133159801364,-0.068009853363,0.001134884777,0.378424167633,0.483240187168,0.557017862797,0.666257858276,0.689539074898,0.840998053551,0.880603671074,0.721752285957,0.621998250484,0.510351002216,0.245574444532,0.111959695816,0.077977091074,-0.126273110509,-0.180204585195,-0.136603370309,-0.223900407553,-0.298901677132,-0.457190811634,-0.440973103046,-0.275217205286,-0.305038124323,-0.116585545242,0.157372385263,0.256010949612,0.488262325525,0.624342799187,0.599959015846,0.617951095104,0.612053155899,0.599573850632,0.528506934643,0.348963886499,0.123592220247,-0.114457435906,-0.333277344704,-0.495757818222,-0.615645706654,-0.710879266262,-0.618750274181,-0.367416173220,-0.244614809752,-0.174582660198,-0.062047876418,-0.049468483776,0.040945034474,0.288886129856,0.419759005308,0.474980831146,0.590442717075,0.664515793324,0.518550336361,0.326726943254,0.366444349289,0.252427935600,0.072846397758,0.023130213842,-0.239875137806,-0.331615269184,-0.257133930922,-0.309506893158,-0.271916836500,-0.314449697733,-0.400659412146,-0.274945080280,-0.187612652779,-0.346699088812,-0.249759867787,-0.028844617307,-0.153940737247,0.106837444007,0.360525190830,0.152349933982,0.348841995001,0.417750865221,0.233876451850,0.327055692673,0.255319893360,0.125526934862,0.021898174658,-0.131582498550,-0.239589139819,-0.347455918789,-0.382121980190,-0.454366385937,-0.383224010468,-0.211566820741,-0.185710668564,-0.043983381242,0.040012620389,0.115326240659,0.324662685394,0.320001900196,0.397847473621,0.568817317486,0.573198378086,0.737563431263,0.818685591221,0.594074606895,0.422837555408,0.311685532331,0.169462040067,0.042526390404,-0.131378710270,-0.268238693476,-0.252992659807,-0.218123644590,-0.169287338853,-0.247188508511,-0.421756416559,-0.363482594490,-0.393289417028,-0.316300332546,-0.049753237516,-0.130039468408,0.058089911938,0.363759577274,0.310167640448,0.434964627028,0.393384337425,0.246075332165,0.382279962301,0.350958734751,0.223936229944,0.045689500868,-0.222255587578,-0.336126446724,-0.481245577335,-0.573370814323,-0.520085096359,-0.512510001659,-0.396418988705,-0.236295267940,-0.137536749244,-0.046164300293,0.090015694499,0.260190367699,0.278889924288,0.368330240250,0.473538517952,0.529187560081,0.590022504330,0.367737442255,0.415387511253,0.416877865791,-0.016846114770,0.004701112863,-0.028423525393,-0.269018769264,-0.114990472794,0.025106258690,0.073127947748,0.186673283577,0.206445395947,0.079091913998,0.016781222075,-0.088898234069,-0.185326948762,0.029209561646,0.084851861000,0.022753344849,0.217562884092,0.300902783871,0.199403285980,0.230754375458,0.298587709665,0.135105773807,0.027163872495,0.014161151834,-0.192677408457,-0.269908666611,-0.291044771671,-0.564950466156,-0.681810200214,-0.660671532154,-0.753668308258,-0.689351320267,-0.598249912262,-0.529773890972,-0.285970628262,-0.131694823503,0.034051682800,0.204962745309,0.174249887466,0.249998509884,0.364303678274,0.446665287018,0.492068886757,0.302865564823,0.187718406320,0.112075790763,-0.141730055213,-0.228809401393,-0.213026523590,-0.343256205320,-0.354753196239,-0.240668892860,-0.256284147501,-0.281240999699,-0.339308500290,-0.452509433031,-0.415308445692,-0.395972609520,-0.359950900078,-0.159144982696,0.058947920799,0.303063124418,0.477096229792,0.547084808350,0.557215750217,0.502733469009,0.522047638893,0.538274526596,0.492215603590,0.388008922338,0.132516503334,-0.161862730980,-0.335141956806,-0.467703998089,-0.620655953884,-0.610697209835,-0.497526288033,-0.370129644871,-0.193286597729,-0.066366247833,0.096943274140,0.203679248691,0.281592965126,0.502366244793,0.659800350666,0.774643182755,0.838709950447,0.835794389248,0.695467948914,0.379485577345,0.302851617336,0.225708365440,-0.042840875685,-0.271511644125,-0.402467787266,-0.333632886410,-0.428659230471,-0.460879832506,-0.278875321150,-0.358831614256,-0.376379460096,-0.407503396273,-0.435705244541,-0.151525497437,0.055391855538,0.199124768376,0.298315465450,0.281380414963,0.282157003880,0.316965937614,0.338008940220,0.214401349425,0.194007471204,0.165575608611,-0.041133157909,-0.195213884115,-0.443252861500,-0.576727926731,-0.676429748535,-0.871671915054,-0.869734942913,-0.871803402901,-0.671141624451,-0.429681301117,-0.363969862461,-0.097358472645,0.081527091563,0.192037761211,0.298742026091,0.358721077442,0.527289807796,0.584821224213,0.607868611813,0.596015810966,0.522640645504,0.416946053505,0.218467921019,0.043111432344,-0.186070978642,-0.268784552813,-0.192747250199,-0.158075690269,-0.175648063421,-0.320880293846,-0.297603875399,-0.227488160133,-0.283590316772,-0.208527922630,-0.174344778061,-0.164807096124,0.072723090649,0.395538181067,0.475436836481,0.427217066288,0.412432819605,0.398184716702,0.667297899723,0.764898717403,0.391423791647,0.260035991669,0.115115866065,-0.178318217397,-0.224450230598,-0.479640871286,-0.634871721268,-0.462915003300,-0.575190544128,-0.537402749062,-0.329241245985,-0.325186371803,-0.131811097264,0.078897789121,0.184577256441,0.292104244232,0.253663092852,0.314505577087,0.477232992649,0.496344745159,0.501392722130,0.457160681486,0.268667697906,0.156510114670,-0.049588609487,-0.342155098915,-0.319666266441,-0.343881249428,-0.444687604904,-0.347218811512,-0.318938374519,-0.375193208456,-0.462621122599,-0.484476268291,-0.543543577194,-0.531171500683,-0.178000390530,0.018830372021,0.144278600812,0.305459648371,0.246056750417,0.270643889904,0.334225833416,0.372277021408,0.298839896917,0.142192244530,0.149662539363,0.070124387741,0.001612526365,-0.053420465440,-0.234968021512,-0.225551962852,-0.221072077751,-0.371913075447,-0.335617363453,-0.180034741759,-0.085525780916,0.104430995882,0.250814199448,0.219742044806,0.252425730228,0.307726383209,0.336186975241,0.405517458916,0.487071603537,0.494831025600,0.386992663145,0.278346151114,0.117696896195,0.023252774030,-0.008573269472,-0.132032305002,-0.185647472739,-0.298110485077,-0.312343448400,-0.219312429428,-0.311317384243,-0.307668298483,-0.380955040455,-0.518683135509,-0.562502980232,-0.663496315479,-0.470679342747,-0.254594981670,-0.261082530022,-0.205780372024,-0.118550240993,0.044283978641,0.139698803425,0.146175161004,0.153916627169,0.092297822237,0.070249848068,0.064007744193,-0.034575268626,-0.204200789332,-0.397112905979,-0.596392452717,-0.687904000282,-0.702426016331,-0.681712925434,-0.544137120247,-0.455898016691,-0.385410726070,-0.294576287270,-0.180378362536,-0.054460730404,-0.019719980657,0.204951629043,0.468457341194,0.544569075108,0.578972399235,0.576532781124,0.585443437099,0.479471743107,0.322399884462,0.174076765776,0.004666205961,-0.107358708978,-0.219920143485,-0.186272889376,-0.195225834846,-0.254214078188,-0.227289617062,-0.364558607340,-0.345656931400,-0.236178562045,-0.211769089103,0.004041151144,0.181659683585,0.272541165352,0.348321110010,0.378073006868,0.400422126055,0.304074168205,0.212140560150,0.270678579807,0.299069285393,0.214459732175,0.061440117657,-0.216615453362,-0.359455198050,-0.424337208271,-0.659166395664,-0.643615484238,-0.580568671227,-0.583269119263,-0.335060954094,-0.265093654394,-0.276127189398,-0.181447610259,-0.122956871986,0.118980489671,0.313150137663,0.371534317732,0.526915729046,0.563582241535,0.442592978477,0.369992375374,0.317870527506,0.225823238492,0.054297488183,-0.233705788851,-0.397889792919,-0.367785006762,-0.362218737602,-0.300316989422,-0.266030639410,-0.395138502121,-0.476144850254,-0.491275161505,-0.532942295074,-0.511304795742,-0.312333762646,-0.215514749289,-0.107157617807,0.289836198092,0.358520925045,0.332041144371,0.472631961107,0.371502518654,0.416533946991,0.397043943405,0.234447225928,0.198304548860,-0.013878534548,-0.185798302293,-0.338060766459,-0.445420205593,-0.482448905706,-0.658492326736,-0.572440266609,-0.421444654465,-0.272755235434,0.073500387371,0.198558077216,0.260063290596,0.295379519463,0.256010144949,0.465118288994,0.605341494083,0.648003995419,0.752416193485,0.584057748318,0.463847905397,0.477100491524,0.234721645713,0.124856509268,0.036939181387,-0.236318990588,-0.241482988000,-0.211695879698,-0.228188544512,-0.128371834755,-0.200057193637,-0.352625787258,-0.416963368654,-0.423048138618,-0.354140341282,-0.216179952025,-0.083907417953,0.011163339019,0.155576393008,0.240254238248,0.222269356251,0.125240013003,0.025111055002,0.043132767081,-0.008192292415,-0.051095630974,-0.153369247913,-0.396199971437,-0.536550581455,-0.731285333633,-0.744947612286,-0.625460207462,-0.709589481354,-0.538059830666,-0.262738376856,-0.128428518772,0.035078197718,0.110413894057,0.263708472252,0.388980686665,0.351628363132,0.450471132994,0.561903238297,0.540289163589,0.488756239414,0.428531646729,0.343618094921,0.169607147574,-0.021495610476,-0.103791765869,-0.107328712940,-0.051956385374,0.006404331885,0.077407449484,0.190093189478,0.145124197006,0.032265037298,-0.012488257140,-0.069822944701,0.000140876466,0.092528782785,0.077019795775,0.149624586105,0.237855657935,0.200459763408,0.249812200665,0.336511015892,0.193064689636,0.130039289594,0.156064152718,0.020438998938,-0.017240276560,-0.138310149312,-0.357238471508,-0.431837350130,-0.596225261688,-0.676974594593,-0.691509783268,-0.751129269600,-0.632119059563,-0.550466179848,-0.451008945704,-0.311737567186,-0.275604486465,-0.114396981895,0.046944148839,0.100684665143,0.139059707522,0.204565241933,0.299075275660,0.282382279634,0.237779721618,0.128230258822,-0.113713033497,-0.260568797588,-0.328319430351,-0.403605431318,-0.443548232317,-0.391704022884,-0.325323611498,-0.367215186357,-0.407566696405,-0.446175932884,-0.420010536909,-0.321709066629,-0.219834804535,0.038843337446,0.222053796053,0.330474168062,0.458739519119,0.439315348864,0.452572822571,0.345653086901,0.228465452790,0.314609557390,0.267902791500,0.164512097836,0.026248736307,-0.198835134506,-0.357639461756,-0.466833531857,-0.579791009426,-0.647190511227,-0.535632848740,-0.398824989796,-0.238387182355,0.042954642326,0.189081043005,0.188919171691,0.202202022076,0.292994081974,0.345635205507,0.399785429239,0.516340911388,0.532442569733,0.598242282867,0.455537736416,0.135798379779,0.024223402143,-0.205503433943,-0.324089705944,-0.371269702911,-0.572056770325,-0.507513821125,-0.382391065359,-0.279488056898,-0.238149002194,-0.344685077667,-0.377892762423,-0.382191985846,-0.241923898458,-0.073915734887,0.081153161824,0.298664301634,0.367664694786,0.458076506853,0.516590595245,0.458979368210,0.380962818861,0.240524724126,0.138472929597,0.060525000095,-0.005388091318,-0.168041408062,-0.397969424725,-0.556502461433,-0.749032795429,-0.830502152443,-0.772556066513,-0.590475201607,-0.346621781588,-0.219773411751,-0.026778925210,0.062588080764,0.070599958301,0.214497402310,0.197625294328,0.255288600922,0.431179076433,0.512926280499,0.640410959721,0.556126773357,0.403596848249,0.329129904509,0.098530396819,-0.125294521451,-0.293126016855,-0.358714193106,-0.315517932177,-0.228362977505,-0.179738938808,-0.172334611416,-0.038424331695,-0.158030003309,-0.317347437143,-0.122335463762,-0.016104057431,0.131030648947,0.314464747906,0.394527494907,0.446015357971,0.374700874090,0.483943343163,0.533410966396,0.471112012863,0.533747673035,0.328630775213,0.143074035645,0.048788402230,-0.160672321916,-0.229728654027,-0.314925879240,-0.583590507507,-0.754155993462,-0.562682509422,-0.505667448044,-0.351442009211,0.114242233336,-0.008576551452,0.099841728806,0.475913226604,0.351946949959,0.548900187016,0.590358316898,0.433737188578,0.524161756039,0.401150256395,0.275051087141,0.001985255396,-0.149728462100,-0.174282193184,-0.440501064062,-0.491212874651,-0.567738294601,-0.546195387840,-0.482476383448,-0.601185977459,-0.436293989420,-0.312363028526,-0.214185178280,-0.135898992419,-0.113548852503,0.022002644837,-0.011116695590,0.197200268507,0.438220262527,0.474769175053,0.561872541904,0.377154201269,0.370650231838,0.436199873686,0.255891442299,0.277690589428,0.186877444386,-0.068808421493,-0.219191715121,-0.349833071232,-0.503469645977,-0.584488689899,-0.546126306057,-0.485888928175,-0.297155797482,-0.147371843457,-0.004128343891,0.262970060110,0.335376530886,0.460244685411,0.522001624107,0.420099139214,0.632602751255,0.677025735378,0.529382050037,0.576757371426,0.440385937691,0.189798846841,-0.088683210313,-0.411849439144,-0.537219822407,-0.484317690134,-0.402769118547,-0.391412734985,-0.361531645060,-0.361907094717,-0.413106292486,-0.444501936436,-0.514562308788,-0.449294507504,-0.250346720219,0.009676801041,0.150154441595,0.094050772488,0.166094511747,0.256408393383,0.361241340637,0.402739375830,0.264532029629,0.318175911903,0.289187759161,0.072735592723,-0.067969001830,-0.359347760677,-0.620504498482,-0.601806819439,-0.529752373695,-0.563224732876,-0.525430142879,-0.288453370333,-0.167683064938,-0.101853914559,0.147524997592,0.305543154478,0.373406320810,0.399978339672,0.443707138300,0.604937970638,0.598900079727,0.558555543423,0.469733387232,0.342922896147,0.379641056061,0.152386635542,-0.082331441343,-0.214253023267,-0.372023850679,-0.289634138346,-0.294040232897,-0.207028299570,-0.150134623051,-0.185663834214,-0.049047637731,-0.287036389112,-0.285709559917,-0.060228116810,-0.099938847125,0.213562279940,0.285716712475,0.230192974210,0.422641485929,0.327107399702,0.397165983915,0.477904886007,0.300886154175,0.244282618165,0.173700407147,0.020903445780,-0.152991220355,-0.294625222683,-0.445489823818,-0.607158064842,-0.754962205887,-0.754948616028,-0.436974018812,-0.270403832197,-0.153241381049,0.071001775563,-0.033143397421,0.100748345256,0.399087429047,0.306130617857,0.343245923519,0.413202106953,0.454442024231,0.587103784084,0.483086824417,0.446790754795,0.337785869837,0.048124384135,0.032042257488,-0.017049329355,-0.123739540577,-0.060902535915,-0.061206713319,-0.223164677620,-0.399178624153,-0.423093110323,-0.458181560040,-0.475739061832,-0.441132545471,-0.358238190413,-0.084150783718,-0.045718349516,0.024174470454,0.301530450583,0.255765438080,0.348140835762,0.448720157146,0.303747087717,0.385569185019,0.377936661243,0.213250607252,0.136528536677,0.026963459328,-0.104959845543,-0.266651034355,-0.403061777353,-0.398550570011,-0.347398340702,-0.252742677927,-0.082496628165,-0.034663915634,-0.072790563107,0.034719705582,0.229326501489,0.279927462339,0.251123517752,0.379252493382,0.603393554688,0.686121463776,0.571669638157,0.621023058891,0.592049658298,0.238551005721,0.201859250665,0.053997870535,-0.221662282944,-0.092696562409,-0.198400229216,-0.267270326614,-0.177314564586,-0.271115005016,-0.339296907187,-0.484797537327,-0.482650697231,-0.402489721775,-0.270206958055,0.007719588932,0.060286890715,0.177950888872,0.409816801548,0.456054449081,0.449423521757,0.446244269609,0.392364114523,0.308505773544,0.196131944656,0.008929887787,-0.130915746093,-0.249369159341,-0.395619571209,-0.551546514034,-0.707453608513,-0.659358263016,-0.557505726814,-0.436437219381,-0.182004332542,-0.074121616781,-0.031692065299,0.142038449645,0.228245779872,0.305993407965,0.661128044128,0.902681231499,0.884743630886,0.848099827766,0.700489163399,0.685661971569,0.565074682236,0.248908907175,0.158322513103,-0.041696134955,-0.032770961523,0.182625755668,0.080482065678,0.098900452256,0.094518430531,-0.130957365036,-0.300909817219,-0.358565717936,-0.334253311157,-0.284513533115,-0.112112306058,0.029513800517,0.093544311821,0.165163815022,0.254027128220,0.363998860121,0.338152498007,0.327314078808,0.249747037888,0.104602180421,0.078002400696,-0.032224528491,-0.193255722523,-0.508823513985,-0.746383905411,-0.713391065598,-0.863900005817,-0.861968636513,-0.471066743135,-0.340565174818,-0.490950673819,-0.217824921012,-0.020893028006,-0.240546852350,0.052693195641,0.250281929970,0.194133847952,0.469788163900,0.435249298811,0.441080123186,0.474248498678,0.088644340634,-0.123892903328,-0.142087206244,-0.357958734035,-0.466714888811,-0.132824271917,-0.196853905916,-0.394114941359,-0.135199204087,-0.301127552986,-0.320419967175,-0.094086050987,-0.165535718203,0.026124073192,0.181309372187,0.304643392563,0.436435878277,0.384859800339,0.457268625498,0.402037888765,0.321194827557,0.360279232264,0.412549644709,0.458525121212,0.348655402660,0.213129088283,-0.046105030924,-0.192318707705,-0.197841301560,-0.455162823200,-0.564900040627,-0.519715607166,-0.323921352625,0.035810887814,0.109244883060,0.125052914023,0.158485263586,0.146637737751,0.233931466937,0.317928552628,0.417483180761,0.459694534540,0.442329108715,0.380919009447,0.280364096165,0.212349116802,-0.012738309801,-0.192537024617,-0.223709940910,-0.360902160406,-0.439757734537,-0.464398741722,-0.502558290958,-0.370676398277,-0.228257045150,-0.387688547373,-0.518322348595,-0.429794371128,-0.487262129784,-0.310965985060,-0.002592043951,-0.021016316488,0.151983395219,0.286583125591,0.272394984961,0.446357309818,0.414525747299,0.280763506889,0.183493748307,0.100993692875,0.085180878639,-0.076070442796,-0.241667240858,-0.384037405252,-0.460039824247,-0.484860897064,-0.615039229393,-0.482198983431,-0.250440388918,-0.143435314298,0.074288085103,0.176921457052,0.174818590283,0.279603421688,0.430557429790,0.533772528172,0.553438186646,0.578677713871,0.570860385895,0.530371248722,0.442937672138,0.267121940851,0.168875426054,-0.013104393147,-0.234863996506,-0.195202782750,-0.148761525750,-0.110179565847,-0.076398678124,-0.131565406919,-0.084175474942,-0.218167558312,-0.372486323118,-0.272018402815,-0.178211778402,0.032127402723,0.203219205141,0.271223962307,0.341795563698,0.335721522570,0.483305931091,0.554650187492,0.447972655296,0.380153715611,0.257146060467,0.112450398505,-0.108593091369,-0.320261925459,-0.483601689339,-0.749376833439,-0.935092866421,-0.883184134960,-0.671569108963,-0.491179078817,-0.256536275148,-0.074460290372,-0.024682514369,0.303380966187,0.494150996208,0.498268902302,0.627621114254,0.469246178865,0.498928993940,0.661217868328,0.436925381422,0.375074267387,0.281281083822,-0.065748818219,-0.265604287386,-0.431424111128,-0.574966132641,-0.515764832497,-0.368764162064,-0.304914981127,-0.305893808603,-0.373332530260,-0.456016510725,-0.422238618135,-0.331420779228,-0.134340941906,0.171249002218,0.380615323782,0.451002746820,0.553624212742,0.724509656429,0.725075185299,0.654528737068,0.619112849236,0.530315339565,0.546193838120,0.482605338097,0.290720552206,0.172720104456,-0.041430395097,-0.252849459648,-0.364816218615,-0.437058627605,-0.436312347651,-0.351086467505,-0.173506185412,-0.090099461377,0.103084824979,0.285410940647,0.214948356152,0.377551943064,0.398433864117,0.362162053585,0.639340400696,0.659872531891,0.670654594898,0.537282705307,0.204602614045,0.103118792176,-0.141945108771,-0.384760826826,-0.553017854691,-0.665290355682,-0.657978355885,-0.709755659103,-0.600412547588,-0.598856627941,-0.615087032318,-0.492912143469,-0.520213901997,-0.370929360390,-0.214609086514,-0.045591048896,0.218217536807,0.261021345854,0.364913046360,0.428684264421,0.368303000927,0.212620437145,0.032493382692,0.100031621754,-0.017980758101,-0.160865694284,-0.239775329828,-0.528479039669,-0.579150438309,-0.748338937759,-0.901918351650,-0.644129216671,-0.599792897701,-0.417205989361,-0.102711424232,-0.036743137985,0.184813365340,0.345174133778,0.445093333721,0.562601685524,0.617038190365,0.856386065483,0.898819267750,0.785606563091,0.794915378094,0.590510427952,0.380176186562,0.241879671812,-0.087036117911,-0.303012788296,-0.235863983631,-0.175737395883,-0.241428747773,-0.347773522139,-0.435726135969,-0.462846368551,-0.485568195581,-0.451182961464,-0.352005302906,-0.277253746986,-0.055409438908,0.163035720587,0.211701661348,0.297255277634,0.354720950127,0.377671241760,0.468217164278,0.470709294081,0.272679537535,0.093190371990,0.040524609387,-0.118062511086,-0.321969926357,-0.513699412346,-0.736334681511,-0.785309851170,-0.743607044220,-0.742273986340,-0.666491031647,-0.501055955887,-0.336416959763,-0.165072560310,0.053309783340,0.129028648138,0.146520063281,0.285267919302,0.366239547729,0.472818195820,0.644654393196,0.726510822773,0.620432555676,0.357068091631,0.196061834693,0.008472275920,-0.193075433373,-0.259673595428,-0.436325162649,-0.515397429466,-0.420369595289,-0.384176373482,-0.333656072617,-0.376502633095,-0.536066532135,-0.523771107197,-0.348882555962,-0.231837764382,-0.008990122005,0.194743096828,0.157845750451,0.248913601041,0.329334050417,0.351510167122,0.405110001564,0.297002226114,0.305011242628,0.243207871914,0.170072287321,0.193833336234,-0.142625778913,-0.428622901440,-0.562767207623,-0.669889271259,-0.632703721523,-0.667338013649,-0.560400605202,-0.331337481737,-0.108056291938,0.105504006147,0.176078706980,0.340382933617,0.538532614708,0.638925492764,0.783613324165,0.851508498192,0.802762508392,0.746550381184,0.535221099854,0.236349463463,0.107886068523,-0.094878256321,-0.308021724224,-0.394717663527,-0.542898237705,-0.518026947975,-0.485018044710,-0.522114336491,-0.433147400618,-0.506005346775,-0.603350579739,-0.580656111240,-0.456870853901,-0.216763824224,-0.049238357693,0.079941309988,0.087688177824,0.171430647373,0.388451397419,0.296374917030,0.139389425516,0.048337154090,0.007133310661,0.098695538938,-0.014152416959,-0.205491065979,-0.275834321976,-0.434784978628,-0.663405299187,-0.677907526493,-0.555627882481,-0.490918844938,-0.270345658064,-0.165933012962,-0.181473270059,0.048692777753,0.132179901004,0.168609082699,0.357325464487,0.474320173264,0.686055481434,0.843271613121,0.786674916744,0.747625887394,0.671947300434,0.538595914841,0.434406012297,0.206123054028,0.031274318695,0.048170525581,0.031092034653,0.155708491802,0.167109578848,-0.096774838865,-0.173567920923,-0.324020117521,-0.366402089596,-0.171374499798,-0.193189218640,-0.071646869183,-0.024252718315,-0.075293689966,0.217466473579,0.237339451909,0.155256837606,0.302470743656,0.238467529416,0.171029120684,0.150763973594,0.055832460523,-0.056599512696,-0.334363818169,-0.607425093651,-0.731819033623,-0.782367467880,-0.759468734264,-0.727691352367,-0.721683621407,-0.611506044865,-0.435550808907,-0.386141479015,-0.190415650606,0.052791822702,0.023878140375,0.093921869993,0.173579081893,0.197663530707,0.381038516760,0.405462294817,0.283778548241,0.204307928681,0.074482150376,-0.099663108587,-0.208542525768,-0.270366430283,-0.289390921593,-0.198498770595,-0.219011545181,-0.305483967066,-0.301043748856,-0.344387084246,-0.347864300013,-0.348644345999,-0.328441202641,-0.162064060569,-0.041805915534,0.078820317984,0.260130375624,0.335046678782,0.390082120895,0.466902315617,0.476012706757,0.492726832628,0.427157998085,0.324616134167,0.355644196272,0.199456900358,-0.099786505103,-0.297474563122,-0.486635088921,-0.479221612215,-0.393550574780,-0.326574087143,-0.157854944468,-0.168522715569,-0.116808310151,0.082789555192,0.037860993296,0.047905270010,0.206603795290,0.276874303818,0.440320342779,0.666481971741,0.651498496532,0.504255056381,0.411099165678,0.257582962513,0.077953450382,-0.121991448104,-0.265712469816,-0.257022589445,-0.311957001686,-0.365220367908,-0.408724784851,-0.477703630924,-0.509468436241,-0.663544356823,-0.694778442383,-0.586344122887,-0.523726820946,-0.310738712549,-0.129083961248,-0.037164997309,0.094872422516,0.162860080600,0.191623970866,0.223827913404,0.279302805662,0.220307916403,0.080313667655,0.054862491786,-0.101276464760,-0.389065235853,-0.562192916870,-0.665876030922,-0.697914958000,-0.692598283291,-0.688600838184,-0.567927718163,-0.410018593073,-0.317126959562,-0.126639664173,0.067666590214,0.179962769151,0.326130360365,0.371510833502,0.464811712503,0.639361441135,0.708621323109,0.724682509899,0.549632549286,0.351230502129,0.187977969646,-0.040120169520,-0.148486867547,-0.305929541588,-0.392518550158,-0.330179631710,-0.297018557787,-0.185594797134,-0.240707471967,-0.445195168257,-0.509542882442,-0.414455890656,-0.211184114218,-0.040860999376,0.237604513764,0.452893227339,0.424603879452,0.466573148966,0.492167860270,0.520405471325,0.536078274250,0.440053492785,0.361365497112,0.119567364454,-0.109985090792,-0.326789677143,-0.630147933960,-0.670291304588,-0.738644421101,-0.799632132053,-0.676532983780,-0.695434689522,-0.579105734825,-0.295233339071,-0.110113561153,0.048318635672,0.171655312181,0.289317488670,0.431431800127,0.553466618061,0.581264674664,0.533689081669,0.457025796175,0.384152024984,0.328742772341,0.105634845793,-0.145127624273,-0.308931916952,-0.564607441425,-0.655007779598,-0.490384608507,-0.336578875780,-0.250649154186,-0.240895032883,-0.236448422074,-0.190854758024,-0.150588050485,-0.058048110455,0.034929666668,0.163363784552,0.420898795128,0.549933910370,0.598052680492,0.691517472267,0.620165288448,0.583302557468,0.579111158848,0.387910574675,0.242332994938,0.114461638033,-0.047840859741,-0.133760482073,-0.345340043306,-0.605277061462,-0.650991797447,-0.584871768951,-0.417470484972,-0.168057441711,-0.022883368656,0.132312506437,0.303822696209,0.379945367575,0.469860464334,0.545602798462,0.630918681622,0.686600923538,0.644494056702,0.666869938374,0.554788231850,0.241959452629,0.052889209241,-0.172400340438,-0.530695915222,-0.657623410225,-0.686785340309,-0.826303839684,-0.747970223427,-0.589775204659,-0.536456644535,-0.439381837845,-0.476352721453,-0.498456358910,-0.424969464540,-0.350191652775,-0.099175401032,0.087174087763,0.165060207248,0.248994141817,0.296367466450,0.348108887672,0.269822597504,0.169691234827,0.054267108440,-0.070183515549,-0.084665171802,-0.156603202224,-0.268435686827,-0.475402176380,-0.600582122803,-0.621078968048,-0.751017570496,-0.572905719280,-0.297173321247,-0.122729480267,0.130627766252,0.210615560412,0.387131094933,0.546783566475,0.535491645336,0.667416930199,0.616534650326,0.627616167068,0.898704051971,0.840130925179,0.610871136189,0.426803231239,0.138020366430,0.002133900067,-0.023868508637,-0.170941904187,-0.221889019012,-0.244067177176,-0.223909333348,-0.113109104335,-0.213778495789,-0.230086773634,-0.304670095444,-0.480567038059,-0.193851143122,-0.035334423184,-0.009058642201,0.172471582890,0.138963446021,0.282190710306,0.460700094700,0.382174521685,0.336469411850,0.212957188487,-0.032550290227,-0.058820448816,-0.017792964354,-0.330053627491,-0.446270614862,-0.501327514648,-0.840938389301,-0.736489892006,-0.638992905617,-0.733177483082,-0.512429118156,-0.341681122780,-0.174756586552,0.040782656521,0.044935800135,-0.019496785477,0.157139301300,0.384385406971,0.410419762135,0.573718965054,0.671379327774,0.518256783485,0.408670663834,0.251135528088,-0.013826392591,-0.327527552843,-0.484563559294,-0.451315373182,-0.417753249407,-0.452248543501,-0.519543051720,-0.425374776125,-0.499658316374,-0.678395569324,-0.468776673079,-0.266092300415,-0.077738367021,0.169425129890,0.173664838076,0.253928750753,0.400643497705,0.451569288969,0.554933786392,0.536058366299,0.444660365582,0.442201465368,0.409449964762,0.263454586267,0.063894234598,-0.128901854157,-0.425412505865,-0.644930422306,-0.715553522110,-0.763217449188,-0.589687526226,-0.410986721516,-0.310330033302,-0.105114325881,0.057819943875,0.266719013453,0.405385166407,0.392334550619,0.458445668221,0.578230321407,0.778195977211,0.912420392036,0.836872994900,0.661270737648,0.424721479416,0.258473992348,0.130088016391,-0.049795638770,-0.193784996867,-0.262828201056,-0.267369329929,-0.216402471066,-0.214909732342,-0.394224345684,-0.486423730850,-0.486971527338,-0.511072516441,-0.303102552891,-0.277277290821,-0.270953208208,0.192219004035,0.350478470325,0.313927859068,0.438881307840,0.256309002638,0.181926220655,0.298351138830,0.128875240684,0.044629517943,-0.052131257951,-0.372160911560,-0.448014587164,-0.514794826508,-0.633378744125,-0.612985074520,-0.710104048252,-0.667877137661,-0.499590873718,-0.296628981829,-0.018468333408,0.082426793873,0.170613184571,0.288031786680,0.498955100775,0.705638647079,0.822173237801,1.048787474632,0.965193927288,0.850228846073,0.879937589169,0.598272204399,0.369058459997,0.115018539131,-0.149061486125,-0.186997756362,-0.286638379097,-0.250630378723,-0.205790176988,-0.297468155622,-0.300523757935,-0.365749895573,-0.343241691589,-0.281975388527,-0.171088308096,0.209575653076,0.330476194620,0.252089828253,0.417051285505,0.566324889660,0.542209625244,0.514204263687,0.566729664803,0.433655858040,0.186776682734,0.086947649717,-0.070969432592,-0.324877589941,-0.547572553158,-0.642452776432,-0.723462820053,-0.871492624283,-0.772424221039,-0.588981032372,-0.565464019775,-0.366078764200,-0.110890775919,-0.079361759126,0.061250571162,0.207871422172,0.260392487049,0.540013134480,0.659310996532,0.567197740078,0.549007654190,0.427166521549,0.348901659250,0.239697620273,-0.105194978416,-0.363555252552,-0.326475620270,-0.232592314482,-0.244362264872,-0.302123725414,-0.455337435007,-0.457772076130,-0.316347807646,-0.348125636578,-0.320202946663,-0.232788965106,-0.142204284668,-0.086827896535,-0.124826021492,0.161197543144,0.340197682381,0.282712578773,0.558955430984,0.624538064003,0.525762200356,0.533686101437,0.389642357826,0.300102710724,0.056706838310,-0.208928376436,-0.282470375299,-0.405641555786,-0.524506151676,-0.572457730770,-0.421678513288,-0.394856125116,-0.250386536121,0.097494930029,-0.082461565733,-0.053100720048,0.152652412653,0.097450464964,0.401971518993,0.582453072071,0.603377223015,0.734280884266,0.605464756489,0.378324985504,0.257643342018,0.191094741225,0.051094602793,-0.011527131312,0.011997261085,-0.101207181811,-0.238384604454,-0.306469202042,-0.224384680390,-0.216520011425,-0.440762341022,-0.547019839287,-0.535192906857,-0.446795135736,-0.248686194420,-0.142095983028,0.070252440870,0.383217215538,0.438824921846,0.482145816088,0.533893764019,0.400527149439,0.276742815971,0.236065611243,0.225497782230,-0.052853785455,-0.334137290716,-0.332524091005,-0.541425049305,-0.717229008675,-0.698205232620,-0.687967956066,-0.599651336670,-0.551707565784,-0.398471832275,-0.193738430738,-0.045654561371,0.096949346364,0.128998443484,0.280890136957,0.500484704971,0.588920474052,0.612281024456,0.681794047356,0.650633156300,0.325980901718,0.223984107375,0.163956940174,-0.148396372795,-0.210735604167,-0.304048031569,-0.402626484632,-0.268177986145,-0.176374688745,-0.108180470765,-0.244559168816,-0.456357806921,-0.421949654818,-0.276352822781,-0.150642186403,-0.005689163692,0.280816197395,0.391714453697,0.370601028204,0.554455816746,0.583855152130,0.519223332405,0.479044646025,0.339521795511,0.285356938839,0.181673198938,0.000438808056,-0.146305114031,-0.220893964171,-0.351628303528,-0.604547739029,-0.549458682537,-0.466571152210,-0.460438400507,-0.164091035724,-0.058621659875,-0.001476470614,0.266814678907,0.349122524261,0.363092482090,0.365131735802,0.311505347490,0.344668209553,0.455359160900,0.442594468594,0.261447787285,0.140554934740,-0.059386491776,-0.249238103628,-0.285594701767,-0.361908018589,-0.287489742041,-0.263168096542,-0.355160385370,-0.288958549500,-0.322994738817,-0.421891808510,-0.461882174015,-0.488361477852,-0.382907032967,-0.102305807173,0.148461729288,0.303872287273,0.565000176430,0.650227069855,0.603885769844,0.725287020206,0.694714128971,0.640076398849,0.601731598377,0.319249778986,0.064430087805,-0.101432487369,-0.331214904785,-0.604205250740,-0.655054628849,-0.445742666721,-0.369057625532,-0.306463122368,-0.204129144549,-0.179021954536,-0.025695795193,0.142836362123,0.257955104113,0.318594664335,0.390161246061,0.612892746925,0.758875012398,0.818854331970,0.762097239494,0.539156675339,0.346862912178,0.091239832342,-0.171000853181,-0.329705834389,-0.463387727737,-0.557711422443,-0.600130200386,-0.514568269253,-0.443433105946,-0.479610532522,-0.458765178919,-0.461177915335,-0.471026629210,-0.385635107756,-0.217887341976,0.096664994955,0.347512364388,0.270472854376,0.150176763535,0.273263305426,0.405923694372,0.434474319220,0.372157067060,0.143578842282,-0.022046156228,-0.111120253801,-0.249410480261,-0.351042062044,-0.497783929110,-0.692372918129,-0.752257466316,-0.558642804623,-0.354197472334,-0.190608695149,0.084269486368,0.205137178302,0.261261135340,0.302632600069,0.315939784050,0.505410492420,0.682462751865,0.847040593624,0.876235127449,0.707656502724,0.532574355602,0.353517204523,0.236828193069,-0.048804551363,-0.245135650039,-0.163279473782,-0.208258897066,-0.181575596333,-0.179455056787,-0.268064349890,-0.263852179050,-0.378822296858,-0.396534115076,-0.323491543531,-0.313044250011,-0.072091072798,0.168568283319,0.202097073197,0.288102328777,0.323999822140,0.328102380037,0.424117952585,0.377550184727,0.250001341105,0.131552681327,-0.020195011050,-0.155865937471,-0.280966967344,-0.398031055927,-0.546198427677,-0.606593132019,-0.687751471996,-0.737495720387,-0.574129521847,-0.535566985607,-0.395377248526,-0.134682267904,-0.069554440677,0.046127658337,0.209812954068,0.398725599051,0.493071347475,0.560518622398,0.716837167740,0.703177213669,0.689618885517,0.573404550552,0.372360795736,0.246793240309,-0.038867402822,-0.216167375445,-0.366774469614,-0.522399306297,-0.453844368458,-0.430826127529,-0.451433092356,-0.525618910789,-0.504989802837,-0.423248201609,-0.435886263847,-0.237380161881,-0.081536628306,0.063208512962,0.298596829176,0.350454747677,0.476757079363,0.546035945415,0.449508666992,0.449745714664,0.455394804478,0.337800711393,0.145788192749,0.040153678507,-0.171122506261,-0.480711370707,-0.628903806210,-0.831091642380,-0.823269248009,-0.649240016937,-0.722212195396,-0.498339384794,-0.138342201710,-0.045578803867,0.144445598125,0.271595507860,0.285526335239,0.435892254114,0.604781687260,0.690971851349,0.757235765457,0.703634977341,0.486625999212,0.381020128727,0.207449465990,-0.147340834141,-0.333404302597,-0.423513650894,-0.422211259604,-0.368593037128,-0.383223444223,-0.349099665880,-0.460647016764,-0.566510260105,-0.495219051838,-0.443844109774,-0.296867191792,-0.137902364135,0.005708697252,0.187751054764,0.323527872562,0.429175406694,0.465135604143,0.529522895813,0.487669229507,0.363286584616,0.293324112892,0.163007348776,0.065259613097,-0.169359952211,-0.361796081066,-0.539616703987,-0.818534493446,-0.642799794674,-0.583022117615,-0.655873239040,-0.462195962667,-0.475023090839,-0.171604931355,0.185437917709,0.230958774686,0.504848659039,0.609542965889,0.743967235088,1.087607979774,1.184350132942,1.128740906715,0.929207861423,0.631053566933,0.320479601622,0.187976017594,0.105884008110,-0.163570776582,-0.312653928995,-0.478832840919,-0.467227458954,-0.278348922729,-0.413779795170,-0.525342345238,-0.605243980885,-0.592169165611,-0.366952657700,-0.276921093464,-0.112807318568,0.131476849318,0.288957923651,0.368177354336,0.353343427181,0.370532691479,0.395841717720,0.409877687693,0.355510622263,0.182850420475,-0.057800456882,-0.260289877653,-0.340144604445,-0.512540102005,-0.749878585339,-0.848657131195,-0.851001322269,-0.808706104755,-0.676044464111,-0.455466955900,-0.323358088732,-0.196817561984,-0.013959757052,0.089058861136,0.155909508467,0.244090050459,0.442022234201,0.505756616592,0.397768348455,0.477379888296,0.485960721970,0.406343877316,0.350672781467,0.096622303128,-0.084400691092,-0.208921238780,-0.289922744036,-0.119293652475,-0.096463322639,-0.184667542577,-0.214510113001,-0.348656922579,-0.385525345802,-0.286729037762,-0.151811838150,0.026562932879,0.252499938011,0.414422035217,0.449633628130,0.532552063465,0.536518216133,0.496115148067,0.496119797230,0.421767771244,0.436770617962,0.340156048536,0.196353048086,0.160970926285,-0.091136187315,-0.374282449484,-0.638966739178,-0.729463160038,-0.579301834106,-0.636206746101,-0.566790938377,-0.389650076628,-0.318377763033,-0.147872447968,-0.140744075179,-0.082092694938,0.108747124672,0.231737196445,0.444646447897,0.577122807503,0.664151787758,0.613925337791,0.426888555288,0.435040056705,0.262045949697,-0.061606507748,-0.221387311816,-0.353671669960,-0.337999135256,-0.299558341503,-0.334524303675,-0.345239579678,-0.480448901653,-0.528460502625,-0.549057245255,-0.667728066444,-0.463701486588,-0.311356902122,-0.253858059645,0.128090977669,0.313495010138,0.445332407951,0.616187572479,0.495111256838,0.430410563946,0.390430063009,0.333828210831,0.264899671078,0.119770020247,-0.045479707420,-0.337853074074,-0.564473390579,-0.688467323780,-0.651003539562,-0.505909383297,-0.456060051918,-0.311513513327,-0.267795145512,-0.191610917449,0.026356752962,0.035716153681,0.095525123179,0.225079864264,0.318333506584,0.446506947279,0.652854859829,0.776938617229,0.542288899422,0.419922351837,0.333640515804,0.062366884202,-0.058659259230,-0.215448096395,-0.288883358240,-0.291820228100,-0.388339936733,-0.402307391167,-0.457958549261,-0.543728768826,-0.589381873608,-0.521142303944,-0.348465114832,-0.180093348026,-0.011653715745,0.066556155682,0.161389604211,0.237547963858,0.223439589143,0.290686726570,0.343302071095,0.290190100670,0.199689164758,0.151863589883,0.082564838231,-0.084352441132,-0.221980094910,-0.375893890858,-0.529083549976,-0.597000598907,-0.692578315735,-0.707580864429,-0.602840960026,-0.518346488476,-0.350901752710,-0.132160753012,-0.041368588805,0.020443970338,0.166722238064,0.358142912388,0.522767424583,0.549360811710,0.559269309044,0.612305223942,0.503134906292,0.289180696011,0.000909673341,-0.192139104009,-0.154705017805,-0.222916617990,-0.274641454220,-0.307919889688,-0.425665616989,-0.370210319757,-0.429411381483,-0.529361248016,-0.464841425419,-0.376190185547,-0.101162970066,0.131087556481,0.305449396372,0.504821062088,0.598684668541,0.746533036232,0.743541121483,0.751365303993,0.839711308479,0.754639446735,0.712451815605,0.503226816654,0.197562009096,-0.078407339752,-0.370564013720,-0.486677229404,-0.649662494659,-0.653996050358,-0.629806995392,-0.663514554501,-0.363242775202,-0.210609540343,-0.107026681304,-0.010551834479,0.017820300534,0.314801990986,0.329752087593,0.324580907822,0.428929507732,0.308737307787,0.404427051544,0.313112676144,0.060512438416,-0.088966563344,-0.404908388853,-0.527017831802,-0.576519429684,-0.644535720348,-0.608163714409,-0.590811789036,-0.479021281004,-0.485532373190,-0.513265073299,-0.434764623642,-0.448878020048,-0.335345208645,-0.150299161673,-0.037086006254,0.108741357923,0.236853763461,0.303795129061,0.345229476690,0.326175063848,0.165579184890,0.070607058704,0.112545751035,0.083284780383,-0.017911585048,-0.111767470837,-0.147766500711,-0.264337748289,-0.413559466600,-0.464766710997,-0.528617978096,-0.404846936464,-0.151391983032,-0.036527700722,0.058125931770,0.198400050402,0.336966335773,0.451949745417,0.567767381668,0.651447951794,0.753838598728,0.833980917931,0.805069446564,0.809242248535,0.688483119011,0.432182848454,0.208456978202,0.025145877153,-0.127928867936,-0.301144897938,-0.241226196289,-0.172476813197,-0.302260160446,-0.340785682201,-0.380874872208,-0.334770500660,-0.359738826752,-0.429847449064,-0.262727022171,-0.121147707105,0.154146298766,0.364114522934,0.399924397469,0.490734726191,0.378226339817,0.386242926121,0.403917580843,0.263187974691,0.212133616209,-0.010990853421,-0.219421580434,-0.386966705322,-0.547377169132,-0.674444437027,-0.930257737637,-0.941913366318,-0.797277987003,-0.648988366127,-0.452144443989,-0.311739623547,-0.192135587335,-0.149464666843,0.116070695221,0.257447838783,0.153430029750,0.474362581968,0.546541631222,0.385717183352,0.598969459534,0.575044512749,0.320902109146,0.161597043276,0.000126088853,-0.292954772711,-0.498416483402,-0.417930066586,-0.558392703533,-0.722097277641,-0.536296427250,-0.470368206501,-0.485247820616,-0.339988410473,-0.245374709368,-0.116262510419,0.229568764567,0.471267908812,0.553569197655,0.630737423897,0.603347063065,0.660502731800,0.686599493027,0.546060383320,0.503312945366,0.368849098682,0.168645381927,0.097960248590,-0.079762868583,-0.354633361101,-0.573196947575,-0.696988105774,-0.647983193398,-0.518662035465,-0.441741436720,-0.331566363573,-0.111980043352,0.140145704150,0.342563122511,0.509644985199,0.569964170456,0.502808749676,0.573799014091,0.736805617809,0.745280623436,0.751138865948,0.642165780067,0.242605075240,-0.018821880221,-0.214014768600,-0.508259475231,-0.560510575771,-0.654581785202,-0.758109450340,-0.683864712715,-0.759593129158,-0.725866734982,-0.608664214611,-0.648615300655,-0.595783472061,-0.391588866711,-0.215528920293,-0.135967910290,0.040117152035,0.172597721219,0.253314137459,0.441602170467,0.476094484329,0.509871006012,0.462891757488,0.221618339419,0.146817520261,0.014904346317,-0.156135395169,-0.324959456921,-0.649631083012,-0.725975394249,-0.734253346920,-0.796648025513,-0.704556941986,-0.636717617512,-0.313955664635,0.100033544004,0.249959975481,0.403895676136,0.514089107513,0.707738518715,0.996519446373,1.102355122566,1.184197664261,1.238063931465,1.038504004478,0.701432645321,0.512216150761,0.174697518349,-0.193724319339,-0.193596437573,-0.398250013590,-0.554151713848,-0.428692728281,-0.435392230749,-0.314799189568,-0.331953108311,-0.362439036369,-0.177499726415,-0.214934751391,-0.081845059991,0.253310590982,0.350189894438,0.411802291870,0.520352423191,0.426636338234,0.335368514061,0.338612675667,0.054904248565,-0.052897635847,-0.048417415470,-0.342331349850,-0.297393679619,-0.375850260258,-0.729833185673,-0.719751596451,-0.872288882732,-1.042350649834,-0.877393901348,-0.695145606995,-0.434626132250,-0.254339724779,-0.199571162462,0.041908070445,0.255708515644,0.284975588322,0.364095360041,0.414651781321,0.559871435165,0.783574402332,0.740653336048,0.731261014938,0.605403006077,0.176570117474,-0.040293764323,-0.184729173779,-0.424679577351,-0.460678756237,-0.300033777952,-0.237483337522,-0.261404365301,-0.244789421558,-0.354970574379,-0.397084802389,-0.314748108387,-0.256098747253,-0.062067583203,0.093813039362,0.278587162495,0.474176585674,0.508551299572,0.707889854908,0.708774983883,0.524885177612,0.653995454311,0.626367747784,0.478304535151,0.413391709328,0.133226752281,-0.166543334723,-0.262541294098,-0.318104088306,-0.540382444859,-0.751903355122,-0.771623194218,-0.608204662800,-0.344673454762,-0.218904346228,-0.046533279121,0.080684728920,0.040198445320,0.199153423309,0.366710275412,0.492383539677,0.649925768375,0.745475590229,0.771027743816,0.568367362022,0.376723289490,0.210894212127,0.008640614338,-0.170903965831,-0.438420206308,-0.397474139929,-0.358791798353,-0.489277243614,-0.295106828213,-0.328506618738,-0.520203769207,-0.513332784176,-0.558371305466,-0.416958957911,-0.219460055232,-0.019154328853,0.228723108768,0.319124877453,0.463715732098,0.473794579506,0.393722265959,0.435721129179,0.339091837406,0.262512058020,0.224702686071,0.151003107429,-0.092980638146,-0.403873383999,-0.475659728050,-0.750425398350,-0.816491365433,-0.513533055782,-0.499902904034,-0.354889780283,-0.205687984824,-0.177972838283,0.075075022876,0.170019805431,0.236761778593,0.438921242952,0.540545642376,0.592883586884,0.644911944866,0.771525681019,0.735577106476,0.447763979435,0.305594116449,0.189022406936,-0.004757935647,-0.094279311597,-0.189786568284,-0.298054665327,-0.312947034836,-0.175764545798,-0.148563906550,-0.266174554825,-0.184464886785,-0.249409064651,-0.355355381966,-0.201046198606,-0.107820421457,0.117468863726,0.224560573697,0.174202159047,0.349391996861,0.265732407570,0.215890944004,0.382683724165,0.330335080624,0.325053632259,0.195747807622,-0.101745657623,-0.287424266338,-0.474602192640,-0.600392103195,-0.745203256607,-0.819315612316,-0.761292815208,-0.781078457832,-0.631817281246,-0.448575496674,-0.365181148052,-0.110864751041,0.071210257709,0.177746295929,0.277808785439,0.338357806206,0.550690114498,0.602569341660,0.454899579287,0.396177977324,0.381717830896,0.215920597315,-0.102636426687,-0.166597858071,-0.267779052258,-0.385315537453,-0.166394650936,-0.204500868917,-0.271981745958,-0.268302202225,-0.374103993177,-0.181083425879,-0.136726573110,-0.198623076081,0.040566265583,0.254874616861,0.356669634581,0.556235074997,0.769610106945,0.617627561092,0.581819057465,0.687506973743,0.418763607740,0.395924210548,0.264617860317,-0.085909374058,0.041432183236,-0.109944581985,-0.459114044905,-0.481162756681,-0.575883626938,-0.599917232990,-0.448563367128,-0.283722132444,-0.143336653709,-0.033405102789,0.078355275095,0.134416863322,0.228933662176,0.254693686962,0.205003932118,0.451759248972,0.608451545238,0.517330825329,0.534669339657,0.399021893740,0.178646683693,-0.013513883576,-0.224792972207,-0.325887203217,-0.389234721661,-0.390955686569,-0.387805461884,-0.340197265148,-0.358629584312,-0.482763141394,-0.482632905245,-0.559747278690,-0.587395429611,-0.465790569782,-0.272479861975,-0.046796228737,0.056012708694,0.289021104574,0.393002063036,0.340006500483,0.451106160879,0.361200571060,0.329658567905,0.429663777351,0.291924178600,0.111520282924,-0.016759920865,-0.160242900252,-0.492643594742,-0.691213071346,-0.523342072964,-0.511153578758,-0.514049649239,-0.335559129715,-0.254847079515,-0.168586432934,0.030854104087,0.191550731659,0.255360960960,0.350470185280,0.461402893066,0.568866670132,0.727262675762,0.783008396626,0.776078701019,0.691648423672,0.481058955193,0.416599512100,0.231659814715,-0.130146667361,-0.163520067930,-0.171863928437,-0.370669722557,-0.341180413961,-0.188457548618,-0.312448263168,-0.425540506840,-0.294976323843,-0.327456742525,-0.220092803240,0.125999718904,0.231033623219,0.448015898466,0.593973636627,0.482565730810,0.545482039452,0.487936735153,0.338539749384,0.315705358982,0.274512648582,0.098459132016,-0.189352199435,-0.318417251110,-0.606532394886,-0.926919102669,-0.901459097862,-0.919821619987,-0.740749716759,-0.516201436520,-0.434649884701,-0.150327146053,-0.085936464369,0.042681761086,0.330067038536,0.312424093485,0.429522424936,0.517071545124,0.364333510399,0.333427309990,0.313058882952,0.229981750250,0.120662935078,-0.145393356681,-0.481007993221,-0.623411238194,-0.619468271732,-0.549822449684,-0.446704417467,-0.461355805397,-0.482632607222,-0.401046752930,-0.283898025751,-0.231798872352,-0.156333863735,0.107786849141,0.345437526703,0.424079626799,0.498239904642,0.600019991398,0.578300297260,0.563146352768,0.624222338200,0.448627203703,0.280006945133,0.228832334280,0.061568651348,-0.083196587861,-0.244254931808,-0.381595939398,-0.509566724300,-0.630989015102,-0.633536159992,-0.599745750427,-0.342654049397,-0.143388018012,-0.107416234910,0.110408425331,0.159047290683,0.221476107836,0.434573888779,0.424873858690,0.473339557648,0.650563597679,0.802114248276,0.748766124249,0.479765504599,0.298690259457,0.064370460808,-0.136518895626,-0.284957915545,-0.448122411966,-0.395590573549,-0.465423226357,-0.489752113819,-0.400957882404,-0.580157995224,-0.563354849815,-0.554837942123,-0.682713449001,-0.491392344236,-0.318314194679,-0.119723781943,0.139549955726,0.173415869474,0.258591800928,0.388088762760,0.373017221689,0.326689779758,0.283729404211,0.237360104918,0.169448912144,0.024413809180,-0.160012915730,-0.406331926584,-0.658927500248,-0.691441297531,-0.625674545765,-0.580330371857,-0.369956523180,-0.126999318600,-0.015513719991,0.147718086839,0.312598586082,0.400435179472,0.551653563976,0.672681450844,0.782428324223,0.806707322598,0.724530994892,0.790190219879,0.692516982555,0.473443835974,0.238677754998,-0.184948906302,-0.297089189291,-0.299171417952,-0.433371543884,-0.356008738279,-0.389928758144,-0.486509382725,-0.356375128031,-0.267230719328,-0.365141153336,-0.452319651842,-0.411702156067,-0.288466781378,0.001075596199,0.160293102264,0.139862149954,0.309886097908,0.353449642658,0.324305325747,0.404155790806,0.273638725281,0.165831238031,0.188633486629,0.112114109099,-0.058769442141,-0.266104996204,-0.467111229897,-0.681647539139,-0.817462265491,-0.833243906498,-0.811512768269,-0.759758651257,-0.624965190887,-0.315902382135,-0.055708825588,0.005834383424,0.066034704447,0.109114401042,0.192568436265,0.370223224163,0.516324043274,0.640977382660,0.649523139000,0.600884437561,0.537875592709,0.274384170771,0.063250400126,-0.017932264134,-0.197135567665,-0.253888130188,-0.252266764641,-0.390505909920,-0.404803544283,-0.437963604927,-0.551416695118,-0.492841511965,-0.440269529819,-0.214083194733,0.089528761804,0.100505217910,0.254130125046,0.402687996626,0.389465093613,0.494542568922,0.512438893318,0.588460206985,0.599250018597,0.434937000275,0.403328895569,0.241291299462,-0.005202582572,-0.252023428679,-0.509612619877,-0.566419959068,-0.717495441437,-0.804497420788,-0.643919825554,-0.531317234039,-0.339654207230,-0.237620100379,-0.154376372695,0.115298397839,0.175365388393,0.287167221308,0.515293538570,0.609078466892,0.803889274597,0.784775733948,0.562412738800,0.460965722799,0.266810834408,0.041210774332,-0.173020794988,-0.392794460058,-0.480256736279,-0.484944522381,-0.520166814327,-0.522265911102,-0.480634331703,-0.620266199112,-0.660531222820,-0.575689673424,-0.572478473186,-0.256521940231,-0.043064139783,0.008115050383,0.251051783562,0.266571521759,0.475157678127,0.702054440975,0.524127781391,0.532714009285,0.425587207079,0.253858864307,0.132696837187,-0.247075796127,-0.393029004335,-0.549751758575,-0.784269034863,-0.722805082798,-0.699013173580,-0.645423591137,-0.487852752209,-0.315028488636,-0.179705098271,-0.065162174404,0.143621608615,0.191532179713,0.259791254997,0.452189534903,0.542616128922,0.741667687893,0.847761392593,0.746674537659,0.626569271088,0.439129054546,0.335398972034,0.228537172079,0.054284341633,-0.079777054489,-0.249317303300,-0.348105043173,-0.375779151917,-0.371317028999,-0.332581847906,-0.397702008486,-0.560057938099,-0.657706201077,-0.550105690956,-0.348526179790,-0.094285115600,0.253986924887,0.380469411612,0.303128361702,0.341613382101,0.395505487919,0.408522695303,0.399628102779,0.341609269381,0.329203754663,0.182874977589,-0.103356838226,-0.278411865234,-0.533608138561,-0.737026810646,-0.672190189362,-0.754598081112,-0.810475409031,-0.687744140625,-0.592575609684,-0.318991869688,-0.224432930350,-0.182136520743,0.157352492213,0.317461282015,0.510599076748,0.657251298428,0.626642584801,0.775532126427,0.740760147572,0.556196510792,0.305619984865,-0.046142354608,-0.186511322856,-0.252493172884,-0.348040789366,-0.486775547266,-0.520762503147,-0.424476861954,-0.402624011040,-0.310462325811,-0.284046590328,-0.299337804317,-0.176126927137,-0.039195980877,0.139230906963,0.324020057917,0.433427542448,0.398460716009,0.396251201630,0.470894217491,0.397831857204,0.411972045898,0.420402497053,0.287311971188,0.221357539296,0.033211868256,-0.175211563706,-0.341142117977,-0.590861499310,-0.660193681717,-0.699850380421,-0.785841047764,-0.731894910336,-0.681886017323,-0.510125398636,-0.282632887363,-0.199016883969,-0.071585595608,0.023619901389,0.052840910852,0.123048663139,0.334561884403,0.537640035152,0.438008129597,0.465651839972,0.485622256994,0.188204541802,0.012262731791,-0.122354425490,-0.213051125407,-0.260978102684,-0.290731906891,-0.245785444975,-0.360214859247,-0.437521755695,-0.483326047659,-0.525058150291,-0.591529607773,-0.663970947266,-0.416958987713,-0.204821243882,-0.046071074903,0.150556698442,0.286914259195,0.547101020813,0.621552646160,0.535556256771,0.455983519554,0.441759854555,0.499741941690,0.318041414022,0.136941164732,-0.049760781229,-0.257408380508,-0.236976444721,-0.430374205112,-0.684367418289,-0.680847465992,-0.707139432430,-0.482199579477,-0.108141757548,-0.069278880954,0.017640206963,0.095710314810,0.100350931287,0.410696774721,0.549461066723,0.650777637959,0.837000191212,0.612972795963,0.451764672995,0.389821946621,0.213676497340,0.044369619340,-0.192446961999,-0.355672657490,-0.441239058971,-0.281515985727,-0.139136359096,-0.324269860983,-0.352764934301,-0.360282689333,-0.443106561899,-0.440026164055,-0.360225617886,-0.089174695313,0.051357451826,0.156528532505,0.311576753855,0.325814962387,0.418519616127,0.361797153950,0.312307775021,0.325450837612,0.072916820645,0.030327700078,-0.044545840472,-0.319921433926,-0.382720559835,-0.557340919971,-0.774292528629,-0.829457461834,-0.698601722717,-0.495775789022,-0.434233635664,-0.196456447244,-0.069386839867,-0.056224402040,0.125757113099,0.143339738250,0.296727925539,0.339406311512,0.296338200569,0.594201624393,0.679134845734,0.739625096321,0.639662861824,0.315314412117,0.214827001095,-0.066011875868,-0.172133922577,-0.072065897286,-0.176100522280,-0.223438739777,-0.251281797886,-0.262313693762,-0.279571294785,-0.222212985158,-0.279980123043,-0.343830138445,-0.050685200840,0.002984393155,0.102287754416,0.283748954535,0.219589859247,0.353824436665,0.229574695230,0.200077369809,0.414913117886,0.282692283392,0.362554907799,0.343888252974,0.059836164117,-0.024767171592,-0.231633648276,-0.503829181194,-0.577020108700,-0.585740804672,-0.633938729763,-0.495066553354,-0.327660560608,-0.279807746410,-0.046721793711,0.057676941156,0.080781854689,0.232782781124,0.263849198818,0.375746577978,0.502237439156,0.532589256763,0.533377408981,0.433968007565,0.328075230122,0.137782186270,-0.060889441520,-0.230299979448,-0.399112433195,-0.405270516872,-0.415792196989,-0.468832433224,-0.517773866653,-0.524779438972,-0.569127500057,-0.730880975723,-0.537457466125,-0.279924869537,-0.205600216985,0.104042910039,0.325099349022,0.548161089420,0.812386572361,0.793047606945,0.800886452198,0.640017867088,0.369116276503,0.391659766436,0.246732696891,-0.090297989547,-0.236676931381,-0.383212894201,-0.584565520287,-0.696628808975,-0.701088726521,-0.500090301037,-0.327340573072,-0.268205136061,-0.036179035902,0.172502756119,0.393466144800,0.612000167370,0.532753229141,0.547562539577,0.710597157478,0.799647569656,0.848950207233,0.724408030510,0.505775570869,0.238674789667,-0.016658149660,-0.190692782402,-0.412454009056,-0.597549855709,-0.651694774628,-0.597517967224,-0.522461652756,-0.450438678265,-0.421576052904,-0.460619390011,-0.435307890177,-0.433946818113,-0.350724697113,-0.159113794565,-0.111345671117,-0.023218277842,0.112913906574,0.177930861712,0.236176192760,0.249053120613,0.241228461266,0.129360184073,0.027882680297,0.078281916678,-0.035608161241,-0.289283335209,-0.413380891085,-0.562090396881,-0.784817099571,-0.853274345398,-0.833984494209,-0.736100256443,-0.401396512985,-0.214802950621,-0.141203120351,0.200628057122,0.304861366749,0.279387593269,0.585808753967,0.665739297867,0.573589622974,0.761585295200,0.822768449783,0.716564774513,0.665862619877,0.383064568043,0.079729542136,-0.034508049488,-0.178678154945,-0.217242375016,-0.291640162468,-0.397232681513,-0.337633907795,-0.342853009701,-0.273483663797,-0.233686596155,-0.225035890937,0.062791764736,0.250294983387,0.410557717085,0.578251898289,0.507841050625,0.593457818031,0.721432447433,0.682560980320,0.639791011810,0.461181581020,0.281320124865,0.221061661839,0.003760402557,-0.211668923497,-0.281170368195,-0.533862233162,-0.762095689774,-0.847860991955,-1.049862742424,-0.989665150642,-0.742674112320,-0.595431208611,-0.254736006260,-0.051621399820,-0.037693053484,0.152012079954,0.241537854075,0.338191598654,0.620005965233,0.706577062607,0.651987731457,0.730434358120,0.563610374928,0.219721496105,0.103788189590,-0.194786593318,-0.422725975513,-0.415247857571,-0.590050518513,-0.538166105747,-0.509419500828,-0.619254946709,-0.473217815161,-0.504170119762,-0.543870687485,-0.398877263069,-0.281376749277,-0.073125682771,0.096429131925,0.237155899405,0.406010448933,0.504144370556,0.539807796478,0.552786827087,0.545823454857,0.413940787315,0.255853623152,0.158384546638,0.008668931201,-0.248000979424,-0.368590801954,-0.356549769640,-0.634669423103,-0.731621444225,-0.476539969444,-0.516727328300,-0.421478778124,0.001892001834,0.085184529424,0.124553062022,0.442339539528,0.516541123390,0.508238494396,0.559898614883,0.482472151518,0.653527915478,0.740841507912,0.620603322983,0.596794068813,0.385198414326,0.234879270196,0.119017861784,-0.081604264677,-0.178010657430,-0.231210246682,-0.163296744227,-0.177281767130,-0.129055440426,-0.245786264539,-0.594422519207,-0.513374686241,-0.582696020603,-0.481009364128,0.016803879291,-0.043918993324,0.069361269474,0.378770589828,0.356345325708,0.536121964455,0.521538376808,0.275507897139,0.277553319931,0.158196941018,-0.028618266806,-0.066096171737,-0.252435266972,-0.506819844246,-0.693603157997,-0.889183938503,-0.897766232491,-0.841020941734,-0.814672291279,-0.529519319534,-0.300298750401,-0.195764064789,0.071659892797,0.159993469715,0.228436693549,0.443663567305,0.487321406603,0.692702531815,0.896675646305,0.777901947498,0.732843399048,0.566952347755,0.359001070261,0.254818618298,-0.170481309295,-0.332464367151,-0.139663115144,-0.241103082895,-0.152138695121,0.008689571172,-0.171436145902,-0.130653157830,-0.069149091840,-0.175230085850,-0.039461039007,0.130457073450,0.245580717921,0.395759850740,0.466583460569,0.566119313240,0.690360844135,0.631692290306,0.539916574955,0.546281814575,0.445007622242,0.367022454739,0.315973371267,0.068643949926,-0.156227380037,-0.322756141424,-0.500761985779,-0.677751779556,-0.812762856483,-0.674313902855,-0.579919993877,-0.555278062820,-0.292253434658,-0.216016367078,-0.241182118654,-0.213252797723,-0.218440055847,-0.035014893860,0.116372071207,0.320221722126,0.563565731049,0.495406180620,0.264749884605,0.177508905530,0.218822360039,-0.111923053861,-0.249200552702,-0.094277329743,-0.403039127588,-0.342429339886,-0.263716429472,-0.562077343464,-0.519424319267,-0.621142923832,-0.701942503452,-0.710910081863,-0.645791113377,-0.201715961099,0.040997996926,0.288688719273,0.534538149834,0.562540531158,0.637899756432,0.523410201073,0.409387230873,0.448891341686,0.428627610207,0.387465238571,0.306171178818,0.068457521498,-0.289456874132,-0.468472868204,-0.491029024124,-0.569004237652,-0.554131448269,-0.369403630495,-0.209601417184,-0.195837795734,-0.111880853772,0.059459086508,0.042493488640,0.166770741343,0.573491394520,0.767954766750,0.862174212933,0.936976730824,0.852804005146,0.814764857292,0.659210860729,0.481368213892,0.340720474720,-0.036590598524,-0.235104545951,-0.284063816071,-0.385729938745,-0.318311423063,-0.351345211267,-0.449974656105,-0.461536496878,-0.582680404186,-0.638022482395,-0.447104901075,-0.257052093744,-0.125646874309,0.125201940536,0.294757902622,0.422241777182,0.540035843849,0.351179897785,0.161199077964,0.141151741147,0.205684483051,0.272045522928,0.084224104881,-0.146457985044,-0.314883828163,-0.494188755751,-0.638137340546,-0.760669827461,-0.701468467712,-0.630013048649,-0.590433895588,-0.206971451640,0.075886741281,-0.094604514539,-0.043200217187,0.117330111563,-0.035631161183,0.133733704686,0.460077583790,0.343923747540,0.403822064400,0.706020355225,0.658224463463,0.550321578979,0.298451721668,-0.214364767075,-0.153530120850,-0.113246276975,-0.415502488613,-0.028867859393,0.001040408155,-0.307449042797,0.057748980820,-0.103438191116,-0.397257715464,-0.137492597103,-0.036046903580,0.050378337502,0.187166377902,0.279685050249,0.326563268900,0.423890084028,0.512943506241,0.479487657547,0.499615132809,0.339320152998,0.271573007107,0.359389662743,0.131318494678,-0.059880271554,-0.203876465559,-0.460088968277,-0.650979697704,-0.717482268810,-0.546284854412,-0.462037444115,-0.438590466976,-0.175557523966,0.021518083289,0.202235892415,0.329448372126,0.352489441633,0.433167964220,0.320038795471,0.352145284414,0.516620755196,0.437194615602,0.385241419077,0.199050277472,-0.061830490828,-0.286731839180,-0.478682130575,-0.432849496603,-0.453718572855,-0.443318575621,-0.322072565556,-0.264950722456,-0.245125919580,-0.322783917189,-0.334312468767,-0.441488981247,-0.408525645733,-0.107575841248,-0.031976342201,0.196777313948,0.422618150711,0.428811639547,0.505340218544,0.362767875195,0.276460915804,0.251249879599,0.096358157694,0.117745712399,0.096269585192,-0.029348347336,-0.122532933950,-0.196701571345,-0.264395564795,-0.247943550348,-0.103893533349,-0.028700884432,0.114898569882,0.200083896518,0.147531881928,0.295540452003,0.347824186087,0.329010218382,0.437448978424,0.444716572762,0.450181871653,0.446890503168,0.423891425133,0.384292930365,0.263170450926,0.164873793721,-0.019751576707,-0.173716261983,-0.221668615937,-0.300367802382,-0.236513957381,-0.148072943091,-0.190675452352,-0.196978434920,-0.117581844330,-0.163162514567,-0.384758144617,-0.478804856539,-0.413904160261,-0.245071008801,-0.166189536452,-0.247028604150,-0.122144110501,-0.035120092332,-0.060264661908,0.040693640709,0.042062059045,0.015934580937,0.044507779181,0.017443954945,-0.139096394181,-0.340740352869,-0.410541772842,-0.533187925816,-0.666606605053,-0.731501042843,-0.766497552395,-0.603514850140,-0.421039998531,-0.255926817656,-0.085389055312,-0.043269906193,0.055177986622,0.147454723716,0.239155486226,0.467700630426,0.605648875237,0.664374470711,0.702003657818,0.603996038437,0.568482220173,0.561794519424,0.216906636953,-0.097318641841,-0.084267072380,-0.194230452180,-0.291582167149,-0.232502520084,-0.274968087673,-0.281346142292,-0.286124885082,-0.347251176834,-0.390119224787,-0.359899282455,-0.111857242882,0.176928892732,0.431092739105,0.648003220558,0.675770580769,0.653539478779,0.648877143860,0.611780524254,0.590614140034,0.480333089828,0.192729592323,-0.035372566432,-0.132906675339,-0.272552281618,-0.402933210135,-0.557945728302,-0.736901283264,-0.760103523731,-0.629583656788,-0.395886331797,-0.112405620515,0.008420911618,0.051094703376,0.198134958744,0.186709150672,0.297906368971,0.479510277510,0.327400296926,0.455321192741,0.540990471840,0.435065478086,0.544611692429,0.264914005995,-0.001150427735,-0.159097060561,-0.502108454704,-0.472716331482,-0.429387748241,-0.492169260979,-0.448582172394,-0.428324759007,-0.413495421410,-0.496324092150,-0.517644584179,-0.439389050007,-0.220131859183,-0.049592372030,-0.040264535695,0.208453178406,0.276487827301,0.206331655383,0.341702610254,0.268728256226,0.135668903589,0.064487576485,0.019370071590,-0.038955751806,-0.142116963863,-0.112019896507,-0.283220976591,-0.549376547337,-0.655877351761,-0.802717447281,-0.692227780819,-0.412561863661,-0.221706196666,-0.024653451517,0.105729579926,0.274289786816,0.405613243580,0.489758342505,0.579734146595,0.616913378239,0.837792992592,0.912853837013,0.762698411942,0.666864871979,0.386137723923,0.221693828702,0.189876571298,0.001429359312,-0.148239731789,-0.310756087303,-0.358414471149,-0.296119302511,-0.340641051531,-0.361231297255,-0.309387266636,-0.321040213108,-0.382863700390,-0.172943279147,0.036966532469,0.128889113665,0.421992808580,0.418540328741,0.385922163725,0.508788526058,0.289845854044,0.283798754215,0.277794152498,0.015840195119,0.004856388085,-0.166443601251,-0.412636160851,-0.463083714247,-0.666164636612,-0.874025225639,-0.988398790359,-1.045221805573,-0.921281874180,-0.749687373638,-0.586920499802,-0.272775471210,-0.045616123825,-0.034643426538,0.079671874642,0.198377132416,0.361616849899,0.531850874424,0.456570178270,0.518127679825,0.520233094692,0.314967274666,0.183207184076,-0.063453592360,-0.195981025696,-0.228934124112,-0.243163272738,-0.112795554101,-0.111541263759,-0.124713659286,-0.103587970138,-0.066380284727,-0.036977943033,-0.108001619577,-0.053543511778,-0.009659811854,0.059801798314,0.208265990019,0.288287848234,0.411284863949,0.398286223412,0.419419497252,0.539411485195,0.488715469837,0.412607461214,0.288105994463,0.176798939705,0.013887451962,-0.177388072014,-0.288417428732,-0.539192974567,-0.587608397007,-0.609986245632,-0.707796752453,-0.541265845299,-0.514299929142,-0.377227634192,-0.180830657482,-0.105415873230,0.076184831560,0.029755799100,0.154359996319,0.320545107126,0.341250300407,0.569145262241,0.502234220505,0.450989753008,0.459494322538,0.112697198987,-0.166691929102,-0.363401412964,-0.475714206696,-0.417616903782,-0.338878303766,-0.419044911861,-0.536083281040,-0.557981729507,-0.679164171219,-0.670472204685,-0.643688261509,-0.610558688641,-0.330328106880,-0.103712663054,0.136165410280,0.249339476228,0.235373541713,0.389386802912,0.457903236151,0.445003300905,0.470719337463,0.494502276182,0.370548278093,0.217296510935,0.220622047782,0.004252038896,-0.313823431730,-0.481093734503,-0.705363333225,-0.849279880524,-0.712096631527,-0.444928705692,-0.236776679754,-0.103856392205,-0.078495487571,0.027999792248,0.281465977430,0.439831107855,0.625951290131,0.717565298080,0.697245061398,0.777912318707,0.691140949726,0.609233021736,0.592758834362,0.360527962446,0.125581085682,-0.060275122523,-0.176844462752,-0.158947020769,-0.156514644623,-0.229798093438,-0.330398321152,-0.412226438522,-0.558212697506,-0.568673491478,-0.433285325766,-0.317257523537,-0.051227591932,0.056648239493,0.167619362473,0.353178322315,0.239907398820,0.362525343895,0.355924516916,0.120141342282,0.237989574671,0.151405185461,0.014089010656,-0.050170943141,-0.196258574724,-0.209593102336,-0.420468091965,-0.663264811039,-0.778933107853,-0.756938576698,-0.572214841843,-0.519153356552,-0.429401844740,-0.294016659260,-0.151176273823,-0.027304381132,-0.004062231630,0.091822490096,0.170199930668,0.290103673935,0.425817668438,0.488037735224,0.550974071026,0.463305652142,0.229145511985,0.040120840073,-0.027258336544,-0.184248283505,-0.266442537308,-0.176032140851,-0.218730390072,-0.180012449622,-0.236828356981,-0.346757262945,-0.216852530837,-0.300506949425,-0.361267119646,-0.180910527706,0.047811083496,0.218529880047,0.195303633809,0.348071873188,0.469478368759,0.457064479589,0.544972598553,0.443098783493,0.450401932001,0.477391570807,0.294409364462,0.158420667052,-0.105242952704,-0.315873801708,-0.399299472570,-0.488191783428,-0.482176125050,-0.496434837580,-0.438898056746,-0.312974393368,-0.198692232370,-0.064058095217,0.015693714842,0.149251967669,0.252986729145,0.341971665621,0.472880780697,0.442474961281,0.449949383736,0.442334443331,0.403346598148,0.436411708593,0.172006234527,-0.143607422709,-0.382189840078,-0.571932613850,-0.450713634491,-0.400916904211,-0.379289060831,-0.354702532291,-0.504925727844,-0.426179736853,-0.381004571915,-0.423977732658,-0.348496764898,-0.345998674631,-0.121351577342,0.163240522146,0.259465306997,0.356600552797,0.368224829435,0.312015950680,0.255332618952,0.248134031892,0.267451703548,0.253083676100,0.246254831553,0.210823744535,0.078067265451,-0.141996040940,-0.284549325705,-0.360766351223,-0.359822154045,-0.229260936379,-0.148014292121,-0.102117769420,-0.037574313581,0.114699214697,0.248450204730,0.261855125427,0.380899906158,0.434892505407,0.488201975822,0.648377537727,0.621379494667,0.471046745777,0.187955722213,0.001308409730,-0.032589480281,-0.218153640628,-0.315991520882,-0.354300945997,-0.432796925306,-0.473225504160,-0.478669136763,-0.409928143024,-0.458672136068,-0.551349580288,-0.555917322636,-0.487009882927,-0.279611438513,-0.113722383976,-0.005445629358,0.110120527446,0.169994011521,0.303683102131,0.425695538521,0.425241738558,0.400123625994,0.281450480223,0.159883782268,0.091118991375,-0.078567020595,-0.260509192944,-0.406923979521,-0.567900538445,-0.701307713985,-0.786543190479,-0.768783211708,-0.619259178638,-0.430426895618,-0.247633740306,-0.043125875294,0.107012577355,0.207947224379,0.287416428328,0.308500498533,0.459107995033,0.660955548286,0.727323114872,0.769148290157,0.656960368156,0.446984946728,0.236942067742,-0.055331580341,-0.257505178452,-0.394145220518,-0.367444872856,-0.301587462425,-0.420865386724,-0.377116084099,-0.363320857286,-0.422567248344,-0.353810638189,-0.330915659666,-0.196473672986,-0.014576216228,0.184208333492,0.381995975971,0.441415220499,0.489134699106,0.471193522215,0.452530473471,0.416661322117,0.371346592903,0.258329004049,-0.007097126450,-0.117744803429,-0.278120160103,-0.391941547394,-0.431128978729,-0.745557308197,-0.849314093590,-0.729503214359,-0.518980264664,-0.289942115545,-0.219810575247,0.073727972806,0.281163781881,0.307256042957,0.438762575388,0.480536460876,0.601592302322,0.735434353352,0.756161510944,0.689834833145,0.479334890842,0.284256279469,0.075535073876,-0.137483209372,-0.326438546181,-0.464903533459,-0.513875424862,-0.544542431831,-0.463105738163,-0.422370254993,-0.423599064350,-0.327195525169,-0.358030438423,-0.397532999516,-0.299886435270,-0.172962933779,-0.014152771793,0.132910013199,0.263863295317,0.364474326372,0.426395416260,0.473629057407,0.439300417900,0.358130544424,0.223554521799,0.115822009742,0.111870624125,-0.049553453922,-0.273033261299,-0.457312017679,-0.720586299896,-0.813647866249,-0.779462456703,-0.743651211262,-0.556273162365,-0.283180266619,-0.018853815272,0.198653846979,0.274781018496,0.315524160862,0.467039853334,0.578458487988,0.674552142620,0.724531471729,0.704875171185,0.853510439396,0.776333749294,0.508959531784,0.414590775967,0.166624322534,-0.001114396029,-0.065076515079,-0.293016970158,-0.420921385288,-0.518377840519,-0.463233202696,-0.321762442589,-0.445602744818,-0.408282548189,-0.299392223358,-0.350682020187,-0.070346958935,0.162400856614,0.130013704300,0.380914896727,0.555181264877,0.489389061928,0.429426580667,0.224746078253,0.257480502129,0.379414170980,0.095256298780,-0.003664902644,-0.098335757852,-0.523103356361,-0.576809883118,-0.589623212814,-0.835652470589,-0.768728017807,-0.611317098141,-0.525457561016,-0.288141220808,0.013359258883,0.262713819742,0.437926560640,0.451109737158,0.441453367472,0.599145352840,0.702952742577,0.759064555168,0.792830169201,0.631046354771,0.427569955587,0.247945159674,0.151093840599,0.068606533110,-0.152318969369,-0.250621706247,-0.226560756564,-0.254905283451,-0.268013328314,-0.281929433346,-0.297642916441,-0.318483114243,-0.417330980301,-0.293368399143,0.063660413027,0.149064213037,0.283291846514,0.495311379433,0.422986447811,0.508097767830,0.586836397648,0.502078592777,0.424956321716,0.239991798997,0.134022191167,-0.022030618042,-0.201054021716,-0.317519843578,-0.573056936264,-0.808727502823,-0.945422351360,-0.899946808815,-0.844411551952,-0.741143524647,-0.388793915510,-0.266823440790,-0.114402942359,0.201609432697,0.246348172426,0.335743606091,0.487736761570,0.616812169552,0.721178889275,0.743477046490,0.735552430153,0.501560807228,0.265788584948,0.042813792825,-0.175441563129,-0.178164139390,-0.367968440056,-0.534457504749,-0.480629175901,-0.491410821676,-0.398310363293,-0.353678703308,-0.403388440609,-0.318149566650,-0.233071044087,-0.129718914628,0.129242122173,0.288398265839,0.298751711845,0.540299832821,0.638774991035,0.473944842815,0.579900026321,0.513052344322,0.298753201962,0.355012208223,0.218616351485,0.027610534802,-0.159590706229,-0.554022789001,-0.617641985416,-0.577382802963,-0.672939062119,-0.515208542347,-0.479169368744,-0.433306157589,-0.151032418013,-0.037407845259,0.108043953776,0.289529502392,0.352446198463,0.397963672876,0.494844228029,0.559844076633,0.508625566959,0.578958988190,0.495343446732,0.366054177284,0.354023814201,0.010613938794,-0.171872332692,-0.177871346474,-0.297627002001,-0.319154024124,-0.402711570263,-0.347671359777,-0.253887593746,-0.262821167707,-0.241281911731,-0.300943434238,-0.181501626968,-0.084232315421,-0.096735157073,0.079623028636,0.143185615540,0.165692061186,0.329800128937,0.493563205004,0.480140328407,0.304182738066,0.292252212763,0.226862207055,0.062771305442,0.066024594009,-0.065763734281,-0.339401066303,-0.591711401939,-0.790217101574,-0.794630765915,-0.799418509007,-0.725835144520,-0.409992396832,-0.258893638849,-0.104771748185,0.156987130642,0.117900602520,0.183145612478,0.429290831089,0.544232308865,0.748656868935,0.884655833244,0.832738697529,0.718901395798,0.531938195229,0.372390896082,0.203811585903,-0.015670798719,-0.147706374526,-0.162847697735,-0.197173446417,-0.245641320944,-0.273471534252,-0.423153996468,-0.519171833992,-0.458694905043,-0.465455383062,-0.422869294882,-0.240929797292,0.013616854325,0.164419889450,0.099995978177,0.328266710043,0.659624218941,0.571529805660,0.598347961903,0.632406115532,0.394327193499,0.291431874037,0.146679788828,-0.029269639403,-0.221542209387,-0.535118818283,-0.588478803635,-0.613976895809,-0.758225917816,-0.696222543716,-0.501871049404,-0.355244755745,-0.217853635550,0.060566369444,0.162980258465,0.145742923021,0.367201656103,0.405859798193,0.421080738306,0.577487528324,0.462049573660,0.348001480103,0.242575556040,0.023545702919,-0.109059661627,-0.245808959007,-0.247838348150,-0.235552459955,-0.347292363644,-0.305436402559,-0.296435564756,-0.344749897718,-0.407354086637,-0.538655042648,-0.460130482912,-0.363591283560,-0.337788224220,-0.114531092346,0.178437218070,0.363007217646,0.475081175566,0.593596577644,0.510865569115,0.395085096359,0.555032193661,0.568743824959,0.489469647408,0.461113363504,0.267729073763,0.117308057845,-0.030598087236,-0.228746771812,-0.345367819071,-0.345768451691,-0.188273817301,-0.050344023854,0.019468272105,0.032323487103,0.023798886687,0.138832673430,0.285034209490,0.333193629980,0.275853067636,0.312157154083,0.501663327217,0.622972309589,0.619030117989,0.531429708004,0.377484977245,0.108790218830,-0.081848151982,-0.134926617146,-0.310875356197,-0.430759876966,-0.524728357792,-0.664109528065,-0.621271491051,-0.562092125416,-0.592969417572,-0.722966849804,-0.787174224854,-0.624979972839,-0.395474404097,-0.181852281094,-0.118191480637,0.014387520961,0.217679113150,0.183412253857,0.221937358379,0.305598795414,0.249894782901,0.182075217366,0.099332958460,0.017456432804,-0.130251303315,-0.277810215950,-0.434717595577,-0.673618137836,-0.795590400696,-0.751185953617,-0.506303548813,-0.216851100326,-0.050599560142,0.155449017882,0.235023140907,0.225936114788,0.451147973537,0.618241190910,0.542954683304,0.582475006580,0.638919055462,0.564518451691,0.647636592388,0.625301718712,0.425360709429,0.295652568340,0.003804877866,-0.148945614696,-0.032936561853,-0.091586001217,-0.122188962996,-0.080222763121,-0.171656951308,-0.117438606918,-0.027169961482,-0.127674743533,-0.115141145885,0.036313757300,0.203800380230,0.386759817600,0.490781664848,0.578038692474,0.570852756500,0.370388448238,0.235280707479,0.137836501002,-0.055148836225,-0.118739455938,-0.197167873383,-0.420852601528,-0.518768072128,-0.598522841930,-0.655530631542,-0.626792132854,-0.708040475845,-0.630427598953,-0.418399870396,-0.363918632269,-0.221264243126,-0.012596509419,0.095908291638,0.167065575719,0.184454649687,0.262128680944,0.454430460930,0.574576020241,0.564675807953,0.493504017591,0.348781108856,0.170857340097,-0.091746203601,-0.336643695831,-0.406476080418,-0.614086151123,-0.675796926022,-0.538997590542,-0.638808965683,-0.502697885036,-0.402428060770,-0.508430778980,-0.387982159853,-0.420925706625,-0.344345539808,-0.036836624146,0.183411791921,0.342261075974,0.366920620203,0.431331694126,0.423101633787,0.444844335318,0.487348645926,0.267521619797,0.191380605102,0.046665310860,-0.162193357944,-0.104256592691,-0.297395825386,-0.608046412468,-0.656944990158,-0.640655279160,-0.586328148842,-0.390188962221,-0.129318654537,0.090954281390,0.255191683769,0.379284471273,0.521071612835,0.598224341869,0.617251813412,0.613413691521,0.612185001373,0.683030426502,0.602805078030,0.534127175808,0.454944461584,0.117113150656,-0.113718330860,-0.361820280552,-0.591855049133,-0.616156280041,-0.655842185020,-0.502464532852,-0.419022023678,-0.504035174847,-0.449078857899,-0.458056777716,-0.362192839384,-0.153466910124,-0.040922392160,0.118151001632,0.256602644920,0.305400252342,0.321449220181,0.396979629993,0.414872139692,0.307405441999,0.222426518798,0.017082052305,-0.128610327840,-0.187584906816,-0.433618098497,-0.598347067833,-0.711716055870,-0.835434019566,-0.856848120689,-0.826227486134,-0.597961783409,-0.368930667639,-0.218006864190,0.076899453998,0.356176644564,0.556009650230,0.655549526215,0.712100207806,0.825092196465,0.784402251244,0.793586969376,0.869379043579,0.635491847992,0.381611377001,0.202453047037,-0.006980426610,-0.142124518752,-0.347264736891,-0.368941545486,-0.204565048218,-0.254735797644,-0.239774763584,-0.148539692163,-0.102084584534,0.041822273284,0.045731071383,-0.013806352392,-0.015752021223,0.102678574622,0.333644837141,0.351134449244,0.405674844980,0.471127808094,0.369448274374,0.343047916889,0.217707917094,0.009206942283,-0.167127251625,-0.245560884476,-0.256174474955,-0.490813881159,-0.711046457291,-0.845348417759,-0.978105843067,-0.902807831764,-0.819905996323,-0.719751894474,-0.517717957497,-0.340029150248,-0.084130503237,0.100051060319,0.146306678653,0.250316441059,0.396630257368,0.454712629318,0.466012239456,0.505973815918,0.490263730288,0.490040302277,0.330937922001,0.002008492360,-0.121536031365,-0.252971261740,-0.418109923601,-0.442180305719,-0.478386372328,-0.457863837481,-0.369738429785,-0.305407136679,-0.318318217993,-0.375422894955,-0.326799988747,-0.149161607027,0.062836967409,0.192049548030,0.344312667847,0.478473186493,0.456404983997,0.466367185116,0.488273650408,0.442844331264,0.315040618181,0.150772899389,0.052934788167,-0.144538193941,-0.320546656847,-0.393891274929,-0.548535346985,-0.685264050961,-0.802820503712,-0.764646410942,-0.508377432823,-0.324377924204,-0.070620983839,0.176284343004,0.176955252886,0.319550663233,0.505069613457,0.451351732016,0.500179231167,0.570394158363,0.551848113537,0.644471108913,0.545736551285,0.332863897085,0.281491756439,0.086710989475,-0.153731837869,-0.303238660097,-0.474187821150,-0.568799138069,-0.570765793324,-0.479111045599,-0.494734376669,-0.601737320423,-0.497546613216,-0.411381632090,-0.447288751602,-0.336604326963,-0.134758397937,-0.013892794028,0.176806300879,0.400225520134,0.388952344656,0.332081615925,0.317348510027,0.292670428753,0.269772469997,0.123404264450,-0.021836394444,-0.197739034891,-0.420131564140,-0.587306261063,-0.709024071693,-0.731398046017,-0.813004970551,-0.755382537842,-0.564787089825,-0.528929710388,-0.374378263950,-0.214232519269,-0.112517096102,0.062724284828,0.128167301416,0.134148716927,0.216481477022,0.461718142033,0.625151872635,0.597890079021,0.588421523571,0.473545312881,0.303462713957,0.092721372843,-0.134299293160,-0.207121089101,-0.285335302353,-0.383735269308,-0.422420382500,-0.400054305792,-0.403954595327,-0.366731584072,-0.247401282191,-0.242745399475,-0.150511831045,-0.031398557127,0.106752671301,0.383512735367,0.579012393951,0.733148396015,0.642527759075,0.541762828827,0.578019440174,0.418074309826,0.455815434456,0.446145504713,0.145709976554,-0.033467471600,-0.235444426537,-0.466405868530,-0.657498240471,-0.821563899517,-0.870933055878,-0.795366108418,-0.643785238266,-0.607659220695,-0.430607289076,-0.019827935845,0.254529505968,0.375761747360,0.356598436832,0.419211268425,0.530168831348,0.432226419449,0.465805798769,0.459791868925,0.231225848198,0.032040171325,-0.222627416253,-0.327716082335,-0.436808586121,-0.592989683151,-0.499801576138,-0.553603291512,-0.427890151739,-0.293690294027,-0.605309784412,-0.611399948597,-0.586143076420,-0.518770754337,-0.203602612019,-0.153417468071,0.079985193908,0.377514958382,0.496658325195,0.549946367741,0.480176568031,0.601243019104,0.584225356579,0.530659675598,0.568363010883,0.421525627375,0.391272693872,0.151488199830,-0.110847190022,-0.237136483192,-0.510035634041,-0.524870634079,-0.564384043217,-0.478483378887,-0.227898910642,-0.179273828864,0.056400511414,0.120983690023,0.149269327521,0.296910613775,0.249780908227,0.410576909781,0.521280527115,0.663528263569,0.869943916798,0.743659079075,0.529089033604,0.063436955214,-0.230053663254,-0.221507251263,-0.387599140406,-0.346370726824,-0.400458842516,-0.540410935879,-0.422014802694,-0.488557696342,-0.540889143944,-0.491706907749,-0.558682501316,-0.529452085495,-0.365299403667,-0.278806060553,-0.277538627386,-0.129691511393,-0.004918861669,-0.005178445484,0.015161985531,-0.007560957223,0.028117028996,0.058609127998,-0.030709723011,-0.180170118809,-0.289371013641,-0.332453548908,-0.560415089130,-0.710716128349,-0.663657307625,-0.666715860367,-0.491797715425,-0.298433363438,-0.127201378345,0.181534469128,0.270134091377,0.231919273734,0.312992691994,0.321686059237,0.291812300682,0.406127810478,0.515604317188,0.562598526478,0.599040329456,0.499349653721,0.392738848925,0.218792006373,-0.087776824832,-0.170906439424,-0.188499674201,-0.231412202120,-0.149701833725,-0.129964515567,-0.123969867826,-0.089128613472,-0.095784701407,-0.201308950782,-0.293555170298,-0.223323315382,-0.129902079701,0.092137604952,0.238599672914,0.227324247360,0.358121126890,0.307245433331,0.212246268988,0.271870583296,0.298762738705,0.350909292698,0.194790616632,0.032578092068,-0.053453512490,-0.306737363338,-0.431133389473,-0.569009304047,-0.644919633865,-0.533660829067,-0.569770395756,-0.481806665659,-0.348827183247,-0.337915867567,-0.234488591552,-0.154722347856,-0.057370141149,-0.030680757016,-0.024425191805,0.164944872260,0.284372895956,0.370552241802,0.449978560209,0.355399787426,0.192886769772,0.025051219389,-0.172684639692,-0.400714308023,-0.459534317255,-0.396722167730,-0.445421099663,-0.380317926407,-0.368419587612,-0.553770303726,-0.543089926243,-0.480220675468,-0.435269981623,-0.223283097148,-0.032451625913,0.126542717218,0.308564752340,0.402734100819,0.411497920752,0.381074637175,0.344897389412,0.343248158693,0.361336529255,0.263471364975,0.096190683544,0.054608862847,-0.075491078198,-0.307132720947,-0.342543482780,-0.410090893507,-0.518298625946,-0.425040304661,-0.230106666684,0.074960149825,0.335985988379,0.418016731739,0.462420284748,0.498524725437,0.499392986298,0.460981756449,0.510795414448,0.573319494724,0.544318556786,0.482547014952,0.315420717001,0.154126703739,-0.011426834390,-0.195638984442,-0.325677216053,-0.375565350056,-0.281996548176,-0.364165484905,-0.371752142906,-0.164516568184,-0.263503730297,-0.384608119726,-0.458466708660,-0.467893749475,-0.228621795774,-0.131932169199,-0.000127513646,0.243471965194,0.335636734962,0.385017275810,0.326237410307,0.214925482869,0.166074946523,0.084216266870,-0.002579606604,-0.113652147353,-0.300151884556,-0.411526024342,-0.489539682865,-0.657354831696,-0.695816338062,-0.632949054241,-0.600538969040,-0.415321588516,-0.203723609447,-0.087795995176,0.081630103290,0.211414843798,0.252918750048,0.259818285704,0.409601330757,0.705030739307,0.721931636333,0.777904331684,0.964724004269,0.684173464775,0.521081745625,0.604218304157,0.170305520296,-0.120304390788,0.018415462226,-0.207148209214,-0.310345888138,-0.063129417598,-0.247748225927,-0.454802304506,-0.273734837770,-0.233137652278,-0.315128713846,-0.188859641552,-0.069605968893,0.007695758715,0.281036436558,0.389202386141,0.371186465025,0.470504701138,0.411804974079,0.423333257437,0.364430457354,0.090473257005,0.052312657237,-0.001280783908,-0.225723505020,-0.511202514172,-0.742810547352,-0.803119599819,-0.912054061890,-0.916921794415,-0.766579508781,-0.554165005684,-0.302769929171,-0.110994152725,0.166366025805,0.317265123129,0.337736725807,0.433614611626,0.488206416368,0.533690571785,0.510040044785,0.551705121994,0.507942020893,0.214500814676,0.074818946421,-0.151229351759,-0.418111652136,-0.494547158480,-0.640864610672,-0.623340070248,-0.559072434902,-0.507426083088,-0.315920263529,-0.291424483061,-0.211758166552,-0.015090661123,0.070341907442,0.186710655689,0.381759166718,0.554224073887,0.558421909809,0.571708917618,0.612747550011,0.581005930901,0.632157087326,0.533741176128,0.373558074236,0.255983173847,-0.095886878669,-0.354007214308,-0.374502182007,-0.429699987173,-0.486936450005,-0.564285278320,-0.682608127594,-0.598301708698,-0.327973306179,-0.091982930899,0.084679707885,0.205137357116,0.306858509779,0.333764880896,0.356339365244,0.433876216412,0.396335154772,0.406568288803,0.489890366793,0.529472589493,0.531567156315,0.412109136581,0.153735697269,-0.115858435631,-0.165081262589,-0.364561259747,-0.556666254997,-0.296680122614,-0.364696741104,-0.439184635878,-0.172975525260,-0.203549101949,-0.167981490493,-0.189998134971,-0.257111072540,-0.056747175753,-0.016823176295,0.128564745188,0.339839637280,0.341037780046,0.357120990753,0.374425351620,0.268656164408,0.111143857241,0.187133610249,0.032431941479,-0.168312430382,-0.174319431186,-0.623995065689,-0.624717652798,-0.562250256538,-0.913010478020,-0.624505639076,-0.637935221195,-0.651870965958,-0.144752755761,-0.096159867942,0.114655569196,0.297193408012,0.182575047016,0.358102947474,0.440774798393,0.503813683987,0.629419684410,0.607214272022,0.514860570431,0.292133748531,0.036242380738,-0.139514535666,-0.317714035511,-0.537051796913,-0.538878679276,-0.371149301529,-0.341057389975,-0.204495444894,-0.086517199874,-0.228437110782,-0.272080689669,-0.294109284878,-0.256761878729,0.050399146974,0.277868390083,0.444173097610,0.522959351540,0.473717689514,0.590982794762,0.592739880085,0.638644456863,0.833237648010,0.609450638294,0.370392620564,0.310993820429,0.095423355699,-0.094968937337,-0.324817687273,-0.533927083015,-0.626804888248,-0.697322130203,-0.613837122917,-0.523016691208,-0.436964124441,-0.221073240042,0.029785491526,0.224601164460,0.319159388542,0.428592711687,0.446179002523,0.464843869209,0.663491666317,0.642085909843,0.482138395309,0.425507634878,0.324611425400,0.159245774150,-0.137584671378,-0.399435341358,-0.544064521790,-0.568152546883,-0.395776212215,-0.384027332067,-0.415056616068,-0.420743942261,-0.550134539604,-0.492230296135,-0.529595732689,-0.486796855927,-0.131206378341,0.018696563318,0.220819473267,0.386209905148,0.447904139757,0.645185112953,0.599364876747,0.674399733543,0.731217324734,0.491844385862,0.550559639931,0.535350441933,0.300295054913,0.066131599247,-0.207071602345,-0.403625667095,-0.567781627178,-0.515564203262,-0.522737801075,-0.485059767962,-0.132897213101,-0.065326027572,0.052143562585,0.231301963329,0.180208534002,0.356916576624,0.436970889568,0.544291973114,0.839261174202,0.826020300388,0.782931268215,0.704719483852,0.469321399927,0.186307325959,-0.221105799079,-0.424528777599,-0.498233407736,-0.630863904953,-0.633255183697,-0.554881751537,-0.517973184586,-0.523842871189,-0.369550853968,-0.344446361065,-0.471086442471,-0.279681652784,-0.118073701859,0.115257851779,0.385549992323,0.370564162731,0.507716894150,0.459227442741,0.345250666142,0.432636737823,0.199965715408,0.105369426310,0.137851104140,-0.026111617684,-0.188430935144,-0.432258874178,-0.587308466434,-0.676259875298,-0.682983934879,-0.584343135357,-0.533953130245,-0.346460759640,-0.118287861347,0.066641703248,0.196545198560,0.264709979296,0.315042436123,0.303756952286,0.511016190052,0.725536227226,0.657567799091,0.602490365505,0.540684998035,0.443330973387,0.334848016500,0.174996152520,0.007233170327,-0.277878969908,-0.424142956734,-0.225671112537,-0.167293176055,-0.273358255625,-0.192252442241,-0.294552773237,-0.524045825005,-0.390840590000,-0.341950684786,-0.308063715696,0.017384395003,0.163937196136,0.400419116020,0.614587008953,0.391038030386,0.449595957994,0.659171879292,0.374719977379,0.273944437504,0.441832184792,0.131476745009,-0.070787459612,-0.127642020583,-0.537126004696,-0.568577945232,-0.510230183601,-0.687334358692,-0.546230614185,-0.392480909824,-0.255903720856,0.024862393737,0.118041098118,0.127378866076,0.244718134403,0.378018021584,0.496597349644,0.558212339878,0.577780663967,0.624090909958,0.666889190674,0.539116203785,0.254132628441,0.151851713657,0.026409788057,-0.307923495770,-0.471936106682,-0.530602216721,-0.500083446503,-0.390227675438,-0.438347876072,-0.363232284784,-0.248952522874,-0.356765776873,-0.370921671391,-0.285161346197,-0.182291671634,-0.061250843108,0.063476391137,0.357727676630,0.491515994072,0.402479171753,0.438792496920,0.343280732632,0.214521169662,0.184585213661,0.018171200529,-0.092329874635,-0.243796333671,-0.485642582178,-0.627966701984,-0.769713044167,-0.809614062309,-0.751262426376,-0.597687602043,-0.278451353312,0.016501378268,0.254864811897,0.442245334387,0.463647514582,0.369795203209,0.427509397268,0.515480577946,0.510473489761,0.715071320534,0.771221697330,0.533657491207,0.345257341862,0.039103914052,-0.208050757647,-0.352987974882,-0.530682682991,-0.446186184883,-0.361302107573,-0.433101028204,-0.356638193130,-0.286663502455,-0.369900196791,-0.367978334427,-0.202421486378,-0.147462680936,-0.059969294816,0.253265976906,0.367527008057,0.415472120047,0.476299911737,0.308262944221,0.394386291504,0.492553234100,0.299435973167,0.247987404466,0.042784985155,-0.233692169189,-0.210040330887,-0.194287002087,-0.366997689009,-0.590521931648,-0.535857915878,-0.509806632996,-0.549761056900,-0.219974756241,-0.089981153607,0.004505141638,0.255522936583,0.322247356176,0.580896317959,0.581030488014,0.466947823763,0.643822908401,0.563189148903,0.636750757694,0.734994709492,0.512491285801,0.364032030106,0.146733090281,-0.087856709957,-0.303852826357,-0.439005076885,-0.415316462517,-0.449023365974,-0.353955149651,-0.305057942867,-0.366837263107,-0.357817381620,-0.428285866976,-0.310649305582,-0.107912547886,0.093343302608,0.350310385227,0.370327115059,0.508757352829,0.583717703819,0.385051339865,0.349552869797,0.165846079588,-0.054437167943,-0.132456123829,-0.354093551636,-0.546967864037,-0.708717823029,-0.841611742973,-0.974332392216,-1.002117633820,-0.829036235809,-0.783079147339,-0.546062648296,-0.140382468700,0.100581489503,0.344944149256,0.415313631296,0.468689471483,0.544707238674,0.511877715588,0.534252405167,0.549154639244,0.618554413319,0.542642176151,0.422118365765,0.296101719141,-0.086615167558,-0.278126299381,-0.424616366625,-0.538567125797,-0.463390439749,-0.530137538910,-0.427871733904,-0.263028740883,-0.225595667958,-0.131570786238,-0.018982624635,0.120407134295,0.215772122145,0.361221134663,0.452759385109,0.519226789474,0.607390701771,0.517956972122,0.554711759090,0.529174745083,0.330104500055,0.268972009420,0.149548530579,-0.040154188871,-0.228301718831,-0.352749496698,-0.428785294294,-0.571947276592,-0.723496437073,-0.733243167400,-0.543895900249,-0.425155639648,-0.263626813889,-0.042006008327,0.152365982533,0.420652836561,0.393896311522,0.358489155769,0.405150800943,0.274591982365,0.353328675032,0.400975435972,0.352422088385,0.309517145157,0.021338390186,-0.223093166947,-0.344406038523,-0.520847141743,-0.600806653500,-0.489905804396,-0.470949798822,-0.495570451021,-0.335047632456,-0.330672353506,-0.316989898682,-0.217721000314,-0.309670537710,-0.168502032757,0.030661549419,0.085495486856,0.330416232347,0.461308747530,0.415384799242,0.436609268188,0.451022267342,0.361930578947,0.228805109859,0.149842068553,0.026756383479,-0.133837118745,-0.369329094887,-0.604806244373,-0.652945399284,-0.721096217632,-0.720318555832,-0.681299626827,-0.738582313061,-0.464918941259,-0.095942050219,0.033740978688,0.138988792896,0.164369314909,0.256302863359,0.491170614958,0.618236005306,0.697827041149,0.767194330692,0.697314798832,0.584934890270,0.456959426403,0.251320093870,0.118867076933,-0.055367279798,-0.265248507261,-0.360999494791,-0.512459754944,-0.526095867157,-0.448446780443,-0.432982891798,-0.333601415157,-0.350275248289,-0.302381366491,-0.198707371950,-0.181658446789,0.083897255361,0.260682523251,0.322171002626,0.476982504129,0.425429880619,0.441685646772,0.477261692286,0.371007084846,0.359921097755,0.198422640562,-0.040610823780,-0.176652178168,-0.330066114664,-0.461905449629,-0.637089490891,-0.851654589176,-0.931968510151,-0.873769342899,-0.771696448326,-0.492195725441,-0.164293199778,-0.033020615578,0.004675166216,0.003957540728,0.150812774897,0.327157020569,0.431045532227,0.543183922768,0.441500216722,0.487175345421,0.582240641117,0.305791646242,0.048855643719,-0.172443807125,-0.388995021582,-0.454750001431,-0.469974040985,-0.497861802578,-0.538111805916,-0.507101655006,-0.382711708546,-0.229834854603,-0.185901358724,-0.135810494423,-0.010677826591,0.106487855315,0.331978231668,0.422037929296,0.450059503317,0.637637197971,0.702905893326,0.769001066685,0.794610023499,0.596213340759,0.474636614323,0.402743041515,0.198142379522,-0.060194056481,-0.312964797020,-0.482821881771,-0.596466720104,-0.720748662949,-0.732713103294,-0.644144237041,-0.463700294495,-0.214030206203,-0.107769101858,0.001552765607,0.176933616400,0.310953795910,0.446247607470,0.492927879095,0.516360521317,0.511469900608,0.597148180008,0.643839120865,0.254395961761,-0.026070099324,-0.165250048041,-0.463523954153,-0.557566344738,-0.669439554214,-0.762543797493,-0.641330420971,-0.603582739830,-0.542926311493,-0.463056325912,-0.486703425646,-0.458327382803,-0.324617207050,-0.256223291159,-0.195175185800,0.088467732072,0.236115634441,0.337764918804,0.459118485451,0.298875898123,0.337043732405,0.265578299761,0.112548962235,0.187197595835,-0.040861513466,-0.112225413322,-0.252453804016,-0.540528357029,-0.472479552031,-0.628073334694,-0.720899879932,-0.626278102398,-0.538764297962,-0.302959859371,-0.172103986144,0.013276326470,0.202928662300,0.368002742529,0.415163069963,0.318420499563,0.436919361353,0.492200970650,0.674160540104,0.806946873665,0.626907706261,0.552118122578,0.230752587318,0.025457492098,-0.002971667098,-0.247033029795,-0.251009941101,-0.293763190508,-0.330583631992,-0.261424630880,-0.338937968016,-0.314464658499,-0.373828440905,-0.418182581663,-0.337716281414,-0.271429657936,-0.031256772578,0.160657688975,0.279553979635,0.385210573673,0.326557993889,0.320380836725,0.329032689333,0.212384164333,0.202045068145,0.227653861046,0.015248290263,-0.216771602631,-0.375470489264,-0.577307164669,-0.643554329872,-0.621322572231,-0.684120476246,-0.736521005630,-0.559194624424,-0.318167388439,-0.198730692267,0.040126368403,0.164172887802,0.093193508685,0.201514735818,0.346731394529,0.483230859041,0.635298669338,0.613361179829,0.576625704765,0.529553115368,0.352062225342,0.149942234159,-0.164034292102,-0.440271228552,-0.540238022804,-0.632539153099,-0.566537022591,-0.463013350964,-0.512331604958,-0.504766821861,-0.507800459862,-0.517011165619,-0.455143481493,-0.393917083740,-0.191012725234,0.118176996708,0.280014395714,0.330332815647,0.417920768261,0.437476485968,0.446350663900,0.460098534822,0.372203707695,0.421867251396,0.359570145607,0.062199022621,-0.112413652241,-0.283732205629,-0.472567468882,-0.623574912548,-0.599637746811,-0.455311894417,-0.479158401489,-0.386420011520,-0.259032666683,-0.222794100642,-0.047557476908,0.073301024735,0.149445459247,0.230685219169,0.280255198479,0.381298542023,0.477390974760,0.610556066036,0.583947420120,0.378052979708,0.264345496893,0.022271635011,-0.204887896776,-0.274778068066,-0.440625280142,-0.454486221075,-0.409054338932,-0.427448183298,-0.360036432743,-0.396300882101,-0.455164641142,-0.520178258419,-0.461761683226,-0.257524073124,-0.146212548018,0.112239971757,0.267200887203,0.288830578327,0.346909940243,0.264305204153,0.353428244591,0.340431272984,0.259488821030,0.267267286777,0.000135195791,-0.078749321401,-0.171223104000,-0.401158183813,-0.501999557018,-0.782379329205,-0.806729674339,-0.616379618645,-0.481741786003,-0.289241671562,-0.156544163823,0.104724928737,0.243919134140,0.313046544790,0.467633634806,0.524142086506,0.729127585888,0.823717892170,0.899952471256,0.940662384033,0.687317013741,0.611228048801,0.414977520704,0.112968482077,-0.080277726054,-0.349448949099,-0.392517387867,-0.402621358633,-0.388836652040,-0.347985953093,-0.370501101017,-0.267604410648,-0.293124169111,-0.245514571667,-0.144634529948,-0.114124633372,0.131821617484,0.287277489901,0.346879780293,0.423671633005,0.398074865341,0.338334858418,0.211263909936,0.082351692021,-0.079479448497,-0.265753149986,-0.288567274809,-0.386498779058,-0.699753463268,-0.905207037926,-1.015629291534,-1.054208278656,-0.878674447536,-0.722571611404,-0.574630141258,-0.317329496145,-0.108271181583,0.094434261322,0.246187344193,0.267827600241,0.326782137156,0.431593596935,0.496192365885,0.513535559177,0.509290575981,0.483400344849,0.275805920362,0.044697139412,-0.061638221145,-0.306032776833,-0.455782532692,-0.386875778437,-0.317635357380,-0.191722750664,-0.175082713366,-0.139150500298,-0.045789610595,-0.099383510649,-0.041548013687,-0.035021156073,-0.035967934877,0.142246261239,0.275533109903,0.467639148235,0.538945078850,0.517295956612,0.608795881271,0.547293305397,0.445344626904,0.423306852579,0.336698979139,0.200866639614,0.024634284899,-0.232408300042,-0.371820807457,-0.396634012461,-0.511724948883,-0.446103036404,-0.320373654366,-0.251963615417,-0.054561246186,0.046279314905,0.251053065062,0.402793020010,0.307466834784,0.397481262684,0.431136429310,0.427520990372,0.544937133789,0.522067725658,0.438794642687,0.343123048544,0.161091253161,-0.136842891574,-0.307511866093,-0.390293955803,-0.577849090099,-0.572169899940,-0.560752928257,-0.581676840782,-0.464700013399,-0.479018121958,-0.472975492477,-0.466697782278,-0.493719935417,-0.330479294062,-0.169031262398,0.007371252868,0.200742021203,0.279390543699,0.337951272726,0.365314662457,0.373095452785,0.373878687620,0.388488948345,0.276709288359,-0.080108538270,-0.288898825645,-0.355621606112,-0.561727344990,-0.676850259304,-0.722518801689,-0.858042716980,-0.854156613350,-0.691874265671,-0.472661763430,-0.198281779885,0.013091723435,0.168565690517,0.319389015436,0.400960147381,0.402127414942,0.581649959087,0.823224246502,0.728091359138,0.768060982227,0.828693866730,0.500096142292,0.422311067581,0.273160636425,-0.197837755084,-0.296885579824,-0.310141801834,-0.451955437660,-0.425724983215,-0.310849308968,-0.214657306671,-0.190117016435,-0.202460259199,-0.141991302371,-0.015998959541,0.136712104082,0.308829784393,0.451982557774,0.527487695217,0.488944441080,0.467868447304,0.513327479362,0.364380925894,0.252929896116,0.216284900904,0.021512262523,-0.041277702898,-0.251261115074,-0.596301674843,-0.630076706409,-0.794616281986,-0.944240987301,-0.777344942093,-0.677814185619,-0.576118528843,-0.376232802868,-0.088218197227,0.210617378354,0.284385025501,0.231739476323,0.259894818068,0.361661821604,0.421525746584,0.546884477139,0.613067328930,0.423624217510,0.271117538214,0.067382745445,-0.196951642632,-0.348074913025,-0.593889772892,-0.674675285816,-0.548501312733,-0.439250081778,-0.272389978170,-0.205790191889,-0.176947131753,-0.222226619720,-0.324045866728,-0.214675992727,-0.044619973749,0.134581625462,0.375593692064,0.702041625977,0.924951136112,0.969793081284,0.995117664337,0.830520272255,0.724307000637,0.721030354500,0.596243500710,0.468691676855,0.242748320103,0.025316748768,-0.279102742672,-0.570670068264,-0.505115270615,-0.598890125751,-0.744938492775,-0.450574964285,-0.249283403158,-0.207180798054,0.204954206944,0.521919846535,0.403273761272,0.453236103058,0.605039298534,0.664936423302,0.812287569046,0.819480419159,0.754471600056,0.589586555958,0.187075823545,-0.054205011576,-0.264365494251,-0.619526743889,-0.694818317890,-0.686626911163,-0.823765993118,-0.714906215668,-0.525640010834,-0.475024223328,-0.387712627649,-0.411771565676,-0.507861673832,-0.384838014841,-0.074595749378,0.060334485024,0.133436605334,0.396345585585,0.348241776228,0.310723513365,0.508726000786,0.278298556805,0.181666240096,0.258866369724,0.032041382045,-0.043077521026,-0.230252474546,-0.493183225393,-0.522415339947,-0.709137916565,-0.809034883976,-0.637522459030,-0.466245949268,-0.298069864511,-0.068271644413,0.209074035287,0.345091551542,0.313376843929,0.392072051764,0.573548495770,0.574756383896,0.584641218185,0.718947410583,0.624395132065,0.551674008369,0.528814435005,0.311694443226,0.211289048195,0.020557858050,-0.153538197279,-0.134049221873,-0.262492626905,-0.257448017597,-0.319409579039,-0.395116388798,-0.099275842309,-0.110479764640,-0.302943885326,-0.174583315849,-0.060030054301,0.023857016116,0.206953138113,0.357548505068,0.509218573570,0.621428310871,0.554005324841,0.519466757774,0.452951252460,0.283710956573,0.298734158278,0.210552215576,-0.007980030961,-0.141958653927,-0.396400123835,-0.564678728580,-0.619795322418,-0.671856880188,-0.637535154819,-0.644243717194,-0.475240319967,-0.150272384286,-0.022558454424,0.066998429596,0.230178311467,0.263712912798,0.325447648764,0.562752544880,0.629992842674,0.652066588402,0.734325826168,0.591453075409,0.411486595869,0.170564368367,-0.136924147606,-0.227559939027,-0.345184326172,-0.615140318871,-0.537293016911,-0.318634241819,-0.416056007147,-0.250963866711,-0.301056057215,-0.705597937107,-0.374684005976,-0.120169132948,-0.148573040962,0.022926244885,0.106511890888,0.419165343046,0.558688044548,0.599728703499,0.633662104607,0.363865584135,0.482088536024,0.457520723343,0.168762922287,0.204604774714,0.015407368541,-0.248517438769,-0.373753607273,-0.544669032097,-0.588310599327,-0.489408731461,-0.341955810785,-0.141164645553,0.090838976204,0.139854416251,0.218973428011,0.449440509081,0.504690051079,0.462514191866,0.361790239811,0.481812596321,0.760931909084,0.663255393505,0.626844406128,0.564291298389,0.237429872155,0.179680794477,0.032459605485,-0.225202336907,-0.242539972067,-0.342499166727,-0.308784484863,-0.186406612396,-0.320115298033,-0.391065657139,-0.434067457914,-0.465841472149,-0.278078556061,-0.192674294114,-0.157828554511,0.046622876078,0.160209864378,0.279039651155,0.435306459665,0.314355105162,0.121883623302,0.097679771483,0.083962380886,0.048980027437,-0.028015023097,-0.241089358926,-0.385540723801,-0.410981029272,-0.579959690571,-0.725314378738,-0.754545927048,-0.755201876163,-0.507569134235,-0.251567006111,-0.209553301334,-0.051080182195,0.278113633394,0.432661652565,0.360213190317,0.559005320072,0.819029510021,0.734428584576,0.886052668095,1.130874156952,0.924385547638,0.692896962166,0.526294112206,0.149843886495,-0.098631531000,-0.211676716805,-0.396398991346,-0.330338001251,-0.306290566921,-0.394767194986,-0.137405201793,-0.190034285188,-0.462095558643,-0.205029577017,-0.103008046746,-0.190233230591,0.091051414609,0.286199212074,0.415306746960,0.690948724747,0.775202214718,0.681273519993,0.531080126762,0.327107965946,0.154101967812,-0.023463254794,-0.228450909257,-0.302548974752,-0.421503067017,-0.688913404942,-0.694103538990,-0.693716883659,-0.816884636879,-0.588225007057,-0.373868703842,-0.278776496649,-0.006144226063,0.162576988339,0.242174670100,0.325992375612,0.342226684093,0.350512474775,0.338744193316,0.351359486580,0.438618272543,0.499745368958,0.359277278185,0.147057130933,-0.088630937040,-0.432712763548,-0.479054450989,-0.407371461391,-0.431604146957,-0.201193213463,-0.184913814068,-0.264981329441,-0.031520880759,-0.135400637984,-0.293654680252,-0.129058435559,0.014528067783,0.258651733398,0.381602227688,0.384208202362,0.460666686296,0.456306368113,0.535938918591,0.440085202456,0.325325876474,0.414041727781,0.204322174191,0.103096708655,0.063901983202,-0.214100539684,-0.289523601532,-0.433494240046,-0.596513628960,-0.604011416435,-0.582691013813,-0.398370116949,-0.265580594540,-0.069253705442,0.149561181664,0.209858700633,0.322174340487,0.400108158588,0.540545344353,0.641050219536,0.683189690113,0.822412610054,0.726320087910,0.525844693184,0.334992170334,0.058501016349,-0.142196550965,-0.301980257034,-0.447676658630,-0.517966568470,-0.502400755882,-0.454986304045,-0.289001345634,-0.143589213490,-0.259276628494,-0.260886758566,-0.140535250306,-0.144617781043,-0.022835778072,0.189482644200,0.234824404120,0.273976981640,0.392972588539,0.400830417871,0.442419379950,0.375478088856,0.176869109273,0.195144355297,0.016448952258,-0.276504814625,-0.411779254675,-0.668244719505,-0.896616160870,-1.015781164169,-0.971925437450,-0.877163410187,-0.715671062469,-0.364541292191,-0.130734711885,0.142102554440,0.327124089003,0.324495077133,0.392330765724,0.414929449558,0.593767642975,0.666200697422,0.562229752541,0.621928393841,0.516862392426,0.403261125088,0.267092168331,-0.116872057319,-0.421415060759,-0.546507358551,-0.479450792074,-0.340976387262,-0.236236095428,-0.229800790548,-0.234948962927,-0.015313627198,0.075144805014,0.095996521413,0.213094279170,0.149069041014,0.261733174324,0.525384902954,0.597242355347,0.610373556614,0.566063106060,0.509349703789,0.433380186558,0.341837346554,0.250257194042,0.067237474024,-0.068252913654,-0.168452411890,-0.309191793203,-0.506387352943,-0.693373262882,-0.708925604820,-0.686637878418,-0.553315281868,-0.345222890377,-0.226696178317,0.043498039246,0.246927008033,0.299435198307,0.415033578873,0.382857829332,0.393431484699,0.545041322708,0.544832408428,0.518099844456,0.444110482931,0.231092676520,0.094360344112,-0.147139146924,-0.487832337618,-0.546870708466,-0.529686629772,-0.492718964815,-0.423495054245,-0.504886984825,-0.456115722656,-0.350128412247,-0.371722459793,-0.437239021063,-0.437380284071,-0.187654212117,0.043732054532,0.207930088043,0.431322067976,0.567299067974,0.679898023605,0.701865255833,0.617933928967,0.581144273281,0.586383640766,0.488564908504,0.259621858597,0.087505765259,-0.167697623372,-0.478700131178,-0.509118437767,-0.569639682770,-0.793626129627,-0.748505234718,-0.558322668076,-0.312493920326,-0.008713911287,0.029601305723,0.081962257624,0.222137361765,0.305369675159,0.418343752623,0.374048978090,0.454610049725,0.656805872917,0.673911750317,0.522611200809,0.192184284329,-0.041040066630,-0.169626161456,-0.253394514322,-0.357936143875,-0.463632404804,-0.440938591957,-0.559208214283,-0.465368121862,-0.298911303282,-0.419215351343,-0.328010112047,-0.313559323549,-0.279032945633,0.024332813919,0.112593255937,0.267474204302,0.439652889967,0.308854341507,0.319466412067,0.376047700644,0.188720971346,0.123570896685,0.131406992674,0.015889719129,0.007498113904,-0.109978236258,-0.353434413671,-0.437176704407,-0.597011327744,-0.652482688427,-0.498935461044,-0.513439178467,-0.342435777187,-0.071288019419,-0.149254590273,0.044829804450,0.370227038860,0.333543688059,0.405837088823,0.402655184269,0.356675833464,0.601935386658,0.681981325150,0.637298822403,0.520172894001,0.207881763577,-0.039213899523,-0.217708319426,-0.354023754597,-0.398220300674,-0.286005645990,-0.261562526226,-0.387731939554,-0.300746321678,-0.355214208364,-0.468486279249,-0.354758888483,-0.352373808622,-0.265695869923,-0.182184770703,-0.040814071894,0.318206787109,0.395410418510,0.418298333883,0.495866596699,0.434967637062,0.435559660196,0.399073243141,0.309987157583,0.217499390244,0.020343123004,-0.216102808714,-0.380919724703,-0.526948332787,-0.621707379818,-0.667167365551,-0.747921288013,-0.608478844166,-0.412469774485,-0.333760470152,-0.105071924627,-0.000395488547,-0.044261448085,0.069864816964,0.231285452843,0.360336005688,0.562579154968,0.795051813126,0.815326035023,0.631848335266,0.387634903193,0.260191470385,0.140940085053,-0.199647486210,-0.411952406168,-0.453002005816,-0.391912013292,-0.324857622385,-0.424210667610,-0.350241541862,-0.346571505070,-0.493793994188,-0.487753033638,-0.427217841148,-0.209671393037,0.013483175077,0.210324779153,0.358995527029,0.382027477026,0.420617282391,0.307652890682,0.321816205978,0.372640609741,0.238412722945,0.255705475807,0.096161372960,-0.166981607676,-0.309313118458,-0.647902607918,-0.913993835449,-0.906495571136,-0.918753683567,-0.815478384495,-0.505477249622,-0.333899796009,-0.058147877455,0.219808772206,0.169502049685,0.260348021984,0.366096675396,0.414670139551,0.564769506454,0.563183069229,0.566389024258,0.561890900135,0.450061976910,0.190617606044,-0.144749388099,-0.236725151539,-0.296967983246,-0.306224673986,-0.202403008938,-0.282371371984,-0.348872244358,-0.315889626741,-0.307265549898,-0.333667397499,-0.379144310951,-0.381035923958,-0.303422838449,-0.109509706497,0.034207802266,0.165651053190,0.329788029194,0.346188962460,0.423227638006,0.442505210638,0.254792630672,0.251964151859,0.302039653063,0.226512417197,0.170233577490,-0.078515335917,-0.457375049591,-0.596047222614,-0.651326000690,-0.681729435921,-0.491888612509,-0.442843884230,-0.430717349052,-0.110755726695,0.067668423057,0.186657071114,0.346318811178,0.365359604359,0.529815137386,0.629397273064,0.714431345463,0.949371099472,0.865596413612,0.627655804157,0.482716768980,0.302817314863,0.126633182168,-0.060204695910,-0.261563420296,-0.329239726067,-0.254648149014,-0.295408636332,-0.337370157242,-0.318801313639,-0.410488724709,-0.417036801577,-0.466908425093,-0.472703158855,-0.227793604136,-0.099250584841,0.023203561082,0.159860521555,0.085752740502,0.048223938793,0.054102577269,-0.002655031392,-0.061700761318,-0.126855254173,-0.136543154716,-0.208540022373,-0.414834678173,-0.581872224808,-0.711979866028,-0.773366868496,-0.767070114613,-0.704184293747,-0.553002476692,-0.418998032808,-0.219665363431,-0.006685771514,0.118273995817,0.209253132343,0.235676795244,0.214046418667,0.206321120262,0.276062399149,0.322278410196,0.446574896574,0.588544666767,0.440240204334,0.315252333879,0.198973357677,-0.040988866240,-0.126857936382,-0.157832264900,-0.193376928568,-0.196618035436,-0.115427561104,-0.034933429211,-0.029197996482,0.003151855199,-0.149944797158,-0.246600925922,-0.159140482545,-0.049246121198,0.234776303172,0.395302265882,0.477488040924,0.536931633949,0.405625462532,0.400800526142,0.400137573481,0.268904626369,0.218458443880,0.157242566347,-0.006458124612,-0.093198284507,-0.200776278973,-0.481947869062,-0.641592204571,-0.668535470963,-0.642471253872,-0.487869262695,-0.344566404819,-0.269948542118,-0.183645352721,-0.058745324612,-0.008442482911,0.041547417641,0.116901665926,0.159421086311,0.386252343655,0.619201064110,0.670845508575,0.601232588291,0.443514138460,0.262325227261,-0.071342013776,-0.283007264137,-0.359121233225,-0.480061292648,-0.387745738029,-0.369537800550,-0.391026496887,-0.326604664326,-0.399887144566,-0.402411997318,-0.357598364353,-0.302721172571,-0.194740384817,-0.017113989219,0.158742427826,0.221074983478,0.361041456461,0.410669445992,0.355822175741,0.335574358702,0.228883802891,0.178036063910,0.162396267056,0.053303390741,-0.182959288359,-0.426953256130,-0.578691720963,-0.724065899849,-0.793061196804,-0.830035746098,-0.731363475323,-0.487941712141,-0.277606546879,-0.040321648121,0.083492659032,0.219941794872,0.352313995361,0.323642939329,0.404384553432,0.477493494749,0.549178361893,0.549722373486,0.356306165457,0.301377773285,0.191712409258,-0.078271225095,-0.284828037024,-0.400281369686,-0.496677905321,-0.597991526127,-0.464120119810,-0.277371048927,-0.221333980560,-0.181118503213,-0.239970833063,-0.248677238822,-0.128313079476,0.105432592332,0.358425915241,0.426832407713,0.483732104301,0.576839208603,0.588951885700,0.556540191174,0.502378880978,0.429042071104,0.304474323988,0.176234692335,-0.009661970660,-0.315748035908,-0.434682935476,-0.485245466232,-0.799697697163,-0.933753192425,-0.844475865364,-0.842723548412,-0.656838655472,-0.380871087313,-0.190802291036,0.043291606009,0.252092301846,0.483116984367,0.662334263325,0.632577359676,0.625631928444,0.710008263588,0.675921738148,0.540494561195,0.393386691809,0.154815912247,-0.143231034279,-0.360080778599,-0.520236730576,-0.667230784893,-0.694076955318,-0.495054870844,-0.324447840452,-0.356510311365,-0.284653544426,-0.147406145930,-0.079659439623,0.080097556114,0.165131509304,0.193370923400,0.374799817801,0.478081554174,0.594373762608,0.756535649300,0.591114699841,0.516222119331,0.576199471951,0.338485419750,0.166789308190,0.003025401616,-0.188674777746,-0.287502944469,-0.555305778980,-0.668367981911,-0.722561538219,-0.934621155262,-0.810273170471,-0.499339103699,-0.306950867176,-0.014460976236,0.220756217837,0.243079960346,0.397020608187,0.488857358694,0.372435182333,0.431970894337,0.450032323599,0.386882334948,0.352066129446,0.150705218315,-0.027580931783,-0.225784406066,-0.479586154222,-0.574302494526,-0.661532402039,-0.744628846645,-0.621040165424,-0.504431247711,-0.449724763632,-0.187007501721,-0.066431686282,-0.159336119890,-0.142070129514,-0.147118434310,-0.029194273055,0.115866526961,0.197337999940,0.380455136299,0.327867478132,0.357525765896,0.537201166153,0.303909689188,0.194461941719,0.278102308512,0.080244012177,0.011886230670,0.007747069933,-0.220668986440,-0.334717124701,-0.416451096535,-0.581792533398,-0.540314257145,-0.460694879293,-0.265918612480,0.090331539512,0.067600831389,0.137349724770,0.432453960180,0.318609476089,0.332489043474,0.515940427780,0.447760432959,0.603096485138,0.755625844002,0.590161025524,0.545027315617,0.365591019392,0.144575506449,0.248529553413,-0.017112135887,-0.351081758738,-0.240200161934,-0.328783035278,-0.397224068642,-0.322919368744,-0.424682646990,-0.336711198092,-0.214627385139,-0.217493578792,-0.132263138890,-0.139653801918,-0.112171545625,0.076512210071,0.302565366030,0.455951958895,0.305666208267,0.188167393208,0.281318575144,0.222750842571,0.134664103389,0.039702907205,-0.142449244857,-0.254995763302,-0.343837678432,-0.441284567118,-0.562800228596,-0.707465171814,-0.765626788139,-0.677963316441,-0.498306483030,-0.314318686724,-0.181163892150,-0.132648721337,0.014801531099,0.164254039526,0.118066526949,0.293419480324,0.564943134785,0.597138822079,0.642618894577,0.547199547291,0.370138198137,0.245867684484,-0.016323640943,-0.132234737277,-0.246627807617,-0.428732246161,-0.336092114449,-0.318543344736,-0.412495106459,-0.372523665428,-0.251529544592,-0.111139439046,-0.059340111911,0.013882935047,0.076163582504,0.164946481586,0.370477288961,0.454420119524,0.486601084471,0.518858671188,0.549398422241,0.608344078064,0.555116295815,0.441940277815,0.301468551159,0.275340139866,0.298213183880,0.076728507876,-0.177404314280,-0.436416149139,-0.678733646870,-0.623876094818,-0.552628278732,-0.533221304417,-0.375910669565,-0.275181680918,-0.077697888017,0.146633669734,0.140558689833,0.248480454087,0.337657094002,0.329230755568,0.519448995590,0.585744738579,0.512515425682,0.525925338268,0.337509661913,-0.054821684957,-0.219787865877,-0.301405161619,-0.461499691010,-0.390698820353,-0.425881594419,-0.536897301674,-0.501477181911,-0.596707344055,-0.495593160391,-0.453806877136,-0.605096340179,-0.512864053249,-0.381118446589,-0.077114090323,0.167845144868,0.178232759237,0.316949546337,0.385018408298,0.445950388908,0.434787213802,0.271196693182,0.254786670208,0.296709626913,0.221906930208,-0.018600249663,-0.147893875837,-0.270702242851,-0.522216439247,-0.455679088831,-0.427916467190,-0.512436389923,-0.251398265362,0.045727498829,0.284103006124,0.492134541273,0.596228897572,0.658207654953,0.606652319431,0.699714303017,0.957840085030,0.998821735382,0.925990164280,0.822504639626,0.554381549358,0.261024415493,0.005895953625,-0.248576879501,-0.394117981195,-0.446733027697,-0.453593909740,-0.402483910322,-0.326176315546,-0.281576961279,-0.287352681160,-0.282764703035,-0.287472635508,-0.228668048978,-0.139296621084,-0.051277738065,0.073430955410,0.006892162841,0.042689919472,0.191451519728,0.109655342996,0.045711684972,-0.037430077791,0.043343011290,0.129210546613,-0.159269481897,-0.261682391167,-0.360786229372,-0.637182116508,-0.654936134815,-0.677280604839,-0.821133971214,-0.852836966515,-0.671734631062,-0.322684109211,-0.059236206114,-0.023355726153,0.032667357475,0.201674193144,0.202478140593,0.252650171518,0.485821366310,0.465196937323,0.368542999029,0.585056245327,0.651070892811,0.411932438612,0.337627202272,0.130619138479,-0.185819312930,-0.134585961699,-0.144011482596,-0.206891834736,-0.051146697253,-0.029555559158,-0.020279526711,0.074999257922,-0.106768213212,-0.280693829060,-0.144733518362,-0.023767516017,0.174744546413,0.411344945431,0.374591946602,0.432631045580,0.584890604019,0.622133851051,0.654221117496,0.535720884800,0.438407480717,0.395820558071,0.263073533773,0.162723809481,-0.077446408570,-0.366027534008,-0.471940189600,-0.471473395824,-0.481846541166,-0.492149382830,-0.326359450817,-0.165507435799,-0.085009984672,0.020870918408,0.090902045369,0.162794172764,0.190619692206,0.363318085670,0.501897394657,0.402831286192,0.429307192564,0.368375122547,0.330361396074,0.311731874943,0.010074798018,-0.172462627292,-0.424344837666,-0.566791355610,-0.404799640179,-0.453767299652,-0.397230952978,-0.274125128984,-0.264075011015,-0.234659552574,-0.344945549965,-0.336849063635,-0.227992027998,-0.175617352128,-0.078796811402,0.127989888191,0.374040663242,0.322164475918,0.247697815299,0.193261623383,0.056887388229,0.143640801311,0.025017533451,-0.066676147282,-0.056092765182,-0.402775138617,-0.451648443937,-0.403960555792,-0.609327077866,-0.642483115196,-0.516083061695,-0.318745523691,-0.197704687715,0.087802678347,0.320943236351,0.275790095329,0.411619424820,0.368524700403,0.406813561916,0.596697151661,0.466688007116,0.564959526062,0.604623556137,0.438030004501,0.331864893436,0.154542952776,0.004402162973,-0.214543253183,-0.168068438768,-0.092155590653,-0.187198311090,-0.067814841866,-0.153311625123,-0.185177460313,-0.112580485642,-0.308921247721,-0.300434619188,-0.192286759615,-0.094877041876,0.219557330012,0.364826112986,0.346421211958,0.571000456810,0.626868307590,0.429268628359,0.439120471478,0.356014460325,0.269752621651,0.318315654993,0.101074740291,-0.160560399294,-0.388268351555,-0.665125310421,-0.839133441448,-0.896117329597,-0.841918170452,-0.660590589046,-0.374092191458,-0.225910007954,-0.105863653123,0.086408540606,0.226577639580,0.402989983559,0.435976505280,0.497605115175,0.583845198154,0.538810431957,0.665375888348,0.579235196114,0.270646423101,0.112890608609,-0.081254683435,-0.273071616888,-0.447776168585,-0.523260056973,-0.493480265141,-0.482400238514,-0.274316787720,-0.090190343559,-0.030300831422,0.172448620200,0.272871434689,0.294099509716,0.377537280321,0.443213433027,0.588227391243,0.710701227188,0.790581047535,0.731402456760,0.527634561062,0.450463294983,0.268304973841,0.059500332922,0.000334905460,-0.130200311542,-0.289483964443,-0.481689572334,-0.544671893120,-0.572601020336,-0.694409668446,-0.598297178745,-0.494670659304,-0.378227919340,-0.167339071631,0.038327377290,0.367365866899,0.461625635624,0.366371542215,0.355790197849,0.372507423162,0.473547399044,0.456192076206,0.422923773527,0.359600961208,0.102177530527,-0.011340099387,-0.168522417545,-0.486693561077,-0.617393672466,-0.593412697315,-0.555416405201,-0.494850963354,-0.390780150890,-0.379949986935,-0.372345030308,-0.293457776308,-0.343053996563,-0.343464970589,-0.297923624516,-0.283979713917,-0.065489776433,0.181801289320,0.265730768442,0.257459431887,0.219468772411,0.276742279530,0.372555106878,0.312013953924,0.210820689797,0.147896349430,-0.023257508874,-0.087003566325,-0.114476911724,-0.392298758030,-0.588178575039,-0.677534937859,-0.749999463558,-0.569794356823,-0.290274351835,-0.064968943596,0.175539016724,0.353914201260,0.422752797604,0.483206450939,0.504906117916,0.510828018188,0.644526541233,0.762119352818,0.745806336403,0.669160068035,0.516855418682,0.286881357431,0.084145955741,-0.103706084192,-0.322884351015,-0.402275145054,-0.372388213873,-0.354118317366,-0.248294830322,-0.210990980268,-0.286508113146,-0.238742485642,-0.197356581688,-0.097041040659,0.136114045978,0.149053558707,0.233781903982,0.454584270716,0.538338780403,0.700858354568,0.563745260239,0.241069197655,0.137126490474,0.074406780303,0.120130799711,-0.173541858792,-0.483613550663,-0.487865984440,-0.760107815266,-0.722248733044,-0.634548187256,-0.808888733387,-0.656513631344,-0.525660753250,-0.257770866156,0.107974603772,0.234351858497,0.275671094656,0.227441027761,0.326665014029,0.345290988684,0.321296870708,0.424003303051,0.353229403496,0.326657652855,0.218069449067,0.003953928594,-0.222497388721,-0.460632741451,-0.450283348560,-0.536415696144,-0.581245601177,-0.494981557131,-0.489007681608,-0.257928401232,-0.181301623583,-0.233971819282,-0.169761702418,-0.150657832623,0.003650559578,0.089604265988,0.238531053066,0.400677680969,0.309232771397,0.420303195715,0.507817864418,0.408296704292,0.325641393661,0.251226156950,0.314155906439,0.274424463511,0.138830021024,-0.054009806365,-0.279540210962,-0.323935210705,-0.523790538311,-0.686002075672,-0.545431673527,-0.401398807764,-0.203923776746,-0.002882171422,0.077611915767,0.166555345058,0.317097902298,0.316036254168,0.251971602440,0.375327110291,0.464783042669,0.525439500809,0.581882178783,0.504253327847,0.328152596951,0.117798738182,0.017996108159,-0.162086814642,-0.381661862135,-0.387056767941,-0.386141657829,-0.351129055023,-0.252206325531,-0.296713650227,-0.493221491575,-0.641571819782,-0.564885616302,-0.403677463531,-0.292951464653,-0.184595763683,0.030717043206,0.281359612942,0.339175850153,0.273226261139,0.221400424838,0.247768357396,0.289152801037,0.235904395580,0.197562560439,0.072303347290,-0.129536345601,-0.212086170912,-0.404613524675,-0.650356650352,-0.727639019489,-0.704336106777,-0.465530902147,-0.248651832342,-0.180612519383,0.010019254871,0.135941594839,0.341836690903,0.584228396416,0.528506696224,0.628008246422,0.761594414711,0.844373524189,1.035409688950,0.788858115673,0.476863384247,0.344737380743,0.140864014626,-0.023333592340,-0.366486400366,-0.482018083334,-0.372376859188,-0.379934042692,-0.160839274526,-0.048512496054,-0.078715197742,-0.053025078028,-0.203348472714,-0.356010288000,-0.360961288214,-0.231541812420,-0.075398176908,0.008043106645,0.031236620620,0.112069986761,0.229431197047,0.185918539762,0.225987434387,0.249096930027,0.135996341705,0.218393802643,0.144977480173,-0.175739124417,-0.381748765707,-0.491239666939,-0.577432990074,-0.676051437855,-0.645539402962,-0.498905003071,-0.400331467390,-0.253613919020,-0.085265189409,-0.033151783049,-0.016614707187,-0.052284292877,-0.056358400732,0.219219222665,0.431773811579,0.456987857819,0.528579235077,0.535103023052,0.500800549984,0.331379026175,0.135883286595,0.033382214606,-0.138891667128,-0.171139046550,-0.190963715315,-0.254927426577,-0.235526770353,-0.220413669944,-0.169146552682,-0.308657854795,-0.447186350822,-0.370954036713,-0.295307248831,-0.120104871690,0.114837251604,0.246760815382,0.263002038002,0.303135097027,0.266051411629,0.226076468825,0.388132959604,0.371358513832,0.362356394529,0.320498287678,0.075632959604,0.085510544479,-0.037072785199,-0.261273443699,-0.329714149237,-0.566672980785,-0.613999664783,-0.458906680346,-0.353819906712,-0.161729380488,-0.025255491957,-0.003670089878,-0.011928289197,0.024415638298,0.120017856359,0.201631993055,0.319168388844,0.422497004271,0.473271161318,0.426444590092,0.202344790101,0.003564524231,-0.165919110179,-0.340928614140,-0.262867569923,-0.179356157780,-0.338018983603,-0.379897147417,-0.343799591064,-0.375517338514,-0.323096096516,-0.352927625179,-0.379159361124,-0.225579440594,-0.133958041668,-0.021046424285,0.182876065373,0.290656447411,0.355885714293,0.343459069729,0.232210800052,0.178823292255,0.237859457731,0.290077924728,0.232427343726,0.120214171708,-0.128787070513,-0.373334974051,-0.534588456154,-0.763388574123,-0.765853822231,-0.667196869850,-0.599354565144,-0.355042278767,-0.154741689563,-0.028013052419,0.019663730636,0.078951530159,0.090546637774,-0.060250058770,0.143005311489,0.382375597954,0.464003175497,0.650340795517,0.469618499279,0.306570798159,0.284313797951,0.006613597274,-0.124280087650,-0.215071871877,-0.292656719685,-0.203520745039,-0.139032378793,-0.023308439180,0.000201111368,-0.092614896595,-0.214432284236,-0.417411267757,-0.409266769886,-0.218117550015,-0.112677708268,-0.065425433218,0.028421049938,0.211624234915,0.283618897200,0.296691894531,0.338833838701,0.257231742144,0.291706889868,0.308060199022,0.102798506618,-0.003503179178,-0.138481512666,-0.422423958778,-0.637148678303,-0.714984774590,-0.716939866543,-0.586332678795,-0.321612536907,-0.136889159679,0.102337636054,0.261499166489,0.163904175162,0.214510783553,0.302644133568,0.352576255798,0.475646018982,0.531606197357,0.551658391953,0.426409691572,0.331958830357,0.296135634184,-0.011555320583,-0.308116108179,-0.449180096388,-0.512026071548,-0.396624773741,-0.169657185674,0.010696738027,-0.051968954504,-0.136012539268,-0.049526337534,-0.097683034837,-0.159272700548,-0.037032946944,0.078385509551,0.195379853249,0.363601744175,0.415744006634,0.326162576675,0.279086291790,0.228612065315,0.111804805696,0.073471300304,0.022905033082,-0.013045572676,-0.012031316757,-0.213535785675,-0.398560553789,-0.498798429966,-0.618981182575,-0.616465389729,-0.604141771793,-0.511724233627,-0.351926982403,-0.143385648727,0.109244838357,0.133245021105,0.204448118806,0.260346978903,0.165872871876,0.203301951289,0.234460026026,0.320103079081,0.343850404024,0.293017923832,0.247940376401,-0.014584093355,-0.158586293459,-0.278216838837,-0.363995790482,-0.233287200332,-0.330855935812,-0.362416386604,-0.248082622886,-0.216137826443,-0.098311744630,-0.125039160252,-0.267946958542,-0.293724805117,-0.164899021387,0.045257452875,0.181395769119,0.265994668007,0.267264127731,0.244680806994,0.309649854898,0.357498884201,0.381336390972,0.362577646971,0.255926698446,0.191989913583,0.079098910093,-0.139081001282,-0.253476798534,-0.361866384745,-0.499728173018,-0.466834127903,-0.290724068880,-0.132539242506,-0.009617251344,0.202583327889,0.344211697578,0.390922844410,0.485818475485,0.378548860550,0.276492029428,0.360831528902,0.387037426233,0.485102802515,0.465641379356,0.332212835550,0.274376392365,-0.020663993433,-0.260499209166,-0.373543620110,-0.616148173809,-0.503943502903,-0.223852798343,-0.331977814436,-0.359811931849,-0.214245498180,-0.440168738365,-0.514279901981,-0.193513065577,-0.241772100329,-0.142188802361,0.352846741676,0.331993430853,0.202374354005,0.355268865824,0.325903832912,0.238420471549,0.209491372108,0.070948936045,-0.059465404600,-0.049703530967,-0.125485718250,-0.320762842894,-0.487734824419,-0.733168661594,-0.825243055820,-0.724668920040,-0.707315266132,-0.506649553776,-0.211344674230,-0.014856509864,0.170434236526,0.174460247159,0.186201587319,0.236486271024,0.320147722960,0.551339268684,0.637519478798,0.690106630325,0.658561289310,0.565937161446,0.518936216831,0.072151772678,-0.232777357101,-0.187433794141,-0.374647647142,-0.412150830030,-0.287881553173,-0.266907095909,-0.168082460761,-0.097461782396,-0.102551355958,-0.121344439685,-0.194983080029,-0.170225754380,0.069935463369,0.175025239587,0.165565356612,0.325238168240,0.360156595707,0.351306647062,0.403821557760,0.253765136003,0.153149038553,0.220452129841,0.220379948616,0.153129592538,0.040631767362,-0.164793744683,-0.394647121429,-0.596699953079,-0.721528947353,-0.696926057339,-0.591923356056,-0.425547361374,-0.157418161631,0.121855899692,0.253647327423,0.271515041590,0.254835307598,0.211575269699,0.365475803614,0.583202242851,0.624229371548,0.601201355457,0.445009142160,0.280956000090,0.141504973173,-0.072945706546,-0.256853908300,-0.471743971109,-0.542713522911,-0.502578616142,-0.473371326923,-0.383906126022,-0.427630186081,-0.420399665833,-0.271217256784,-0.144154310226,-0.188348472118,-0.277231305838,-0.022420762107,0.044844735414,0.066047981381,0.424935728312,0.451945602894,0.388715744019,0.292625725269,0.173235520720,0.295503050089,0.099011473358,-0.014472679235,-0.034621596336,-0.454492986202,-0.615892052650,-0.596213161945,-0.707876563072,-0.647275030613,-0.439565807581,-0.318381935358,-0.079424537718,0.264070719481,0.297088116407,0.571968555450,0.739659070969,0.422869026661,0.720592975616,0.766035676003,0.465617090464,0.840706288815,0.712153494358,0.403505057096,0.390991717577,-0.027205526829,-0.126613825560,-0.214231207967,-0.500151515007,-0.315477520227,-0.308908164501,-0.362406075001,-0.153283208609,-0.165375351906,-0.137295857072,-0.094222329557,-0.255684763193,-0.135152384639,0.047680806369,-0.100547209382,0.014378947206,0.245027542114,0.181459426880,0.267335414886,0.244503781199,0.054816361517,0.099942110479,0.059208933264,0.026801872998,0.057172175497,-0.070109143853,-0.101535968482,-0.228456065059,-0.478876203299,-0.553928136826,-0.717801809311,-0.708504676819,-0.340464949608,-0.178812429309,-0.039205659181,0.151324957609,0.085047170520,0.026550982147,0.054192278534,0.206158652902,0.374697268009,0.445671379566,0.553742349148,0.521554529667,0.461523354053,0.360735625029,0.224005147815,0.113985963166,-0.173856467009,-0.161314338446,-0.104069665074,-0.212179169059,-0.026160236448,-0.085432529449,-0.150626569986,-0.150948092341,-0.444890618324,-0.338344395161,-0.184168875217,-0.094205081463,0.253690212965,0.315179347992,0.348106622696,0.396077603102,0.353318899870,0.459352493286,0.372673392296,0.271601885557,0.304465413094,0.150921598077,-0.059616249055,-0.098073303699,-0.200885728002,-0.517064273357,-0.523816227913,-0.523477017879,-0.714657723904,-0.445786625147,-0.258422821760,-0.209619492292,0.094400994480,0.252789974213,0.292746871710,0.235666081309,0.267178475857,0.324198871851,0.360705435276,0.681738853455,0.642987489700,0.418704628944,0.443692296743,0.176027342677,-0.084583245218,-0.212196826935,-0.398071706295,-0.359298497438,-0.298539817333,-0.344357639551,-0.315084338188,-0.302391797304,-0.384712398052,-0.414378672838,-0.292851328850,-0.189885839820,-0.248674497008,-0.249624252319,0.003857685020,0.190974786878,0.207358956337,0.297647505999,0.264789342880,0.148419469595,0.201502412558,0.299865573645,0.357499837875,0.175214201212,-0.084920816123,-0.120829284191,-0.258283019066,-0.391360223293,-0.395626544952,-0.495081692934,-0.393995672464,-0.150126218796,-0.024361027405,0.130582824349,0.187127515674,0.161851942539,0.280657649040,0.359656184912,0.307616800070,0.332761198282,0.482154846191,0.566006481647,0.483347386122,0.403347313404,0.371909528971,0.228293135762,0.040083929896,-0.028953192756,-0.110911823809,-0.253209322691,-0.226887241006,-0.119182348251,-0.062407851219,-0.115567564964,-0.319119364023,-0.261895865202,-0.255626618862,-0.416479557753,-0.010676855221,0.196757584810,0.068656615913,0.287091791630,0.203498870134,0.096897467971,0.242505028844,0.179002523422,0.204430326819,0.274711221457,0.101946637034,-0.052208971232,-0.037209879607,-0.321759074926,-0.646992981434,-0.563442647457,-0.732364058495,-0.745645761490,-0.323006331921,-0.328009754419,-0.266579419374,0.019250562415,0.030753375962,0.205701962113,0.415516376495,0.406790643930,0.459056168795,0.525405049324,0.523433983326,0.492642641068,0.434714764357,0.292695999146,0.172922939062,0.027781270444,-0.286980509758,-0.334318190813,-0.253431171179,-0.371859192848,-0.218548223376,0.011818206869,0.098642811179,0.195011198521,0.109750427306,0.038562230766,0.060992226005,0.180713549256,0.415522605181,0.509575843811,0.532607018948,0.474409461021,0.414438754320,0.343267112970,0.186307400465,0.212245106697,0.153394952416,0.008362088352,0.000912576681,-0.070470742881,-0.197187483311,-0.428158521652,-0.530248522758,-0.529010057449,-0.639177203178,-0.440486520529,-0.231680929661,-0.182560041547,0.026821890846,0.016997911036,-0.032753255218,0.128528878093,0.118653319776,0.039272017777,0.075177311897,0.139765724540,0.187993988395,0.212568059564,0.179565131664,0.003168046242,-0.229049131274,-0.375324368477,-0.401946425438,-0.360517442226,-0.328284710646,-0.234502047300,-0.183636993170,-0.205164864659,-0.154831647873,-0.194424152374,-0.251683145761,-0.347660839558,-0.392775326967,-0.079223975539,0.004620752763,0.052723407745,0.501412749290,0.481971830130,0.216331526637,0.381516098976,0.445089429617,0.258642286062,0.227794826031,0.123246520758,-0.114573583007,-0.147141352296,-0.238466948271,-0.362404793501,-0.388917863369,-0.528228342533,-0.464959442616,-0.174559637904,0.063319824636,0.226348638535,0.354822367430,0.514877438545,0.510928332806,0.503553688526,0.627608418465,0.591206848621,0.541226685047,0.429968833923,0.350143998861,0.394848614931,0.190174490213,0.084987923503,-0.025786049664,-0.344189435244,-0.347219705582,-0.312833845615,-0.375083982944,-0.300077825785,-0.258951991796,-0.300754219294,-0.318897306919,-0.311494976282,-0.319966942072,-0.195730343461,-0.048506468534,0.124460823834,0.349432140589,0.297658175230,0.318410694599,0.403396993876,0.277946174145,0.266873657703,0.181744858623,0.109192281961,0.092006690800,-0.221062228084,-0.429623514414,-0.458705216646,-0.553702056408,-0.599128842354,-0.621988236904,-0.667682945728,-0.615682601929,-0.373660087585,-0.099990196526,0.106216095388,0.208290502429,0.198483571410,0.262636154890,0.315296500921,0.301507115364,0.341956526041,0.393862634897,0.445471197367,0.429096579552,0.344470381737,0.198911860585,-0.043242178857,-0.230734765530,-0.263551861048,-0.220841556787,-0.304563164711,-0.305330306292,-0.123447917402,-0.114855818450,-0.101507343352,-0.092451907694,-0.138325557113,0.002332004486,0.108845442533,0.166870057583,0.252548307180,0.355474948883,0.402808427811,0.316063940525,0.337726175785,0.362431854010,0.347941368818,0.312420964241,0.152252972126,0.050704542547,-0.015901925042,-0.000745374127,-0.153537422419,-0.491624653339,-0.555744111538,-0.631851077080,-0.488024741411,-0.189268991351,-0.185426279902,0.068954400718,0.231153294444,0.171468764544,0.291012436152,0.295915782452,0.302424430847,0.298402726650,0.433463692665,0.647114515305,0.510806262493,0.342941433191,0.051831308752,-0.227303758264,-0.326177150011,-0.538162052631,-0.567144036293,-0.560654878616,-0.493529230356,-0.302749097347,-0.289665102959,-0.259655684233,-0.383264243603,-0.503856480122,-0.390389055014,-0.187857300043,0.088058270514,0.175157293677,0.287945717573,0.395715922117,0.358540862799,0.424034178257,0.370762974024,0.291809052229,0.239933535457,0.114784136415,0.035152282566,-0.052394807339,-0.213639348745,-0.464262723923,-0.506919145584,-0.536047995090,-0.607477247715,-0.384129285812,-0.313630014658,-0.148386001587,0.141059488058,0.208845883608,0.498037278652,0.625460505486,0.596682727337,0.750997364521,0.752446115017,0.770577728748,0.722660124302,0.496659696102,0.352452337742,0.224350437522,0.058366172016,-0.116602584720,-0.286904811859,-0.369852274656,-0.344045639038,-0.417886197567,-0.400141477585,-0.110439725220,-0.092583969235,-0.202143624425,-0.236412182450,-0.382275521755,-0.257035017014,-0.167287498713,-0.209689065814,0.040015514940,0.110342890024,0.065119609237,0.116855129600,-0.002623324282,0.013683662750,0.165974229574,0.137261286378,0.017510579899,-0.062038704753,-0.065698690712,-0.140483930707,-0.372426807880,-0.611146509647,-0.752894282341,-0.722441315651,-0.550684750080,-0.404971539974,-0.246837064624,0.002001189860,0.158040180802,0.223240450025,0.256677836180,0.212360963225,0.325824439526,0.468682348728,0.506349205971,0.608617484570,0.532363116741,0.424200743437,0.381328672171,0.161518543959,-0.036875173450,-0.167454496026,-0.134877547622,-0.088892728090,-0.236006259918,-0.239348500967,-0.173657819629,-0.146461859345,-0.206755951047,-0.321699112654,-0.295266568661,-0.249631762505,-0.059929307550,0.098181217909,0.209550052881,0.547603428364,0.574672639370,0.398322761059,0.453546285629,0.479502856731,0.426066726446,0.295318156481,0.099660247564,0.004918829072,-0.048133246601,-0.240704849362,-0.459444135427,-0.583618760109,-0.701490521431,-0.693218886852,-0.586218297482,-0.413848191500,-0.149603888392,-0.006533066742,0.099619247019,0.130359798670,0.113982267678,0.299033254385,0.408534258604,0.420073628426,0.463641077280,0.369834572077,0.338954895735,0.330469638109,0.069031544030,-0.063170194626,-0.123170465231,-0.431075096130,-0.499248057604,-0.319376796484,-0.192453563213,-0.161866098642,-0.285104036331,-0.340765118599,-0.446496337652,-0.533441245556,-0.382797747850,-0.265865147114,-0.114628665149,-0.017481740564,-0.091952897608,-0.055065799505,0.109497815371,0.219929471612,0.202319204807,0.248214974999,0.224332883954,0.073995359242,0.113320931792,0.128788158298,0.034879826009,-0.144681021571,-0.390291184187,-0.427701413631,-0.413272142410,-0.397366225719,-0.286374360323,-0.134586349130,0.078603640199,0.178385198116,0.168129146099,0.102673955262,0.039777461439,0.225572854280,0.404006928205,0.434396773577,0.530172705650,0.527996063232,0.493928492069,0.487853705883,0.236134484410,-0.002944428008,-0.009419939481,-0.028385970742,-0.074087962508,-0.143623396754,-0.186226993799,-0.084320142865,-0.090043127537,-0.264510959387,-0.353223979473,-0.298218309879,-0.158633247018,-0.013456295244,0.049693681300,0.110214293003,0.270037025213,0.319214642048,0.203998625278,0.185063660145,0.176600679755,0.076081842184,0.043665904552,-0.012818775140,-0.112902671099,-0.150109022856,-0.227158248425,-0.357918947935,-0.537268579006,-0.694546163082,-0.766464412212,-0.703607380390,-0.465798944235,-0.326844274998,-0.155779734254,0.054690379649,0.003564145416,0.048960812390,0.155399441719,0.173105359077,0.313744932413,0.419920742512,0.470883220434,0.463190585375,0.416268199682,0.343325495720,0.152545541525,0.004642812535,-0.134356245399,-0.122523695230,0.031096499413,0.069308459759,0.164450109005,0.169699683785,0.110921427608,0.008893932216,-0.209492191672,-0.125251963735,-0.055284447968,-0.083021156490,0.094452776015,0.168545320630,0.248699620366,0.301479250193,0.174905687571,0.158629581332,0.277866721153,0.306941300631,0.192100316286,0.108868382871,-0.024843318388,-0.142860010266,-0.173474505544,-0.334520012140,-0.455900311470,-0.536231398582,-0.480175882578,-0.291061282158,-0.299950093031,-0.244796440005,-0.162390619516,-0.143992230296,-0.102521494031,-0.128913402557,0.058512069285,0.187053889036,0.077103130519,0.125850811601,0.156207665801,0.175771757960,0.233578994870,0.081693232059,-0.123660884798,-0.270272254944,-0.356934070587,-0.362038403749,-0.322922021151,-0.226147472858,-0.220824077725,-0.308693379164,-0.346280872822,-0.451983183622,-0.561359465122,-0.484314858913,-0.313356846571,-0.108224146068,0.059722702950,0.157435193658,0.267746210098,0.316596150398,0.357805103064,0.374732851982,0.323431223631,0.339313298464,0.297655493021,0.214745998383,0.161217167974,0.027498126030,-0.165631622076,-0.302298635244,-0.295348554850,-0.314412713051,-0.251591414213,-0.112905927002,-0.126737847924,0.037374787033,0.213874131441,0.285166114569,0.410256117582,0.411682575941,0.548934936523,0.616116821766,0.608964264393,0.749348342419,0.597963035107,0.439974337816,0.264153063297,-0.088768161833,-0.247257784009,-0.305176436901,-0.278682649136,-0.277557611465,-0.267618387938,-0.187307029963,-0.145824685693,-0.058982726187,-0.178039193153,-0.281027227640,-0.254056930542,-0.279951691628,-0.079889193177,0.083844676614,0.143904969096,0.187252864242,0.090584754944,0.102731153369,0.163936033845,0.245308682323,0.323270261288,0.229067131877,0.081174157560,-0.094877347350,-0.187696993351,-0.293502271175,-0.558875918388,-0.618935346603,-0.600852906704,-0.631112158298,-0.498597323895,-0.374369025230,-0.124036863446,-0.033725440502,-0.218914806843,-0.015878550708,0.082753337920,0.004993794020,0.190928131342,0.177362576127,0.159075766802,0.247101083398,0.200618401170,0.136513411999,0.008911004290,-0.117935635149,-0.186305314302,-0.162480801344,-0.158656030893,-0.226875752211,-0.169298738241,-0.129335522652,-0.069459706545,-0.029001846910,-0.229674831033,-0.332926362753,-0.122590370476,0.140033975244,0.245054706931,0.313968241215,0.388754427433,0.494390696287,0.670297622681,0.628787755966,0.457040548325,0.340306818485,0.245149403811,0.142394423485,-0.014132170938,-0.037495292723,-0.158529758453,-0.476444393396,-0.672575592995,-0.733124852180,-0.552340388298,-0.342138081789,-0.223109602928,-0.048592183739,0.057167179883,0.204016879201,0.318796455860,0.387441217899,0.504884660244,0.538260281086,0.544911026955,0.508189260960,0.485522329807,0.382942497730,0.246611684561,0.165899425745,-0.161975264549,-0.282434403896,-0.253344625235,-0.437824904919,-0.438138842583,-0.485161244869,-0.450031042099,-0.303156793118,-0.386843323708,-0.407845556736,-0.443547546864,-0.366141378880,-0.153188332915,-0.053780771792,0.053895842284,0.144744917750,0.281497269869,0.323763161898,0.303765624762,0.285584777594,0.200801312923,0.230784356594,0.104808166623,-0.052146214992,-0.166446104646,-0.343896627426,-0.292464017868,-0.357267677784,-0.412963390350,-0.319297552109,-0.308528751135,-0.101987816393,0.047324225307,0.237093999982,0.542444467545,0.525281071663,0.569147109985,0.619374752045,0.490180641413,0.559589684010,0.612590670586,0.490642577410,0.397139638662,0.292007833719,0.017626700923,-0.158373996615,-0.199034824967,-0.459047615528,-0.359409749508,-0.231424853206,-0.572489798069,-0.322841733694,-0.143480256200,-0.358680814505,-0.138354241848,-0.263068050146,-0.432566910982,-0.177609860897,-0.079360835254,0.060314036906,0.171554565430,0.202447161078,0.325216710567,0.315824091434,0.265641838312,0.306737601757,0.247253820300,0.126102715731,0.017425972968,-0.176213100553,-0.308757424355,-0.516007721424,-0.806551158428,-0.817510902882,-0.725928246975,-0.614237010479,-0.495697200298,-0.359548419714,-0.074800349772,0.092437312007,0.239499345422,0.416085928679,0.409815549850,0.461305826902,0.682945430279,0.818805038929,0.747697412968,0.657521069050,0.467110544443,0.232987582684,0.136768415570,-0.121671147645,-0.332270115614,-0.354531317949,-0.442643076181,-0.416022509336,-0.359022825956,-0.376277506351,-0.331196606159,-0.368833184242,-0.367671757936,-0.225251019001,-0.151302084327,0.058854434639,0.295651465654,0.372879594564,0.542147874832,0.589284658432,0.569672226906,0.588142633438,0.427316009998,0.292317807674,0.208037585020,0.083939939737,-0.115923181176,-0.314811587334,-0.373393684626,-0.504690229893,-0.608897089958,-0.574645340443,-0.588040530682,-0.533648908138,-0.339574187994,-0.119035162032,0.096908278763,0.278723537922,0.280023038387,0.243107929826,0.413509488106,0.519353091717,0.565934300423,0.677306771278,0.487801283598,0.216672495008,0.270691454411,0.186140388250,-0.168179810047,-0.288781851530,-0.384415209293,-0.573148906231,-0.475078135729,-0.378792703152,-0.269287467003,-0.048318285495,-0.136663854122,-0.173635572195,-0.153866156936,-0.232389032841,0.028567219153,0.173013821244,0.156195461750,0.283841937780,0.244555130601,0.248396784067,0.291646599770,0.174212381244,0.144841432571,0.266170531511,0.185664683580,-0.000387469248,0.047977585346,-0.207452446222,-0.506200253963,-0.466661691666,-0.709770858288,-0.830353617668,-0.635514676571,-0.468507468700,-0.180643483996,0.041023500264,0.116572633386,0.226702064276,0.373727411032,0.360020637512,0.332883447409,0.544043064117,0.676764726639,0.690081834793,0.621203124523,0.441756933928,0.275788635015,0.048355694860,-0.046510376036,-0.120314732194,-0.286895334721,-0.184057444334,-0.169969186187,-0.348230659962,-0.288430243731,-0.228851050138,-0.271589577198,-0.277821481228,-0.339631140232,-0.283326596022,-0.068534225225,0.100116424263,0.292469114065,0.354141503572,0.366613715887,0.600583136082,0.510274589062,0.312073856592,0.416974931955,0.247103631496,0.088399827480,0.039117828012,-0.193173944950,-0.291917234659,-0.466402083635,-0.635395288467,-0.611497819424,-0.609857022762,-0.407996892929,-0.122780784965,-0.028154231608,0.055881001055,0.147262766957,0.138288557529,0.203205749393,0.385667890310,0.485778272152,0.475465148687,0.412664294243,0.462191402912,0.467129766941,0.203229159117,0.065331049263,-0.007870360278,-0.240999534726,-0.236116200686,-0.079542614520,-0.034957420081,0.072760269046,0.151226058602,0.101631216705,0.059094529599,-0.056107237935,-0.163658633828,-0.022897133604,0.037235699594,-0.041845973581,0.219221115112,0.243653014302,-0.041963271797,0.232929557562,0.312654197216,0.126754447818,0.354469150305,0.246047079563,0.106522753835,0.212292686105,0.014707163908,-0.093759909272,-0.174481108785,-0.386146664619,-0.521104753017,-0.660808265209,-0.604445278645,-0.429140627384,-0.360335946083,-0.226627647877,-0.119101263583,-0.086158297956,0.025650482625,0.086586587131,0.094976320863,0.175086691976,0.224259331822,0.265386223793,0.311226516962,0.167181283236,0.064604662359,0.099312245846,-0.058314695954,-0.176729321480,-0.260057389736,-0.391119331121,-0.334725677967,-0.373978942633,-0.362994700670,-0.285035789013,-0.387073725462,-0.410335212946,-0.497647643089,-0.451369643211,-0.247713223100,-0.210673913360,0.021826878190,0.229050025344,0.289152204990,0.442546933889,0.446960330009,0.410378336906,0.373365610838,0.309014946222,0.271876335144,0.118514902890,-0.049695700407,-0.207242161036,-0.377510070801,-0.533812105656,-0.609270811081,-0.530552923679,-0.414747923613,-0.222137600183,-0.018084382638,0.090040318668,0.130813896656,0.168616026640,0.323509991169,0.405773192644,0.373150825500,0.462246954441,0.719008624554,0.794682919979,0.493515521288,0.393674522638,0.359986931086,-0.022716242820,-0.179629445076,-0.181987449527,-0.338573962450,-0.344519734383,-0.156083598733,-0.011586798355,-0.134611397982,-0.213433757424,-0.112042814493,-0.205298319459,-0.360211610794,-0.273732304573,0.013935867697,0.175775855780,0.167508766055,0.244065985084,0.327089935541,0.180375993252,0.066817760468,0.278675287962,0.176516756415,-0.085395388305,-0.040575169027,-0.209170311689,-0.301323950291,-0.334707438946,-0.536089956760,-0.512767195702,-0.530333817005,-0.452710896730,-0.184006899595,-0.095593139529,-0.015602434054,0.110367022455,0.155539900064,0.119749076664,0.193970441818,0.310156017542,0.221952602267,0.213239431381,0.264985233545,0.284536302090,0.320489048958,0.138747096062,-0.004173696972,-0.173922091722,-0.468050986528,-0.376655608416,-0.266354054213,-0.269651859999,-0.114655926824,-0.150269180536,-0.185276955366,-0.192396923900,-0.286259949207,-0.183069810271,-0.120353169739,-0.050976611674,0.138551488519,0.280360609293,0.435216397047,0.450079232454,0.396013736725,0.361514955759,0.325418710709,0.381436318159,0.335520923138,0.214993819594,0.046237092465,-0.145818158984,-0.213604509830,-0.319858282804,-0.490847587585,-0.653491139412,-0.670302271843,-0.571484565735,-0.416076004505,-0.132429391146,0.007141744718,0.158190771937,0.311875730753,0.247392594814,0.314325898886,0.368662416935,0.357044249773,0.459696680307,0.458726346493,0.322122514248,0.209084481001,0.080540381372,-0.223508328199,-0.350571125746,-0.377060383558,-0.527794599533,-0.413098216057,-0.388750523329,-0.439987480640,-0.323438495398,-0.257207334042,-0.146649762988,-0.246179133654,-0.289737582207,-0.123982451856,0.012446894310,0.329238444567,0.409695118666,0.322006404400,0.383956700563,0.403981000185,0.428771227598,0.319056063890,0.197640284896,0.181509837508,0.137303560972,0.070275522768,-0.056170959026,-0.218174114823,-0.359346598387,-0.314248889685,-0.313428193331,-0.386670142412,-0.162994042039,0.059321351349,0.237143322825,0.422155588865,0.417204171419,0.435551524162,0.513572871685,0.506739616394,0.470707714558,0.532434225082,0.485765755177,0.294917911291,0.210768193007,-0.017343061045,-0.281524270773,-0.360212951899,-0.503889203072,-0.547337055206,-0.451986730099,-0.401070833206,-0.297717660666,-0.227995216846,-0.229527220130,-0.267690181732,-0.445111632347,-0.580168604851,-0.473798811436,-0.268131643534,-0.078803747892,0.092455811799,0.092433981597,0.023054946214,0.159204229712,0.273275613785,0.303632616997,0.274146050215,0.042763605714,-0.018977897242,0.007503955625,-0.182168781757,-0.309254586697,-0.465260267258,-0.684070289135,-0.766442060471,-0.670405745506,-0.332429528236,-0.083635076880,-0.042060691863,0.047428958118,0.116121008992,0.164863109589,0.327388346195,0.495460033417,0.462744951248,0.430810540915,0.595307171345,0.639747917652,0.516686260700,0.335724323988,0.122366197407,0.051214873791,-0.025764411315,-0.101956866682,-0.147736877203,-0.353029638529,-0.349182188511,-0.254542410374,-0.313056141138,-0.264222621918,-0.410035997629,-0.463799536228,-0.191951230168,-0.127579212189,0.048923697323,0.292330384254,0.245456427336,0.353144049644,0.388150066137,0.114312224090,0.180569022894,0.390828728676,0.272410690784,0.219814702868,0.087301537395,-0.237934112549,-0.337614148855,-0.514699459076,-0.781972467899,-0.818163335323,-0.788120627403,-0.654204607010,-0.463110089302,-0.372773051262,-0.201393306255,0.050807826221,0.131206229329,0.147998929024,0.243600293994,0.322701841593,0.455208629370,0.491903632879,0.427202939987,0.462158143520,0.295919716358,-0.010808085091,-0.138157010078,-0.211310431361,-0.288408637047,-0.335742980242,-0.362808436155,-0.371968030930,-0.399030417204,-0.423574924469,-0.436235308647,-0.441336929798,-0.349519103765,-0.312193363905,-0.343120723963,-0.111476235092,0.080257795751,0.156771510839,0.363924324512,0.350220799446,0.383519470692,0.557891607285,0.428410530090,0.318855106831,0.259620457888,0.026451624930,-0.148800462484,-0.257061302662,-0.464116334915,-0.655175209045,-0.721797168255,-0.743045032024,-0.597707331181,-0.413830786943,-0.326213389635,-0.094464801252,0.074501030147,0.110698409379,0.211662426591,0.298711061478,0.453961133957,0.637501657009,0.644705891609,0.588349461555,0.564369499683,0.435094773769,0.354386061430,0.283121764660,-0.028379939497,-0.218814328313,-0.348076611757,-0.487363964319,-0.394827246666,-0.450044095516,-0.471973776817,-0.381014734507,-0.551240444183,-0.595147669315,-0.452744752169,-0.352845638990,-0.189436405897,-0.038553316146,0.072140954435,0.287775784731,0.438148707151,0.340401053429,0.329272955656,0.405308783054,0.328408986330,0.205650761724,0.023599592969,-0.064672194421,-0.071743242443,-0.263173639774,-0.509484052658,-0.727731466293,-0.826410412788,-0.705822288990,-0.594954311848,-0.523525595665,-0.312218904495,-0.053097695112,0.205753982067,0.383175373077,0.363903909922,0.483513593674,0.655225574970,0.673324763775,0.794257044792,0.741693437099,0.525425612926,0.485245198011,0.306056231260,0.014591851272,-0.069052971900,-0.157652840018,-0.288313508034,-0.188786685467,-0.018338343129,0.068273276091,0.040890377015,-0.071265451610,-0.072429776192,-0.155007481575,-0.140809521079,0.063146933913,0.123068131506,0.233157426119,0.234004095197,0.176377907395,0.246704876423,0.223513945937,0.257281094790,0.212921664119,0.155041381717,0.140795573592,-0.030563488603,-0.085165105760,-0.255900472403,-0.583490729332,-0.779647111893,-0.864972054958,-0.660732507706,-0.591324985027,-0.720901131630,-0.596301734447,-0.411543309689,-0.192398175597,-0.110321834683,-0.084502436221,0.072432555258,0.114892430604,0.220791384578,0.265348047018,0.272952437401,0.318941652775,0.231253400445,0.182706400752,-0.050244018435,-0.227792695165,-0.258967936039,-0.411360055208,-0.410913854837,-0.489021241665,-0.451158165932,-0.235690087080,-0.262844622135,-0.233012795448,-0.235658988357,-0.272363215685,-0.190829917789,-0.158253788948,-0.027079291642,0.161135613918,0.309769868851,0.364085674286,0.331036955118,0.344366401434,0.323003470898,0.266213059425,0.182435765862,0.220498979092,0.323161542416,0.120125658810,-0.120180331171,-0.252032965422,-0.406310409307,-0.472979426384,-0.483760118484,-0.383872628212,-0.286475419998,-0.162183403969,0.035700242966,-0.001699408866,0.056786462665,0.204887464643,0.187257051468,0.369208782911,0.428231805563,0.297362416983,0.357518166304,0.285516798496,0.167290896177,0.118188895285,-0.046477001160,-0.111312955618,-0.160192683339,-0.278731822968,-0.306350201368,-0.273123234510,-0.215288534760,-0.208500817418,-0.259347528219,-0.327432036400,-0.328474700451,-0.234449714422,-0.224189594388,-0.153052285314,0.063235536218,0.108094096184,0.183364227414,0.373214185238,0.220338076353,0.124249927700,0.249813258648,0.140378475189,0.105706110597,0.083373025060,-0.046758174896,-0.093016326427,-0.291068315506,-0.436833798885,-0.470173150301,-0.544457435608,-0.532754421234,-0.464107811451,-0.295439124107,-0.136362448335,0.006553789601,0.128004580736,0.121390990913,0.161497160792,0.130050167441,0.150586009026,0.314147412777,0.336720675230,0.416122645140,0.384022504091,0.127275705338,0.014554436319,-0.141209840775,-0.301058262587,-0.279914528131,-0.262084037066,-0.199100509286,-0.139074429870,-0.139066368341,-0.162962481380,-0.243652760983,-0.275184929371,-0.300040215254,-0.323861569166,-0.293388545513,-0.183438062668,0.016979215667,0.136521220207,0.215912684798,0.215222820640,0.168830260634,0.305712193251,0.365561723709,0.326702296734,0.323008477688,0.209230959415,0.074162751436,-0.105232514441,-0.366358190775,-0.620725989342,-0.709421455860,-0.503748774529,-0.327621400356,-0.262252420187,-0.107354074717,0.074502706528,0.165544360876,0.174102589488,0.203884467483,0.185689568520,0.191425159574,0.295146256685,0.373899072409,0.390638321638,0.276234984398,0.153875142336,0.006889051292,-0.152899965644,-0.208563327789,-0.364484995604,-0.427763938904,-0.362351477146,-0.308526992798,-0.169482246041,-0.169202893972,-0.184370175004,-0.242280766368,-0.353230625391,-0.171970427036,-0.086509890854,0.027891149744,0.302342951298,0.321600794792,0.413367331028,0.455227762461,0.302480518818,0.298767775297,0.253686308861,0.132493138313,0.103896215558,0.071334972978,0.038994360715,0.123579919338,0.125963494182,-0.072820581496,-0.320764183998,-0.437829345465,-0.247835293412,-0.092306897044,-0.031668532640,0.121041454375,0.159185141325,0.258632868528,0.331552624702,0.305884897709,0.378291845322,0.422486037016,0.504574477673,0.491628706455,0.434574097395,0.433421492577,0.287881165743,0.136254236102,-0.058648642153,-0.223840221763,-0.313145846128,-0.359696030617,-0.275083482265,-0.330165982246,-0.406950563192,-0.407867461443,-0.450776070356,-0.535816252232,-0.660034954548,-0.501191794872,-0.340927928686,-0.260738283396,0.049779977649,0.129072636366,0.098386131227,0.125485211611,0.080427370965,0.120493225753,0.075196877122,0.145458340645,0.118304245174,-0.182874917984,-0.161272391677,-0.281337827444,-0.635693728924,-0.600741207600,-0.594148933887,-0.840438127518,-0.724661409855,-0.254648119211,-0.109083883464,0.045956119895,0.399290114641,0.370330542326,0.399500101805,0.581436634064,0.507592618465,0.472478091717,0.530598878860,0.564087271690,0.582033693790,0.577247798443,0.375110119581,0.029702402651,-0.142186820507,-0.293288201094,-0.378926426172,-0.372849255800,-0.409805595875,-0.284386217594,-0.143667981029,-0.180723741651,-0.250914394855,-0.193083286285,-0.088918611407,-0.023973839357,0.131783097982,0.323708176613,0.469162344933,0.503770053387,0.483804315329,0.466941863298,0.385627210140,0.359481185675,0.276127755642,0.067280881107,-0.162039175630,-0.339071750641,-0.370154887438,-0.567288219929,-0.802431583405,-0.746784627438,-0.741074264050,-0.697513461113,-0.523286104202,-0.389318287373,-0.062070522457,0.175964549184,0.164830490947,0.325334668159,0.436971127987,0.436066448689,0.564858078957,0.580074787140,0.457158684731,0.373041033745,0.261418759823,0.022270724177,-0.209510639310,-0.398459017277,-0.601985931396,-0.555879652500,-0.399991333485,-0.349158883095,-0.326663047075,-0.353867709637,-0.212029725313,-0.183189660311,-0.393684238195,-0.350931078196,-0.302337408066,-0.225241348147,0.092207327485,0.241368427873,0.295140326023,0.359358906746,0.319956392050,0.354902654886,0.402429580688,0.364160895348,0.307058364153,0.155564606190,0.055662751198,-0.022277347744,-0.318278819323,-0.422296285629,-0.494462609291,-0.823476195335,-0.584703803062,-0.249510467052,-0.376657575369,-0.097817733884,0.154362499714,0.125994190574,0.331315070391,0.320242613554,0.373382747173,0.585530042648,0.483125299215,0.613112986088,0.639048576355,0.296590864658,0.280028790236,0.182387396693,-0.024484641850,-0.006171603221,-0.149295672774,-0.291104644537,-0.171552479267,-0.144877403975,-0.277147382498,-0.218808308244,-0.314451187849,-0.464792460203,-0.205613598228,-0.151838123798,-0.045751173049,0.208258628845,0.165325850248,0.395796388388,0.490291029215,0.399663954973,0.508217573166,0.281660944223,0.184421271086,0.248582065105,0.095350287855,0.052232187241,-0.116388708353,-0.362289160490,-0.540861189365,-0.829466760159,-0.917900621891,-0.828386008739,-0.817186415195,-0.624854505062,-0.291076481342,-0.082252003253,0.080096408725,0.187274172902,0.256576329470,0.331333637238,0.486293345690,0.684137225151,0.677094995975,0.672302961349,0.660343706608,0.513286948204,0.415558099747,0.246398821473,0.031354598701,-0.112633556128,-0.084391906857,-0.026946125552,-0.167419463396,-0.138739407063,-0.033047262579,-0.020009424537,-0.007747736294,-0.199897557497,-0.267571419477,-0.098487548530,0.055101215839,0.269242674112,0.435028642416,0.437734842300,0.415734320879,0.529396474361,0.543681681156,0.458997070789,0.437171876431,0.229246512055,0.125009521842,0.077307365835,-0.201440557837,-0.364034026861,-0.536165893078,-0.749604284763,-0.799577951431,-0.779400587082,-0.760326385498,-0.628159224987,-0.276697158813,-0.167156383395,-0.189206063747,0.005389729515,-0.031430572271,-0.030175048858,0.199969425797,0.289594411850,0.437842607498,0.538552403450,0.512181580067,0.495882362127,0.204723134637,-0.092349618673,-0.221474215388,-0.455489218235,-0.478480219841,-0.455310642719,-0.539062142372,-0.349421173334,-0.349009573460,-0.598031282425,-0.575173377991,-0.488370150328,-0.419550389051,-0.119400463998,0.124767065048,0.145864129066,0.424664646387,0.692188084126,0.632247090340,0.684522926807,0.641104102135,0.566338837147,0.614823341370,0.400260418653,0.249107584357,0.150771275163,-0.093780897558,-0.285207152367,-0.511508285999,-0.578926265240,-0.585631549358,-0.602018654346,-0.310648739338,-0.075756013393,-0.013359936886,0.211442455649,0.394122391939,0.349937468767,0.436716496944,0.610921382904,0.582830667496,0.687512695789,0.729051291943,0.517009556293,0.488927394152,0.312141150236,0.017509844154,-0.102071806788,-0.348754376173,-0.427913039923,-0.413048475981,-0.494005709887,-0.336712837219,-0.299704372883,-0.462126135826,-0.473792344332,-0.367796272039,-0.211790934205,-0.070292450488,0.048347372562,0.132997155190,0.243592143059,0.438877403736,0.575803101063,0.483303099871,0.282590508461,0.280005514622,0.293561846018,0.244471803308,0.248853847384,0.065692767501,-0.149983972311,-0.285878658295,-0.453745841980,-0.568858146667,-0.745904147625,-0.780721068382,-0.572576820850,-0.507327139378,-0.404119759798,-0.079990468919,0.009283743799,-0.052146390080,0.120872825384,0.192180529237,0.192027851939,0.286173224449,0.288533091545,0.437057107687,0.389481812716,0.082243122160,0.108951061964,-0.058197081089,-0.526091337204,-0.534675478935,-0.354086726904,-0.445862114429,-0.296578705311,-0.064353689551,-0.263585716486,-0.260220468044,-0.223961412907,-0.393778234720,-0.252180993557,-0.131387352943,-0.050953175873,0.165554568172,0.362114846706,0.400220215321,0.300884425640,0.342538952827,0.331577777863,0.307327061892,0.277717620134,0.168042078614,0.214251726866,0.060120142996,-0.180146619678,-0.306260585785,-0.502385437489,-0.512943565845,-0.487376928329,-0.450002908707,-0.256698191166,-0.090374514461,0.150914967060,0.396131813526,0.457919001579,0.387310177088,0.361204057932,0.435217291117,0.472909867764,0.513199090958,0.466013789177,0.344892382622,0.288543790579,0.165172696114,0.010606436059,-0.208492413163,-0.422754734755,-0.404202342033,-0.334009855986,-0.275039523840,-0.235458329320,-0.233248516917,-0.147294715047,-0.171010568738,-0.255675405264,-0.262925803661,-0.246660277247,-0.055090215057,0.148958906531,0.349539399147,0.550597608089,0.402214378119,0.224765673280,0.200601994991,0.096908017993,0.094327382743,0.178598135710,0.139734879136,0.013022895902,-0.039160989225,-0.089962527156,-0.249096170068,-0.354483067989,-0.342448145151,-0.222857221961,-0.169034570456,-0.128532156348,0.097253650427,0.143600255251,0.072008296847,0.239784285426,0.337870568037,0.221596911550,0.275958240032,0.397739440203,0.322891086340,0.379881709814,0.407154411077,0.221448406577,0.160879179835,0.019693942741,-0.229967102408,-0.253809034824,-0.260000616312,-0.375875622034,-0.284237205982,-0.182089373469,-0.335924059153,-0.358925729990,-0.378759860992,-0.547308027744,-0.445919215679,-0.258092761040,-0.222891792655,-0.092303648591,0.076378494501,0.121123999357,0.244599133730,0.332489073277,0.270130634308,0.305805265903,0.229703545570,0.120827645063,0.077094256878,-0.125554248691,-0.203393623233,-0.344010204077,-0.649954557419,-0.741876840591,-0.714810848236,-0.620137274265,-0.400975137949,-0.164733543992,-0.027372205630,0.180937305093,0.351135313511,0.342791616917,0.493877649307,0.542877554893,0.559410691261,0.740191102028,0.669673740864,0.618550658226,0.500188827515,0.152451902628,0.018876699731,-0.188744187355,-0.378680944443,-0.226045504212,-0.242463558912,-0.298672586679,-0.139574736357,-0.159727200866,-0.167050570250,-0.059837024659,-0.182523027062,-0.203766956925,0.019429974258,0.144192934036,0.260160207748,0.408811599016,0.500075876713,0.527847409248,0.523595213890,0.490025550127,0.279150784016,0.108403049409,0.026633976027,-0.091142825782,-0.091165959835,-0.232704013586,-0.475700259209,-0.580248594284,-0.699457705021,-0.766250193119,-0.711631715298,-0.517890810966,-0.358723968267,-0.242995873094,0.037695929408,0.177553027868,0.228058382869,0.300720214844,0.313285261393,0.459084123373,0.486001282930,0.442061483860,0.437546402216,0.258700758219,0.135363742709,-0.057027213275,-0.366780251265,-0.538841366768,-0.626441895962,-0.599954426289,-0.586105942726,-0.592244982719,-0.487594932318,-0.425431638956,-0.408018767834,-0.387969434261,-0.358868956566,-0.244855001569,-0.131655052304,-0.052801050246,0.124700017273,0.283080965281,0.307849645615,0.290038973093,0.178124964237,0.143087491393,0.252330124378,0.202252119780,0.072894789279,-0.027706919238,-0.139571517706,-0.262100100517,-0.406668305397,-0.537117421627,-0.670217752457,-0.626693904400,-0.469732016325,-0.262317180634,0.009172250517,0.065115593374,0.272835344076,0.521866321564,0.483849674463,0.579199075699,0.547249555588,0.445108324289,0.567365109921,0.587006866932,0.517266154289,0.402835935354,0.165971517563,-0.114107429981,-0.289027571678,-0.361107766628,-0.340763926506,-0.332862734795,-0.417202562094,-0.305037945509,-0.295800268650,-0.447952568531,-0.336259692907,-0.238942459226,-0.148286387324,-0.017004799098,0.071112371981,0.284622162580,0.388703286648,0.419406235218,0.527857720852,0.497298538685,0.337541192770,0.171703115106,0.084455065429,0.042007312179,-0.080018371344,-0.246868029237,-0.412336617708,-0.597636699677,-0.781632006168,-0.911748766899,-0.901833534241,-0.735680282116,-0.523558914661,-0.279834449291,-0.036374300718,0.108245305717,0.240360543132,0.369220614433,0.410150110722,0.466917872429,0.574095547199,0.652086675167,0.683103442192,0.618278384209,0.433896988630,0.241530820727,0.134862557054,-0.035885509104,-0.221229374409,-0.206850305200,-0.238931432366,-0.237277045846,-0.094361640513,-0.099050767720,-0.047229196876,-0.089912429452,-0.266731351614,-0.219233468175,-0.154512941837,0.040247928351,0.175909176469,0.165028482676,0.344320505857,0.315683931112,0.319591224194,0.381128937006,0.233732417226,0.243578329682,0.127282306552,0.045783616602,-0.072665102780,-0.448520749807,-0.523325443268,-0.684424102306,-0.867367863655,-0.915353953838,-1.042613863945,-0.735065102577,-0.443711638451,-0.362562894821,-0.210685729980,-0.172110408545,0.042216658592,0.190365359187,0.194206476212,0.340022772551,0.385655850172,0.403983533382,0.357503086329,0.157720208168,0.010630810633,-0.036226183176,-0.157619729638,-0.408551543951,-0.483254879713,-0.466395378113,-0.421399086714,-0.353409230709,-0.475272566080,-0.383149862289,-0.217706933618,-0.297059357166,-0.254371523857,-0.102635942400,0.110672652721,0.229649290442,0.294067263603,0.551606178284,0.657548248768,0.655205607414,0.696215569973,0.597992897034,0.486828923225,0.449000597000,0.419215947390,0.281463921070,0.059531740844,-0.069041326642,-0.228090271354,-0.487507969141,-0.618725717068,-0.592921435833,-0.476210922003,-0.334079474211,-0.266266226768,-0.109412916005,0.093477644026,0.185826003551,0.307133615017,0.334986299276,0.241770952940,0.324589967728,0.562984943390,0.689773082733,0.574380159378,0.346251010895,0.177211478353,0.064340792596,-0.127738147974,-0.316185414791,-0.330771684647,-0.384649783373,-0.445710092783,-0.406363725662,-0.463550478220,-0.454100251198,-0.449153989553,-0.586532473564,-0.601367771626,-0.536482512951,-0.294484704733,-0.003311765613,0.053373534232,0.229481652379,0.372839331627,0.369559317827,0.444071412086,0.376880675554,0.287674456835,0.307780802250,0.337535947561,0.186995714903,-0.143865615129,-0.310668230057,-0.453299969435,-0.624597191811,-0.724227488041,-0.781220078468,-0.725029110909,-0.574254572392,-0.316018939018,-0.255802512169,-0.261425554752,-0.059893626720,-0.028996458277,0.093195289373,0.305170774460,0.357554286718,0.565154254436,0.672315537930,0.602614164352,0.511383235455,0.302202552557,0.032015554607,-0.244304567575,-0.311756521463,-0.290381073952,-0.361463516951,-0.375759571791,-0.388153314590,-0.386691361666,-0.414406508207,-0.521910488605,-0.591400086880,-0.512989878654,-0.239562988281,0.012140790932,0.189096003771,0.352147430182,0.426274001598,0.478879392147,0.476459234953,0.346134185791,0.209025651217,0.211475744843,0.285011321306,0.228668496013,0.007234368008,-0.222717046738,-0.378647446632,-0.609294533730,-0.747678935528,-0.694472908974,-0.661263465881,-0.438926994801,-0.151659399271,-0.059423558414,0.034606713802,0.158845007420,0.329835414886,0.471416115761,0.479788184166,0.443158388138,0.490254104137,0.562820315361,0.503251791000,0.487673431635,0.316276490688,-0.028249096125,-0.186646148562,-0.400706589222,-0.482795178890,-0.382624924183,-0.388578116894,-0.359659314156,-0.388055026531,-0.400817722082,-0.427690565586,-0.476555705070,-0.436479687691,-0.420545756817,-0.214396774769,-0.006626959424,0.212660789490,0.476958274841,0.326834648848,0.219386577606,0.236839711666,0.199337229133,0.445548504591,0.590689122677,0.419306874275,0.203351318836,0.070938855410,-0.044497072697,-0.221445187926,-0.318635582924,-0.366052627563,-0.343933224678,-0.284936547279,-0.255470186472,-0.114715471864,0.022733390331,0.107547119260,0.141930818558,0.063650660217,0.015912307426,0.095615260303,0.285347402096,0.458582699299,0.477395385504,0.388046622276,0.275430589914,0.089379154146,-0.122380450368,-0.281512528658,-0.368868738413,-0.387313932180,-0.469777196646,-0.371097236872,-0.183604463935,-0.294202059507,-0.320459902287,-0.406625449657,-0.615095257759,-0.481878757477,-0.370747804642,-0.262969106436,-0.021164836362,0.075285285711,0.204204604030,0.311256170273,0.273868441582,0.219964981079,0.184132844210,0.185116648674,0.190010249615,0.108554355800,-0.078084178269,-0.187682777643,-0.370223790407,-0.686415135860,-0.731486558914,-0.666852116585,-0.554545879364,-0.306848406792,-0.201510712504,-0.036886308342,0.162658095360,0.262433916330,0.416366785765,0.451137989759,0.524349153042,0.669341027737,0.697903037071,0.736285090446,0.714006304741,0.604576468468,0.362827926874,0.116242952645,-0.016397571191,-0.229345932603,-0.243702456355,-0.098880849779,-0.110912203789,-0.123339623213,-0.124781154096,-0.099709048867,-0.140060052276,-0.286466479301,-0.252819359303,-0.125919103622,-0.067050375044,0.076035007834,0.273229151964,0.279633790255,0.268145591021,0.353335231543,0.221933320165,0.123965494335,0.200337409973,0.144826039672,0.051828946918,-0.028569430113,-0.132575228810,-0.275609403849,-0.447115689516,-0.602273583412,-0.736022174358,-0.688148200512,-0.540082693100,-0.291682153940,-0.039559628814,-0.027295924723,0.052206829190,0.051896799356,0.000431474618,0.145984798670,0.113040558994,0.220320820808,0.408482670784,0.340351074934,0.383203595877,0.320193558931,0.165447935462,0.036692209542,-0.213870182633,-0.282455980778,-0.294602006674,-0.361459404230,-0.349677294493,-0.412182897329,-0.399862498045,-0.327588349581,-0.436125576496,-0.414986878633,-0.266904085875,-0.301200747490,-0.171224296093,0.096075646579,0.248691543937,0.403385907412,0.330887079239,0.253352701664,0.394581288099,0.392142862082,0.319264143705,0.214922502637,-0.004629075062,-0.165629744530,-0.239604651928,-0.402877092361,-0.600225806236,-0.687757015228,-0.748453497887,-0.635434210300,-0.394152373075,-0.163103058934,0.102499403059,0.253123402596,0.409659177065,0.497718185186,0.471152007580,0.562816560268,0.633530735970,0.669506132603,0.685523331165,0.633241355419,0.399991273880,0.186395600438,0.187531292439,-0.101490870118,-0.348629415035,-0.342008739710,-0.421792209148,-0.340711951256,-0.335599452257,-0.342376589775,-0.259769350290,-0.351689070463,-0.315707594156,-0.170592993498,-0.080052010715,0.034205064178,0.296600222588,0.471565216780,0.478187054396,0.698621988297,0.709932923317,0.523958384991,0.532847225666,0.355373501778,0.074313834310,-0.011361778714,-0.099478028715,-0.422910094261,-0.560435593128,-0.487854331732,-0.722849249840,-0.744811296463,-0.590015411377,-0.606510639191,-0.333832114935,-0.038098372519,0.092942140996,0.222055450082,0.264369696379,0.323748528957,0.422381162643,0.487478703260,0.506678819656,0.576731443405,0.625606954098,0.553848922253,0.462871164083,0.287747621536,0.062186811119,-0.102250091732,-0.196424081922,-0.237672612071,-0.192938223481,-0.150842919946,-0.242239549756,-0.157586157322,-0.146054372191,-0.330752521753,-0.171236798167,-0.079960189760,-0.010453374125,0.258398473263,0.243393510580,0.256407171488,0.315846353769,0.276663601398,0.299865335226,0.233555391431,0.193835750222,0.197252586484,0.160312131047,0.020875275135,-0.189057305455,-0.390985876322,-0.647058963776,-0.766164720058,-0.859746754169,-0.903358399868,-0.762184917927,-0.583910822868,-0.284330606461,-0.101731002331,0.024038165808,0.134345144033,0.118403099477,0.342747807503,0.523259162903,0.583135902882,0.598949193954,0.498778253794,0.523380875587,0.399262934923,0.191228002310,-0.081605017185,-0.369149535894,-0.390753209591,-0.500013291836,-0.497870951891,-0.462784796953,-0.442091017962,-0.191553756595,-0.211124494672,-0.193505719304,-0.187675610185,-0.304039895535,0.069863557816,0.347567498684,0.368772685528,0.572541534901,0.666575193405,0.527708292007,0.509502053261,0.682801723480,0.600444495678,0.576819837093,0.670531094074,0.319652199745,0.070678651333,-0.084018275142,-0.370865017176,-0.407903790474,-0.623640894890,-0.697557210922,-0.396569311619,-0.370749205351,-0.221636459231,0.051099855453,0.139949887991,0.310689508915,0.434097111225,0.459217280149,0.483083248138,0.606883764267,0.687557160854,0.695216953754,0.711239337921,0.436953455210,0.236289262772,0.065464727581,-0.233115211129,-0.211597502232,-0.341994047165,-0.518911421299,-0.364539325237,-0.316996812820,-0.348167926073,-0.322195172310,-0.322344422340,-0.350001513958,-0.317250013351,-0.281032919884,-0.142692193389,0.091722413898,0.178052008152,0.358496218920,0.466685891151,0.406225830317,0.289010077715,0.003971159924,0.040586244315,0.179443910718,0.122069574893,0.180728301406,0.084227934480,-0.177861332893,-0.409533441067,-0.526551306248,-0.566961944103,-0.633047342300,-0.534934282303,-0.355945706367,-0.207879871130,-0.085342079401,0.075342148542,0.146798059344,-0.000507875404,0.088528759778,0.223907992244,0.285174429417,0.550300359726,0.572018504143,0.465656697750,0.377574324608,0.146640077233,0.055793970823,-0.066499739885,-0.234833776951,-0.220789015293,-0.204925134778,-0.182717293501,-0.147716581821,-0.205219283700,-0.240563765168,-0.236753985286,-0.367563337088,-0.478945851326,-0.335298568010,-0.073349192739,0.178803533316,0.348745465279,0.437860637903,0.524163365364,0.561552882195,0.536067724228,0.534785091877,0.537454247475,0.450332701206,0.394559502602,0.252169102430,-0.049230445176,-0.278426378965,-0.524266898632,-0.700924634933,-0.805375516415,-0.824950635433,-0.596003770828,-0.370935022831,-0.134453222156,0.067538209260,0.100792922080,0.068844422698,0.104435257614,0.254609018564,0.386062920094,0.630208313465,0.699286997318,0.550791382790,0.502615690231,0.362020254135,0.256957083941,0.011610577814,-0.228353649378,-0.258357912302,-0.389366924763,-0.225144609809,-0.152243927121,-0.348765522242,-0.292228817940,-0.427380204201,-0.529004871845,-0.357468575239,-0.327184945345,-0.160695165396,0.138099819422,0.288025617599,0.433287709951,0.534786105156,0.482539981604,0.415406256914,0.479012936354,0.610574543476,0.619816422462,0.566808164120,0.521264016628,0.259214788675,-0.072270222008,-0.165130898356,-0.312771499157,-0.513392090797,-0.434550553560,-0.370804011822,-0.293503224850,-0.107114903629,-0.116049215198,0.021772591397,0.170272499323,0.095490507782,0.240246534348,0.340205430984,0.443906426430,0.686919569969,0.644838511944,0.534312725067,0.466357916594,0.328264564276,0.160071939230,-0.035339113325,-0.243099659681,-0.441548854113,-0.453377664089,-0.432538866997,-0.434894263744,-0.443055033684,-0.598071277142,-0.633897483349,-0.578971505165,-0.462877988815,-0.306173354387,-0.232416599989,-0.061679225415,0.112756274641,0.326722323895,0.382631570101,0.232037127018,0.281694144011,0.203095495701,0.023987490684,0.114403091371,0.184595674276,-0.056328900158,-0.245635375381,-0.242080509663,-0.547628104687,-0.686918675900,-0.576691448689,-0.716174662113,-0.518858313560,-0.290095120668,-0.225721642375,0.170423150063,0.217524766922,0.057675488293,0.385420590639,0.520047843456,0.422739207745,0.824785172939,0.948638319969,0.605981528759,0.721730113029,0.622427165508,0.304017543793,0.368422895670,0.149435028434,-0.064747132361,-0.029759028926,-0.159000471234,-0.148243471980,-0.096743151546,-0.193202123046,-0.218433827162,-0.228027760983,-0.254895836115,-0.173859998584,0.059627372772,0.203232124448,0.183271721005,0.191866084933,0.210222825408,0.343836545944,0.474780112505,0.390772134066,0.303448587656,0.264944911003,0.249039933085,0.171595498919,0.007971293293,-0.146898776293,-0.395567119122,-0.633324086666,-0.764623165131,-0.745564639568,-0.566402494907,-0.368491709232,-0.154930144548,-0.062870003283,0.053856950253,0.219020336866,0.208133205771,0.277709513903,0.235569730401,0.178712442517,0.364301472902,0.336432605982,0.310381084681,0.299004971981,0.053122550249,-0.142738640308,-0.319536447525,-0.451058208942,-0.515800833702,-0.497539162636,-0.424897700548,-0.435500830412,-0.335114836693,-0.254988104105,-0.268476694822,-0.273470252752,-0.294281810522,-0.197243869305,-0.065950445831,0.178998500109,0.464698463678,0.538514316082,0.528430998325,0.452557474375,0.411602795124,0.364582508802,0.357699453831,0.430942475796,0.154731422663,-0.131478056312,-0.176071614027,-0.353479921818,-0.608100414276,-0.728678345680,-0.615506291389,-0.521736681461,-0.372563570738,-0.186759039760,-0.175570219755,0.112937971950,0.287578016520,0.354997009039,0.662536919117,0.545114517212,0.550958037376,0.751616954803,0.537105917931,0.457370251417,0.448332846165,0.324854940176,0.098854914308,-0.202984094620,-0.298616796732,-0.392741382122,-0.368150115013,-0.261829137802,-0.292031377554,-0.240865141153,-0.285773366690,-0.252230048180,-0.091938078403,-0.141444429755,-0.081279002130,0.088810205460,0.152759462595,0.265310287476,0.398904651403,0.363927274942,0.268773674965,0.249285608530,0.176093667746,0.174079284072,0.120201967657,-0.053060274571,-0.117631420493,-0.318609327078,-0.472607076168,-0.541561722755,-0.783242285252,-0.828492760658,-0.770328879356,-0.710158467293,-0.401237100363,-0.128254488111,0.015673879534,0.273058772087,0.350947052240,0.233127161860,0.321438550949,0.323922187090,0.402945637703,0.654293656349,0.510891079903,0.372231781483,0.278027683496,0.009547524154,-0.041479565203,-0.051978737116,-0.171543166041,-0.275429219007,-0.275796651840,-0.197210997343,-0.171185642481,-0.214891240001,-0.273493111134,-0.244932606816,-0.226799055934,-0.121458783746,0.088398613036,0.223188564181,0.330236494541,0.386115163565,0.527970552444,0.567136287689,0.427735954523,0.411524504423,0.289569437504,0.101266808808,0.029122795910,-0.049852252007,-0.256152778864,-0.489933639765,-0.633069574833,-0.867008268833,-0.926712155342,-0.802850484848,-0.677442312241,-0.463513016701,-0.442710250616,-0.240131497383,0.176590129733,0.297338515520,0.354497849941,0.307632565498,0.318479418755,0.543507158756,0.639697968960,0.613820612431,0.524073660374,0.341944843531,0.001140590059,-0.180358067155,-0.307334929705,-0.671531379223,-0.631914079189,-0.507047712803,-0.522116243839,-0.357362627983,-0.468527823687,-0.438493430614,-0.260656028986,-0.351378113031,-0.261355668306,-0.097113765776,0.124630168080,0.304348975420,0.342300623655,0.523694097996,0.501586377621,0.490022271872,0.575273573399,0.347273379564,0.259723871946,0.284868091345,0.096890516579,-0.071121394634,-0.186651915312,-0.373283177614,-0.545025885105,-0.670520424843,-0.800492703915,-0.705901861191,-0.451751202345,-0.178942218423,0.168025895953,0.343809396029,0.394504994154,0.425523906946,0.439994513988,0.526731252670,0.572635293007,0.623053669930,0.638126552105,0.548722267151,0.395727187395,0.205037966371,0.050329316407,-0.275772064924,-0.488237887621,-0.438816875219,-0.568435132504,-0.548807322979,-0.477237969637,-0.580396115780,-0.505820035934,-0.526797890663,-0.504382431507,-0.289708882570,-0.210155323148,-0.001744459732,0.262410074472,0.303240507841,0.375236719847,0.435490429401,0.342502474785,0.394965529442,0.401937961578,0.163883700967,0.146992400289,0.129541993141,-0.043479137123,-0.125212103128,-0.372053503990,-0.554468333721,-0.632291197777,-0.854964613914,-0.907548129559,-0.809363543987,-0.654772162437,-0.423111200333,-0.164401188493,0.083869196475,0.147112473845,0.181017965078,0.304520815611,0.432489901781,0.591371655464,0.669829308987,0.706455588341,0.692947506905,0.536614239216,0.358186691999,0.093454957008,-0.164205685258,-0.258441895247,-0.333513736725,-0.364904373884,-0.394588470459,-0.468443214893,-0.465435475111,-0.409365415573,-0.325685203075,-0.344804495573,-0.432957947254,-0.306626468897,-0.070901088417,0.130817070603,0.373796284199,0.514204800129,0.463428586721,0.449099272490,0.445723831654,0.397234261036,0.521022319794,0.538159787655,0.306589603424,0.037863366306,-0.326546192169,-0.525610089302,-0.578048884869,-0.746203124523,-0.830230653286,-0.825382709503,-0.764598488808,-0.581635773182,-0.354857951403,-0.137553572655,0.091358922422,0.231298059225,0.188765391707,0.248289659619,0.428071558475,0.479099333286,0.470426738262,0.417748957872,0.333143502474,0.166851177812,-0.100195333362,-0.250061571598,-0.389587998390,-0.502230703831,-0.441998511553,-0.416927546263,-0.361454635859,-0.249150961637,-0.257882386446,-0.321700900793,-0.398621320724,-0.394309073687,-0.290817856789,-0.201895862818,-0.027862852439,0.191957265139,0.327039062977,0.407291769981,0.449970126152,0.513142168522,0.530824363232,0.456146508455,0.435573071241,0.437733888626,0.387126535177,0.241993740201,-0.021475045010,-0.226972520351,-0.424401640892,-0.654724895954,-0.645659446716,-0.581144869328,-0.570268273354,-0.387762933969,-0.243451297283,-0.137475654483,0.024943625554,0.084655143321,0.167559847236,0.301569551229,0.405523926020,0.510018467903,0.545218169689,0.481177598238,0.387931495905,0.225703671575,-0.068312257528,-0.320337116718,-0.471165686846,-0.528088331223,-0.513348579407,-0.536995708942,-0.488974839449,-0.574793219566,-0.628224611282,-0.476652473211,-0.636809110641,-0.648401498795,-0.472387522459,-0.397272855043,-0.076443515718,0.077414445579,0.191417470574,0.337509065866,0.319570302963,0.414259582758,0.349503904581,0.278779000044,0.306443929672,0.227937951684,0.063048548996,-0.186832010746,-0.344018638134,-0.518976092339,-0.534078896046,-0.464679092169,-0.522109687328,-0.374023646116,-0.264659106731,-0.117083020508,0.106233268976,0.143308505416,0.153378814459,0.108339898288,0.219505742192,0.329447209835,0.410885155201,0.663772165775,0.633248925209,0.504515528679,0.419056326151,0.311245918274,0.248428121209,0.079143390059,-0.075036093593,-0.309652268887,-0.365711539984,-0.238618940115,-0.344048082829,-0.280994772911,-0.224522888660,-0.361740052700,-0.403825908899,-0.466196894646,-0.368134289980,-0.159901574254,0.010034816340,0.118659980595,0.079441092908,0.245536103845,0.360385239124,0.173398002982,0.147170364857,0.113739050925,0.025836000219,0.115430369973,-0.004448011052,-0.355982035398,-0.543197274208,-0.700663328171,-0.819829046726,-0.693940460682,-0.665861308575,-0.599675595760,-0.325999975204,-0.262499034405,-0.147240802646,0.052023325115,0.121394328773,0.247133955359,0.241816505790,0.301544278860,0.512211501598,0.488459199667,0.422714233398,0.386213958263,0.196284666657,-0.041790723801,-0.168518990278,-0.220445543528,-0.277488231659,-0.312202364206,-0.328214615583,-0.277989953756,-0.314877629280,-0.415206283331,-0.367580324411,-0.348558813334,-0.277079373598,-0.227568000555,-0.201404422522,0.065529488027,0.232730150223,0.388788789511,0.521495163441,0.459449797869,0.505790472031,0.414504557848,0.328741580248,0.326530843973,0.189956143498,0.170029044151,-0.036146786064,-0.329155802727,-0.473967194557,-0.654485046864,-0.680596649647,-0.631102979183,-0.467699229717,-0.266256332397,-0.111860238016,0.090255804360,0.062452074140,0.124419271946,0.256064891815,0.229312732816,0.374402165413,0.471329718828,0.470251172781,0.435276687145,0.392687916756,0.349169671535,0.129230022430,-0.021836811677,-0.275568544865,-0.452695012093,-0.292642295361,-0.364395856857,-0.326072901487,-0.195828437805,-0.255990952253,-0.126802667975,-0.257844030857,-0.390406638384,-0.195874005556,-0.134434565902,0.035948868841,0.154422640800,0.163995787501,0.250084668398,0.175100252032,0.122960880399,0.109986439347,0.069830335677,0.046781219542,-0.024981727824,-0.127152547240,-0.249627918005,-0.317611157894,-0.451150745153,-0.622985541821,-0.643322944641,-0.579507887363,-0.468530803919,-0.326789200306,-0.115425527096,0.110131047666,0.311322808266,0.529959142208,0.539091885090,0.457485318184,0.580951392651,0.743201315403,0.812672913074,0.731010079384,0.530918836594,0.385238051414,0.181259587407,-0.028437314555,-0.160495325923,-0.407172650099,-0.506692707539,-0.437538623810,-0.465420246124,-0.360768795013,-0.261393964291,-0.344522416592,-0.355375200510,-0.330925673246,-0.269427061081,-0.060471139848,0.109705217183,0.161374986172,0.184699654579,0.186735287309,0.298946082592,0.451219171286,0.379750996828,0.214407444000,0.038415174931,-0.106196679175,-0.109843216836,-0.203935295343,-0.410520136356,-0.540952384472,-0.696649551392,-0.865068376064,-0.845633745193,-0.748587965965,-0.633948862553,-0.391591370106,-0.216597363353,-0.031824227422,0.185474783182,0.196364670992,0.251141875982,0.296939104795,0.280129253864,0.449724972248,0.498550742865,0.392300397158,0.343721717596,0.230348795652,0.094483099878,-0.091505698860,-0.370395213366,-0.470926046371,-0.371858984232,-0.268414497375,-0.169109418988,-0.134232431650,-0.098821006715,-0.051613636315,-0.166949257255,-0.155641213059,-0.009345714003,-0.006235262845,0.120442770422,0.310150802135,0.357386201620,0.420134484768,0.433438807726,0.367935270071,0.379184931517,0.387833476067,0.305270552635,0.228978380561,0.090518340468,-0.089712418616,-0.238300889730,-0.477533936501,-0.635441899300,-0.695466339588,-0.804468631744,-0.734863340855,-0.499137848616,-0.263037890196,0.013966233470,0.204950988293,0.204041942954,0.217885106802,0.298091232777,0.422964036465,0.594325065613,0.596247792244,0.560493946075,0.440536975861,0.162684708834,0.125324159861,-0.012373640202,-0.269427835941,-0.355384439230,-0.556764602661,-0.582335948944,-0.513969242573,-0.514785408974,-0.361699521542,-0.428840339184,-0.606928706169,-0.567267179489,-0.504084348679,-0.373953670263,-0.015402803198,0.164040893316,0.236132547259,0.626859366894,0.690458595753,0.633929312229,0.735166728497,0.459423631430,0.427688866854,0.399786740541,0.037416256964,-0.084591798484,-0.284078359604,-0.486738890409,-0.681051671505,-0.946447849274,-0.897712290287,-0.743935465813,-0.562299787998,-0.350235372782,-0.116493351758,0.134439036250,0.261291533709,0.355962872505,0.393177509308,0.477088153362,0.569784104824,0.640325725079,0.815139532089,0.830472409725,0.688559770584,0.426462143660,0.197445780039,0.053861360997,-0.316062867641,-0.428928464651,-0.342542290688,-0.468372464180,-0.415197193623,-0.405245602131,-0.423241466284,-0.324068725109,-0.406601667404,-0.288852006197,-0.114431209862,-0.088507898152,0.198369354010,0.407171815634,0.414907306433,0.497414588928,0.530776977539,0.505657076836,0.479328095913,0.435138761997,0.294421195984,0.138399720192,0.104173272848,-0.068251349032,-0.398507744074,-0.665386021137,-0.791335582733,-0.752674400806,-0.739214539528,-0.655036151409,-0.426526457071,-0.200191557407,0.087509766221,0.209396749735,0.247352272272,0.411158025265,0.503423988819,0.637011349201,0.713796973228,0.664809167385,0.570444226265,0.333952128887,0.231278732419,0.102269090712,-0.203235313296,-0.261849313974,-0.316800057888,-0.555980443954,-0.560558319092,-0.470767349005,-0.549983799458,-0.398293018341,-0.178935721517,-0.343360126019,-0.397850900888,-0.218386292458,-0.078259192407,0.224459677935,0.497996330261,0.553379654884,0.717782974243,0.823405086994,0.805181026459,0.878915369511,0.646431922913,0.486517906189,0.485762745142,0.119647003710,0.042762544006,-0.117899149656,-0.551775336266,-0.582717835903,-0.718324840069,-0.844066143036,-0.763673126698,-0.574159502983,-0.233218193054,0.009648309089,0.179151400924,0.128342270851,0.214190691710,0.383173286915,0.338696748018,0.618153393269,0.765816986561,0.706798136234,0.676176369190,0.412316381931,0.318925529718,0.117644473910,-0.255579739809,-0.415659904480,-0.603484332561,-0.671508491039,-0.620977044106,-0.570796847343,-0.461336314678,-0.421638041735,-0.428413927555,-0.346328586340,-0.192205175757,-0.210148364305,-0.083283618093,0.263560533524,0.236851215363,0.207302600145,0.352476179600,0.379245191813,0.423457533121,0.334969133139,0.255325645208,0.190865576267,0.001923716161,0.039929009974,-0.048842597753,-0.329637318850,-0.325384974480,-0.415147989988,-0.632765889168,-0.548421800137,-0.363917559385,-0.237327620387,-0.031418021768,0.102458454669,0.118106484413,0.230337098241,0.371494024992,0.409768074751,0.439326643944,0.610455870628,0.774549543858,0.806471824646,0.794861197472,0.567039966583,0.290901988745,0.139252170920,-0.081064634025,-0.212555170059,-0.196824371815,-0.177860900760,-0.259306132793,-0.274178504944,-0.279966741800,-0.474750310183,-0.427836298943,-0.488748848438,-0.668169856071,-0.405983895063,-0.270291358232,-0.109695792198,0.168610021472,0.224332779646,0.341844975948,0.351308792830,0.347558259964,0.416162252426,0.377237945795,0.266437083483,0.230037093163,0.250350236893,-0.151584997773,-0.335314869881,-0.336669594049,-0.805644094944,-0.784566640854,-0.626483857632,-0.667757511139,-0.442146986723,-0.358433187008,-0.259476393461,-0.141064107418,-0.006614129990,0.152599081397,0.299642890692,0.542254745960,0.540627717972,0.655995607376,0.796173930168,0.739827573299,0.739720046520,0.472485750914,0.260810256004,0.075664721429,-0.216631263494,-0.275522172451,-0.365288615227,-0.371994554996,-0.424304217100,-0.556339919567,-0.444311320782,-0.442941814661,-0.443546265364,-0.253469049931,0.005190237425,0.149204060435,0.164076298475,0.391188621521,0.434824168682,0.352057397366,0.500634193420,0.475038737059,0.476434111595,0.550262689590,0.484778046608,0.389472454786,0.148160859942,-0.130850791931,-0.378305822611,-0.549523651600,-0.619681894779,-0.676800370216,-0.575660943985,-0.484937340021,-0.346955239773,-0.103534840047,-0.035761181265,0.133242130280,0.252740263939,0.171815007925,0.276575267315,0.350530207157,0.313231557608,0.416252940893,0.484967350960,0.355049610138,0.279538124800,0.137545794249,-0.121950559318,-0.139115929604,-0.225204542279,-0.235791742802,-0.087078228593,-0.225405573845,-0.263714820147,-0.262826681137,-0.412277698517,-0.534703791142,-0.539915740490,-0.300011128187,-0.128904640675,0.145488023758,0.443417936563,0.412410020828,0.468137621880,0.432661324739,0.383611291647,0.512232124805,0.418052077293,0.333230495453,0.325030475855,0.168621093035,-0.178345397115,-0.418062895536,-0.431578189135,-0.601429283619,-0.537859559059,-0.445678144693,-0.561938643456,-0.298617303371,-0.161915212870,0.020917072892,0.321532160044,0.210994020104,0.423969179392,0.715316176414,0.809638381004,1.025688886642,0.962380468845,0.832885026932,0.768743395805,0.620760262012,0.359572023153,-0.028414616361,-0.293421655893,-0.487598866224,-0.492726683617,-0.347564220428,-0.332042038441,-0.300322324038,-0.354213744402,-0.448216378689,-0.518606424332,-0.633991539478,-0.485226124525,-0.220070496202,-0.002032975899,0.230200588703,0.302745968103,0.300567328930,0.281536489725,0.275507420301,0.266200661659,0.092024214566,-0.067354753613,-0.133936271071,-0.243111625314,-0.383764803410,-0.551836669445,-0.724038839340,-0.848195970058,-0.890720784664,-0.774788379669,-0.487001210451,-0.220324814320,-0.038677573204,0.162936955690,0.272874355316,0.304087847471,0.406289905310,0.415529817343,0.319361418486,0.407222121954,0.472155421972,0.394077926874,0.410538583994,0.212875872850,-0.054654154927,-0.195834040642,-0.423185378313,-0.351729243994,-0.253972977400,-0.239837199450,-0.015046710148,-0.029566172510,0.029248273000,0.165378913283,-0.002039832762,0.017134301364,0.117466524243,0.147415369749,0.345923095942,0.503781080246,0.435211241245,0.356708735228,0.380139917135,0.273327827454,0.217842102051,0.270387858152,0.173081532121,0.137577056885,0.141966864467,0.010020627640,-0.157732382417,-0.304744571447,-0.443481862545,-0.509933233261,-0.461395591497,-0.478762209415,-0.415974289179,-0.123606190085,0.072234928608,0.184510290623,0.269857317209,0.182588577271,0.186751946807,0.286777794361,0.187383994460,0.187252163887,0.357509523630,0.361018061638,0.315567225218,0.153577476740,-0.201508015394,-0.382436752319,-0.432023525238,-0.435781747103,-0.379839003086,-0.476313531399,-0.481742799282,-0.334002405405,-0.339848995209,-0.393706411123,-0.451260656118,-0.444223701954,-0.287740826607,-0.136749580503,0.011018475518,0.134632959962,0.191039249301,0.237178459764,0.275398999453,0.248539119959,0.195486545563,0.190194681287,0.115794852376,0.015191492625,-0.068590499461,-0.208299785852,-0.300686299801,-0.394867271185,-0.595876991749,-0.730549633503,-0.592736184597,-0.423923164606,-0.282647967339,0.066929869354,0.274986654520,0.317692190409,0.424682974815,0.419858634472,0.381194293499,0.407840788364,0.502742826939,0.593961596489,0.580894947052,0.407573610544,0.145935684443,0.106206655502,0.033266652375,-0.197086855769,-0.235712125897,-0.271162509918,-0.345287621021,-0.247013404965,-0.158668667078,-0.259750753641,-0.327196896076,-0.330362886190,-0.354978770018,-0.186101898551,-0.060595128685,0.003414511215,0.236380890012,0.387043952942,0.427011549473,0.380015462637,0.317275434732,0.284477263689,0.301098465919,0.381867527962,0.168153300881,-0.132862612605,-0.255653858185,-0.369943201542,-0.472598195076,-0.653912365437,-0.768413245678,-0.788141727448,-0.787408709526,-0.531604170799,-0.217390060425,-0.024374514818,0.145866096020,0.166044801474,0.131086185575,0.261958628893,0.421026259661,0.602239310741,0.794822037220,0.701982498169,0.509866952896,0.445458739996,0.241204485297,-0.074898242950,-0.246770754457,-0.338540136814,-0.365955650806,-0.282211363316,-0.344807177782,-0.374724417925,-0.189119011164,-0.277835071087,-0.506873905659,-0.481748670340,-0.350678056479,-0.178453162313,0.077029615641,0.387646913528,0.571635186672,0.578659772873,0.609412491322,0.671658456326,0.681652784348,0.703297674656,0.679679036140,0.511787295341,0.370150655508,0.144584119320,-0.195564880967,-0.397216528654,-0.742250621319,-0.959931671619,-0.836935818195,-0.843468904495,-0.656607568264,-0.466054290533,-0.373006135225,0.032584514469,0.166726306081,0.198421418667,0.347185015678,0.329883635044,0.414051324129,0.437941014767,0.406499445438,0.377483934164,0.234218180180,0.141586646438,0.034502424300,-0.178196668625,-0.474209457636,-0.630066215992,-0.660587966442,-0.664847791195,-0.539914369583,-0.563440680504,-0.600447952747,-0.529755651951,-0.594644546509,-0.547410964966,-0.380245238543,-0.186467573047,0.030667491257,0.116720423102,0.201886340976,0.280400335789,0.278805613518,0.312111765146,0.300413101912,0.165940940380,0.017159350216,-0.065708480775,-0.062251504511,-0.079118192196,-0.227972984314,-0.393540650606,-0.556295335293,-0.688564360142,-0.608075082302,-0.449519157410,-0.332137018442,-0.079527266324,0.156266570091,0.243825748563,0.351843744516,0.385112851858,0.460642427206,0.643879115582,0.661365985870,0.700885772705,0.717391788960,0.591731309891,0.562379777431,0.375407695770,0.097203433514,-0.004913457669,-0.181792274117,-0.353511363268,-0.386698335409,-0.419720292091,-0.438391447067,-0.303728759289,-0.221708625555,-0.374502480030,-0.390916258097,-0.310938507318,-0.263805717230,-0.095036521554,0.011617273092,0.148797482252,0.347030252218,0.338649719954,0.300919979811,0.261159479618,0.125291317701,0.129297226667,0.085755378008,-0.097851477563,-0.125958651304,-0.211667984724,-0.377994328737,-0.484640330076,-0.702832281590,-0.811228573322,-0.688852548599,-0.523309290409,-0.342415839434,-0.219428211451,-0.164376094937,-0.139213711023,-0.125036045909,-0.079668603837,-0.027791004628,0.106724835932,0.256951749325,0.319692701101,0.373034536839,0.320153832436,0.223152205348,0.084347419441,-0.175455629826,-0.288293033838,-0.323075145483,-0.356775462627,-0.357859820127,-0.437711715698,-0.359981328249,-0.187964513898,-0.209695622325,-0.343237519264,-0.408557981253,-0.341822355986,-0.203584015369,0.001095437445,0.147671237588,0.226920664310,0.315536081791,0.270989358425,0.245235592127,0.295966774225,0.247958093882,0.229852810502,0.185181081295,0.116207338870,0.163551464677,-0.058633591980,-0.376006156206,-0.409145861864,-0.545131444931,-0.592566251755,-0.473628014326,-0.455893427134,-0.244860187173,-0.042497940361,-0.009557638317,0.067226871848,0.179763779044,0.261476576328,0.222617104650,0.302795439959,0.386433362961,0.308193504810,0.327871084213,0.311204493046,0.259749054909,0.154632166028,-0.052424725145,-0.232480123639,-0.320051550865,-0.192833691835,-0.149071857333,-0.143056347966,-0.132036149502,-0.371452689171,-0.498065650463,-0.528117358685,-0.561216354370,-0.556884348392,-0.450581848621,-0.108056552708,0.020879054442,0.110153041780,0.305953353643,0.314609467983,0.384084582329,0.373160392046,0.359585165977,0.405364722013,0.308813571930,0.282359629869,0.079340510070,-0.147859856486,-0.248996496201,-0.503543019295,-0.505067229271,-0.449702888727,-0.547925710678,-0.344607472420,-0.094950266182,0.014871805906,0.194429576397,0.279975831509,0.268322944641,0.394618213177,0.579363048077,0.748821675777,0.799998342991,0.703890442848,0.679300189018,0.531242609024,0.344386070967,0.243852943182,-0.089607685804,-0.273867011070,-0.248431161046,-0.319797158241,-0.306730896235,-0.280619740486,-0.225902065635,-0.210924938321,-0.304419070482,-0.369212299585,-0.420973867178,-0.299470573664,-0.199501901865,-0.162626698613,-0.054772455245,-0.112553477287,-0.089758694172,-0.060039084405,-0.108416214585,0.032085072249,0.025747038424,-0.045287720859,-0.045267101377,-0.175837919116,-0.294426947832,-0.448767870665,-0.602161526680,-0.673327147961,-0.694725215435,-0.645700037479,-0.564942121506,-0.310691475868,-0.126372620463,-0.124772720039,-0.061937693506,-0.074934072793,-0.008612214588,0.139240413904,0.201106294990,0.236450254917,0.250779986382,0.355270475149,0.302743613720,0.224884182215,0.198269262910,-0.058009091765,-0.055322647095,-0.021296462044,-0.092075131834,0.059873536229,-0.060980595648,-0.175370588899,-0.153383284807,-0.338568300009,-0.417416751385,-0.386701375246,-0.246968239546,-0.051879603416,0.076079823077,0.290774375200,0.448744237423,0.460961014032,0.525646984577,0.599516391754,0.478754490614,0.350264549255,0.213602170348,0.047974452376,0.068954296410,-0.105352006853,-0.347894757986,-0.452938854694,-0.674837350845,-0.670442044735,-0.560418546200,-0.503473997116,-0.350148051977,-0.271629929543,-0.132051035762,0.110214784741,0.277263194323,0.245425730944,0.209778994322,0.316944837570,0.352984100580,0.468318998814,0.528183996677,0.385213226080,0.260173648596,0.102407023311,-0.069997794926,-0.352464109659,-0.593565881252,-0.590729415417,-0.605746328831,-0.605923056602,-0.513737559319,-0.412945985794,-0.471266180277,-0.606256186962,-0.512346684933,-0.362608760595,-0.169334292412,0.066157899797,0.199193477631,0.302206873894,0.262272089720,0.265088975430,0.327794849873,0.254781067371,0.276138514280,0.191293478012,-0.075110509992,-0.213440120220,-0.289408653975,-0.402954995632,-0.621516346931,-0.843689143658,-0.816515564919,-0.685050070286,-0.573881030083,-0.181198179722,0.110831432045,0.049069892615,0.418519705534,0.572966635227,0.207750797272,0.540216505527,0.724293529987,0.341607153416,0.478217720985,0.531696200371,0.275047779083,0.326957494020,0.257448434830,-0.074898265302,-0.293320685625,-0.410649418831,-0.470610767603,-0.453709483147,-0.433434605598,-0.500846147537,-0.473269045353,-0.271023869514,-0.284981220961,-0.326851487160,-0.122730046511,0.000556631945,0.145335346460,0.336570858955,0.395997345448,0.414216190577,0.413173675537,0.435128331184,0.368570297956,0.267802059650,0.145499259233,-0.063824027777,-0.088284187019,-0.178869575262,-0.402145266533,-0.561141550541,-0.801334440708,-0.859728753567,-0.823069810867,-0.797881126404,-0.516668498516,-0.314534306526,-0.197898820043,0.089994221926,0.332910299301,0.483016073704,0.582223176956,0.614216148853,0.612895786762,0.670188426971,0.687438309193,0.582785665989,0.566374540329,0.320185869932,-0.047184117138,-0.173386603594,-0.507577121258,-0.649452507496,-0.460195302963,-0.448053121567,-0.369002252817,-0.359009265900,-0.420960128307,-0.381704092026,-0.259631156921,0.020924426615,0.170594170690,0.331837505102,0.550511479378,0.654235780239,0.777933239937,0.742549479008,0.699230432510,0.662730276585,0.444142758846,0.324896782637,0.170110628009,-0.039177183062,-0.053184431046,-0.126368597150,-0.348819583654,-0.552259862423,-0.655047953129,-0.647530317307,-0.563402593136,-0.374880880117,-0.242966204882,-0.134140789509,0.144015476108,0.341654777527,0.348093241453,0.367869555950,0.403137803078,0.343086898327,0.507814943790,0.691992759705,0.294245839119,0.101626850665,0.172010049224,-0.176182150841,-0.301519185305,-0.292630314827,-0.480153560638,-0.502482473850,-0.502738475800,-0.452104717493,-0.375748276711,-0.441283345222,-0.380045294762,-0.342586338520,-0.552341580391,-0.484753161669,-0.212809175253,-0.182751968503,0.116973981261,0.273572713137,0.035743813962,0.312527835369,0.342204362154,0.234431117773,0.635529994965,0.389015227556,0.150426939130,0.323669582605,-0.010960704647,-0.183208718896,-0.272678732872,-0.601244330406,-0.629803836346,-0.659455716610,-0.703220903873,-0.467834532261,-0.234981343150,-0.102616012096,0.080831937492,0.284770458937,0.404548317194,0.393888771534,0.396157652140,0.662364065647,0.769712448120,0.647131264210,0.805684924126,0.749820888042,0.463801532984,0.375951915979,0.099399760365,-0.158516705036,-0.169793754816,-0.254866600037,-0.334755301476,-0.361229270697,-0.393962651491,-0.366574048996,-0.434974163771,-0.532083153725,-0.424168825150,-0.326380312443,-0.139127492905,0.124608129263,0.146403938532,0.340234667063,0.534734010696,0.500776350498,0.631621241570,0.546113729477,0.326198577881,0.273325860500,0.131373569369,0.001410564175,-0.175401002169,-0.434986591339,-0.622154235840,-0.738058686256,-0.802401185036,-0.792154431343,-0.685760140419,-0.628314316273,-0.366597950459,0.028296133503,0.048493795097,0.147349789739,0.326362758875,0.279252201319,0.397181451321,0.439264804125,0.386441677809,0.447071403265,0.441383183002,0.385352015495,0.096101507545,-0.133520007133,-0.318761050701,-0.681656002998,-0.591778039932,-0.489851236343,-0.609879910946,-0.476570427418,-0.410517960787,-0.384064137936,-0.456299275160,-0.460771203041,-0.214805215597,-0.086081355810,0.224152401090,0.392404824495,0.313829362392,0.538833379745,0.528381943703,0.321685791016,0.383450984955,0.376449108124,0.142661646008,0.089761339128,0.130712509155,-0.145456120372,-0.275643795729,-0.347360044718,-0.663303792477,-0.799763679504,-0.765322446823,-0.510890066624,-0.215942069888,-0.165478855371,0.019727641717,0.327693402767,0.405533552170,0.334148466587,0.395987719297,0.501662909985,0.503019809723,0.516514301300,0.487079381943,0.465311259031,0.379809170961,0.133613198996,0.100866012275,0.013491666876,-0.284406125546,-0.309059977531,-0.345190465450,-0.380750209093,-0.231018111110,-0.257205426693,-0.298249661922,-0.387751638889,-0.476435095072,-0.300764203072,-0.243908867240,-0.159059762955,0.043430186808,0.103578753769,0.370718866587,0.578128278255,0.431872159243,0.366415888071,0.334503620863,0.265139579773,0.277276813984,0.226577922702,0.064788348973,-0.200631558895,-0.411608368158,-0.411317825317,-0.455756396055,-0.547275006771,-0.531534671783,-0.466668486595,-0.157043546438,0.156521812081,0.191818043590,0.329543948174,0.513743817806,0.565761923790,0.598137378693,0.619339346886,0.667682588100,0.698780119419,0.608197987080,0.502065598965,0.486251145601,0.245922893286,-0.154159486294,-0.266602277756,-0.304420292377,-0.359391182661,-0.300177782774,-0.314013391733,-0.294251054525,-0.161240682006,-0.129857495427,-0.082842484117,-0.071100145578,-0.332852065563,-0.266810983419,0.108845420182,-0.034784931690,0.003529753070,0.437015295029,0.295842945576,0.112160541117,0.145725518465,-0.026431484148,0.005317528266,0.140597745776,-0.010882959701,-0.180166736245,-0.143008202314,-0.288866877556,-0.494333893061,-0.453876465559,-0.579893589020,-0.510670423508,-0.213511869311,-0.091710910201,0.103724494576,0.089995756745,0.081061288714,0.265223234892,0.231811806560,0.236480519176,0.264757066965,0.255691379309,0.336143434048,0.405699312687,0.442362904549,0.399085700512,0.303519904613,0.069849118590,-0.087349362671,-0.106259599328,-0.238021105528,-0.104325838387,0.000680248078,-0.174860298634,-0.177579492331,-0.255159735680,-0.353810608387,-0.427846610546,-0.460508078337,-0.121548891068,0.029394371435,0.088475242257,0.336286783218,0.316432744265,0.422217965126,0.573483765125,0.412952870131,0.353867143393,0.348193347454,0.295875132084,0.162275865674,-0.067907452583,-0.166419416666,-0.348058491945,-0.576700985432,-0.633963525295,-0.670892059803,-0.476373553276,-0.214489012957,-0.228473067284,-0.160657182336,0.068208813667,0.247706070542,0.274419426918,0.289237290621,0.453864008188,0.614608705044,0.683089494705,0.545021712780,0.460038959980,0.482113033533,0.276880741119,0.180573225021,0.159957870841,-0.087040543556,-0.305871367455,-0.251757919788,-0.185352429748,-0.284867912531,-0.215822085738,-0.373228639364,-0.613613724709,-0.446443527937,-0.450617700815,-0.290004938841,-0.025300404057,-0.072011478245,0.144032225013,0.375199317932,0.376858741045,0.347055822611,0.401998490095,0.366722494364,0.207029566169,0.272522807121,0.082300826907,-0.171446889639,-0.267384856939,-0.571162939072,-0.592292368412,-0.601367950439,-0.677351176739,-0.523344516754,-0.458183169365,-0.283296644688,-0.126727923751,-0.065163709223,0.126694962382,0.303659886122,0.368748813868,0.305096536875,0.368681371212,0.532609939575,0.585446298122,0.453159421682,0.242903038859,0.229508206248,0.037559151649,-0.206810355186,-0.193965852261,-0.335232108831,-0.416999548674,-0.349374502897,-0.396129250526,-0.467703223228,-0.487297534943,-0.469706118107,-0.418440699577,-0.295884698629,-0.220618426800,0.003133863444,0.259395807981,0.171419799328,0.260378241539,0.504831492901,0.554444730282,0.574225306511,0.462999224663,0.286047518253,0.153742462397,0.058734383434,0.047701060772,-0.068800345063,-0.329333573580,-0.497692495584,-0.607052087784,-0.638714015484,-0.511072337627,-0.475997656584,-0.323420852423,-0.065914921463,0.063307322562,0.294015228748,0.343021750450,0.398081153631,0.577428042889,0.555447220802,0.623039782047,0.599361181259,0.622152149677,0.732732772827,0.515477657318,0.260896295309,-0.009434568696,-0.241771444678,-0.391468554735,-0.458596467972,-0.388942450285,-0.403527706861,-0.309536576271,-0.257817268372,-0.291522860527,-0.173508599401,-0.054391000420,0.186203673482,0.372721403837,0.393024325371,0.501688539982,0.566361904144,0.448029249907,0.422177612782,0.513165771961,0.314111709595,0.080797187984,0.003177098930,-0.086197510362,-0.181160822511,-0.420772492886,-0.526114463806,-0.631862223148,-0.857109725475,-0.781777679920,-0.722894072533,-0.608798742294,-0.371781617403,-0.293079108000,-0.077799357474,0.111764945090,0.176924586296,0.278094708920,0.301224946976,0.347775369883,0.385010212660,0.371320217848,0.344984352589,0.251978635788,0.160222247243,0.013951621950,-0.182142391801,-0.321745514870,-0.427664697170,-0.448513597250,-0.433468818665,-0.428801745176,-0.321079134941,-0.207471087575,-0.203097015619,-0.263928532600,-0.358306109905,-0.363294750452,-0.180500820279,0.068047568202,0.273240387440,0.388782441616,0.413088411093,0.471486032009,0.480452418327,0.525049686432,0.704634070396,0.552681565285,0.323909193277,0.329316288233,0.093598112464,-0.113112367690,-0.182843104005,-0.420439064503,-0.532163977623,-0.599865257740,-0.658137440681,-0.406137555838,-0.126153409481,0.018391545862,0.155845463276,0.198623046279,0.295365124941,0.522048473358,0.630199313164,0.651264786720,0.722257673740,0.689125478268,0.476922959089,0.320773929358,0.142110913992,-0.108901374042,-0.273774296045,-0.489411026239,-0.559152364731,-0.516651868820,-0.530980408192,-0.491464227438,-0.609016776085,-0.614243805408,-0.444262057543,-0.377841740847,-0.321630924940,-0.230385497212,0.006203221157,0.130371689796,0.249162197113,0.341573774815,0.148289293051,0.300107181072,0.391362607479,0.265925347805,0.344353973866,0.127593502402,-0.003217150923,-0.081229329109,-0.286606132984,-0.310571759939,-0.634728014469,-0.851716339588,-0.730492353439,-0.667876541615,-0.531485021114,-0.424497991800,-0.231467992067,0.056036263704,0.302162796259,0.475099325180,0.507366180420,0.589543759823,0.660995841026,0.755649387836,0.721896588802,0.510842084885,0.556800723076,0.409759044647,0.008526356891,-0.130851954222,-0.269376724958,-0.437111139297,-0.510203719139,-0.537768781185,-0.418880581856,-0.328728020191,-0.364458441734,-0.320926547050,-0.338909715414,-0.416825562716,-0.347362756729,-0.241834267974,0.000714271155,0.232755243778,0.298907220364,0.360180586576,0.320402711630,0.367004334927,0.375668555498,0.287265539169,0.339058995247,0.171743810177,-0.037112947553,-0.160883128643,-0.389001339674,-0.487139880657,-0.619563996792,-0.764900922775,-0.739803612232,-0.637229561806,-0.399072200060,-0.204608440399,-0.071371376514,0.109434038401,0.154442369938,0.200209841132,0.300613135099,0.374746829271,0.524222016335,0.583532989025,0.500683844090,0.382386893034,0.241947099566,0.140789896250,0.042196631432,-0.129149183631,-0.325368374586,-0.400843292475,-0.423610180616,-0.464362502098,-0.445798039436,-0.477198272943,-0.527357339859,-0.555633604527,-0.539152920246,-0.367973893881,-0.212585002184,-0.059939634055,0.167760804296,0.353672951460,0.494602292776,0.520526230335,0.504531204700,0.515818238258,0.436330944300,0.343163222075,0.232421979308,0.101055204868,0.071237422526,-0.054772824049,-0.314397692680,-0.516145348549,-0.674052715302,-0.588861286640,-0.371247559786,-0.304789990187,-0.090406253934,0.182505443692,0.337087482214,0.491731792688,0.542062759399,0.584789097309,0.649231076241,0.723025679588,0.782060384750,0.669810891151,0.557479560375,0.441112995148,0.211568996310,-0.003484704532,-0.142218336463,-0.271459370852,-0.457867980003,-0.511972784996,-0.470473974943,-0.511697530746,-0.497022539377,-0.449447751045,-0.451996505260,-0.468406766653,-0.478437960148,-0.496129333973,-0.455133467913,-0.207916155457,-0.072027646005,-0.162365406752,-0.069883972406,-0.011669376865,-0.063083596528,0.041229434311,-0.033218283206,-0.128487691283,-0.021011877805,-0.121447622776,-0.281118065119,-0.411214262247,-0.608433127403,-0.658224582672,-0.703665792942,-0.724979221821,-0.650319755077,-0.594235539436,-0.392168641090,-0.157300636172,0.004581709858,0.128104820848,0.155835032463,0.258839130402,0.457171976566,0.678184032440,0.788581311703,0.737220704556,0.720028936863,0.637659132481,0.563287675381,0.507118046284,0.233108893037,0.075175546110,0.114027097821,0.033665191382,-0.108557946980,-0.160641953349,-0.141896188259,-0.130365163088,-0.151912733912,-0.240674018860,-0.227648571134,-0.101135909557,-0.010951467790,0.220381617546,0.378324449062,0.342211663723,0.380875736475,0.379342585802,0.375953376293,0.417945802212,0.351299136877,0.202614739537,0.076845437288,-0.009548044764,-0.265226483345,-0.530492126942,-0.625653386116,-0.783789336681,-0.783115684986,-0.570277810097,-0.441765218973,-0.321914315224,-0.191838487983,-0.096690580249,-0.039508849382,0.014266645536,0.136275216937,0.164712920785,0.064125679433,0.111603453755,0.288860350847,0.344294428825,0.274469792843,0.062044411898,-0.172754377127,-0.340421199799,-0.513499259949,-0.485856384039,-0.418726533651,-0.402667433023,-0.388356238604,-0.463119328022,-0.302987843752,-0.297048628330,-0.525233268738,-0.463207572699,-0.409928292036,-0.168697401881,0.159756138921,0.133149579167,0.225401282310,0.350770533085,0.289863884449,0.276071816683,0.292790204287,0.304043143988,0.278715908527,0.224871888757,0.142105773091,-0.035332113504,-0.268769621849,-0.441695600748,-0.581703186035,-0.670158445835,-0.561419069767,-0.445751547813,-0.329972445965,-0.076123185456,0.065074153244,0.091224871576,0.157942250371,0.236092925072,0.262817859650,0.288420170546,0.418022513390,0.484457492828,0.482393205166,0.505367815495,0.429866522551,0.298057198524,0.103682532907,-0.084133118391,-0.174230948091,-0.301257789135,-0.394997894764,-0.340019851923,-0.210058629513,-0.258598834276,-0.388470351696,-0.362150728703,-0.401983529329,-0.360853761435,-0.270181864500,-0.255616307259,-0.013823013753,0.114776484668,0.139139443636,0.222406372428,0.189711242914,0.357671350241,0.418962597847,0.312051594257,0.302657365799,0.067627981305,-0.111323669553,-0.240746825933,-0.491097986698,-0.726728498936,-0.913796007633,-0.821531832218,-0.765632390976,-0.598449110985,-0.249700471759,-0.227416530252,-0.025486605242,0.253657579422,0.280519902706,0.409087419510,0.454603165388,0.423748046160,0.494084179401,0.527800500393,0.399500280619,0.260198712349,0.199266493320,0.053398352116,-0.094732746482,-0.315632373095,-0.478065431118,-0.453555017710,-0.495698988438,-0.352989673615,-0.147057667375,-0.109896771610,-0.087140507996,-0.112130470574,0.073237515986,0.269387930632,0.352162033319,0.548971772194,0.598410010338,0.725919067860,0.767106771469,0.481795817614,0.405093073845,0.348766058683,0.178941816092,0.047887008637,-0.112892441452,-0.246926456690,-0.413653105497,-0.554498732090,-0.691631436348,-0.715542256832,-0.610103368759,-0.583636164665,-0.480096042156,-0.384367167950,-0.161446690559,0.170853018761,0.241514980793,0.288998484612,0.247530966997,0.139351069927,0.194215238094,0.226387575269,0.239732071757,0.252477109432,0.233972609043,0.082077421248,-0.101322755218,-0.219289034605,-0.413693070412,-0.466108798981,-0.501577436924,-0.567270994186,-0.473078191280,-0.425941556692,-0.351597607136,-0.358714967966,-0.477299273014,-0.442579627037,-0.417834907770,-0.322613507509,-0.075673736632,0.061852496117,0.165301203728,0.290399998426,0.289798021317,0.300863385201,0.394923120737,0.443512320518,0.469928234816,0.439707100391,0.204017609358,-0.091651000082,-0.143128782511,-0.191284596920,-0.409124344587,-0.494370102882,-0.496674954891,-0.474438190460,-0.192197397351,0.184391170740,0.228257372975,0.265185683966,0.393759429455,0.281571626663,0.531526267529,0.816498398781,0.617804467678,0.665184795856,0.736500382423,0.627601325512,0.552799820900,0.291214734316,-0.011660547927,-0.223160296679,-0.304905861616,-0.381212383509,-0.518013894558,-0.574684858322,-0.589830279350,-0.474167525768,-0.370201766491,-0.396326363087,-0.376396089792,-0.267781078815,-0.167914450169,-0.071294777095,0.165150687099,0.270266920328,0.298622459173,0.431788295507,0.420164465904,0.434611290693,0.253907740116,-0.079167827964,-0.028227683157,-0.089436098933,-0.362106531858,-0.493006527424,-0.727133691311,-0.942917168140,-0.965067565441,-0.938174664974,-0.759013652802,-0.542254090309,-0.441365569830,-0.177381277084,0.044669788331,0.134397447109,0.364337503910,0.395510256290,0.377939939499,0.564499616623,0.657903730869,0.751536250114,0.743922948837,0.522964000702,0.331407040358,0.150912836194,-0.047093756497,-0.248951569200,-0.410202264786,-0.395889252424,-0.345973253250,-0.385121554136,-0.397842586040,-0.391813069582,-0.405613422394,-0.374303311110,-0.248069152236,-0.062927864492,0.072009868920,0.127851188183,0.240198895335,0.431142151356,0.469465345144,0.407028824091,0.389362961054,0.338324129581,0.398718535900,0.437927097082,0.291118353605,0.225983396173,-0.027161207050,-0.432679504156,-0.444685608149,-0.524338960648,-0.843884289265,-0.831737756729,-0.709488928318,-0.606756508350,-0.271653771400,0.041809055954,0.129495501518,0.089067853987,0.132311865687,0.325769841671,0.485430479050,0.488722711802,0.500571310520,0.589343726635,0.458486169577,0.346813350916,0.254716247320,-0.091523908079,-0.227534592152,-0.311017543077,-0.439833402634,-0.383067041636,-0.387248218060,-0.443100303411,-0.510703384876,-0.483812063932,-0.554119169712,-0.498569071293,-0.164437025785,-0.249968916178,-0.057374145836,0.353863298893,0.320154070854,0.542515456676,0.573364734650,0.522136688232,0.717279136181,0.451001614332,0.291123390198,0.302082419395,0.136284634471,0.026104751974,-0.203522428870,-0.400307387114,-0.609667837620,-0.714886665344,-0.497003138065,-0.380109459162,-0.293039679527,-0.095427349210,0.193931818008,0.375474125147,0.460789322853,0.711698532104,0.582217216492,0.522806346416,0.793726921082,0.688341081142,0.723376929760,0.667833745480,0.383610695601,0.253412574530,-0.170637831092,-0.376689702272,-0.420098125935,-0.555051565170,-0.358317285776,-0.426231265068,-0.573198854923,-0.429017186165,-0.440328747034,-0.448717802763,-0.466068714857,-0.617679953575,-0.600335896015,-0.367248088121,-0.143747597933,0.004538407084,0.041313767433,0.012699391693,0.103296391666,0.199888378382,0.306922852993,0.442343622446,0.376897931099,0.183661252260,-0.006171537563,-0.199799895287,-0.420473396778,-0.569911062717,-0.638938486576,-0.729833364487,-0.774017512798,-0.711335301399,-0.402020931244,-0.189901530743,-0.176039397717,0.082987047732,0.190226078033,0.209708034992,0.348437637091,0.428251296282,0.699366688728,0.800836145878,0.739410817623,0.747931659222,0.591659963131,0.366737544537,0.227419450879,0.175455570221,-0.133824184537,-0.246727496386,-0.156983286142,-0.437572658062,-0.325573623180,-0.216000527143,-0.383627176285,-0.355861663818,-0.434249162674,-0.271536231041,-0.098605215549,0.120720349252,0.400663763285,0.295081913471,0.541051745415,0.719965815544,0.566132783890,0.603616237640,0.462641268969,0.356426030397,0.334887266159,0.168786108494,-0.010219229385,-0.255492210388,-0.568583130836,-0.745534896851,-0.720694422722,-0.764306902885,-0.738786458969,-0.528086960316,-0.257140874863,0.010761383921,0.071268223226,0.235133677721,0.406643688679,0.318056851625,0.457807183266,0.641920804977,0.585137069225,0.523304939270,0.450689166784,0.385222434998,0.262495875359,0.023013507947,-0.116562224925,-0.248494490981,-0.512075543404,-0.548260152340,-0.473772823811,-0.582247138023,-0.491255402565,-0.407179325819,-0.464567989111,-0.312607049942,-0.337629258633,-0.379772037268,-0.153492614627,-0.026171876118,0.114203974605,0.273733019829,0.310124486685,0.282697468996,0.273603081703,0.240443930030,0.083714142442,0.049434408545,0.050357602537,-0.077925302088,-0.261860370636,-0.511193990707,-0.596711695194,-0.551153719425,-0.500589251518,-0.475296288729,-0.419243574142,-0.167178124189,-0.064199268818,0.035956472158,0.346194773912,0.306827694178,0.232423797250,0.505764782429,0.525225758553,0.423353463411,0.610620737076,0.546359539032,0.382630586624,0.491894274950,0.303879559040,0.051768075675,-0.073958031833,-0.368503391743,-0.263342499733,-0.029961388558,-0.241430506110,-0.154880627990,-0.004424886778,-0.330773472786,-0.343175917864,-0.301842331886,-0.460493475199,-0.174620941281,0.075467936695,0.146950125694,0.296420872211,0.303259849548,0.283101379871,0.233557105064,0.200836792588,0.204388946295,0.103687800467,0.029728572816,-0.058406952769,-0.188831657171,-0.294750005007,-0.456855118275,-0.646876454353,-0.816164493561,-0.794604122639,-0.533890128136,-0.301659375429,-0.111873671412,0.027034023777,0.169884875417,0.314858913422,0.307850718498,0.518967866898,0.642616868019,0.423635035753,0.501381695271,0.500476181507,0.332448214293,0.290423631668,0.022585013881,-0.171383589506,-0.303300559521,-0.496146261692,-0.436262518167,-0.284185945988,-0.102162547410,-0.023839378729,-0.041791591793,0.035445265472,-0.007859360427,-0.050930637866,0.027131631970,-0.012683783658,0.043986868113,0.261159598827,0.261096030474,0.313503533602,0.392394751310,0.243021398783,0.299232542515,0.236247912049,0.071731388569,0.154579326510,-0.033870603889,-0.212560400367,-0.245117157698,-0.405734807253,-0.524239063263,-0.659637510777,-0.701065778732,-0.623865067959,-0.449405044317,-0.312962889671,-0.318010568619,-0.099944531918,0.060531433672,0.061697166413,0.154030293226,0.093556314707,0.115291297436,0.341410368681,0.431693404913,0.410351186991,0.349096059799,0.182160794735,0.026919120923,-0.068529576063,-0.278710335493,-0.458470821381,-0.455816507339,-0.419168710709,-0.392250716686,-0.340475410223,-0.269969791174,-0.286804944277,-0.361806720495,-0.428620278835,-0.380572557449,-0.129579961300,0.019924696535,0.142216041684,0.323866486549,0.383135169744,0.489415138960,0.544586539268,0.537824988365,0.549074351788,0.426109671593,0.241449609399,0.086297787726,0.015987493098,-0.160892665386,-0.449631661177,-0.582090377808,-0.642871439457,-0.641356229782,-0.544407069683,-0.320210129023,-0.042925160378,0.121492184699,0.364407181740,0.604865312576,0.552973031998,0.435975521803,0.567760348320,0.764681458473,0.799980044365,0.733762860298,0.585132122040,0.412393927574,0.243805542588,0.078965783119,-0.104217596352,-0.399436414242,-0.628294169903,-0.586653172970,-0.401268929243,-0.383838683367,-0.446431964636,-0.384908914566,-0.435746908188,-0.466307729483,-0.305474817753,-0.132707268000,0.138238877058,0.428284645081,0.521204710007,0.576274394989,0.655552029610,0.551411449909,0.423984974623,0.366777479649,0.197245091200,0.023958800361,-0.193323135376,-0.405371010303,-0.543041765690,-0.738232195377,-0.853738486767,-0.963003814220,-0.940353810787,-0.697643041611,-0.542541980743,-0.284669041634,0.041586421430,0.238744840026,0.324279278517,0.309650719166,0.423573732376,0.514459252357,0.557800650597,0.643562734127,0.535377562046,0.372370064259,0.237406522036,0.113590523601,-0.052993364632,-0.327406644821,-0.467401802540,-0.483513802290,-0.455494195223,-0.412046670914,-0.438554823399,-0.366478592157,-0.270241975784,-0.319588989019,-0.323443919420,-0.295300364494,-0.202391788363,0.057328630239,0.229238271713,0.319856703281,0.382154166698,0.386964261532,0.428803175688,0.391654878855,0.289388448000,0.257518053055,0.205258682370,0.014587630518,-0.098652631044,-0.171102449298,-0.402736455202,-0.486033260822,-0.585908234119,-0.670867025852,-0.472836166620,-0.414851754904,-0.318108648062,-0.050943225622,0.171099767089,0.378006726503,0.454330533743,0.534330427647,0.599410951138,0.721361041069,0.867998003960,0.701347172260,0.510802567005,0.382652521133,0.252063333988,0.123145014048,-0.073124103248,-0.304561704397,-0.533806085587,-0.465285629034,-0.488518357277,-0.572914063931,-0.384416520596,-0.472449302673,-0.464932531118,-0.371532917023,-0.380179613829,-0.148719623685,-0.100161693990,0.040081340820,0.297290682793,0.294110417366,0.346658796072,0.415675252676,0.340719461441,0.187943652272,0.175509527326,0.118583142757,0.033447608352,0.022929171100,-0.266190290451,-0.373100996017,-0.414964795113,-0.576394855976,-0.430623620749,-0.484548568726,-0.501536667347,-0.243712380528,-0.118212282658,0.076958008111,0.187551960349,0.260324329138,0.414036512375,0.403938412666,0.416539400816,0.516370534897,0.633986115456,0.680846810341,0.556388676167,0.419429421425,0.269344836473,0.042216651142,-0.142132818699,-0.314989835024,-0.453159123659,-0.410493880510,-0.404551506042,-0.405355274677,-0.294340729713,-0.318663924932,-0.392825484276,-0.541205823421,-0.634748339653,-0.441730439663,-0.218716621399,-0.044572003186,-0.006183738820,0.014402176253,0.081094257534,0.104028537869,0.199925094843,0.147348538041,0.142959624529,0.278854012489,0.277527958155,0.218480840325,-0.020096287131,-0.332212239504,-0.543432891369,-0.626893043518,-0.694346308708,-0.789460122585,-0.630411684513,-0.519233405590,-0.341472774744,0.037433903664,0.101064182818,0.077418945730,0.107715070248,0.277307063341,0.590112864971,0.668693065643,0.697427511215,0.694901764393,0.610362231731,0.549104511738,0.380932360888,0.198749050498,0.093962803483,0.012867023237,-0.093157008290,-0.261875122786,-0.420994490385,-0.514940977097,-0.552555143833,-0.531695902348,-0.541379690170,-0.560502648354,-0.472994595766,-0.306046485901,-0.028678769246,0.223512411118,0.366794496775,0.513760983944,0.585536301136,0.652945220470,0.664664804935,0.510856628418,0.372057348490,0.191781342030,-0.044298864901,-0.274749904871,-0.544752240181,-0.685256958008,-0.736975491047,-0.878736138344,-0.916602790356,-0.772981643677,-0.636797606945,-0.477187633514,-0.280543208122,-0.106359429657,0.109646119177,0.291093558073,0.474538236856,0.682355821133,0.761392772198,0.819242119789,0.816631436348,0.704530358315,0.638348042965,0.464435428381,0.178010508418,-0.162328392267,-0.489558666945,-0.501443147659,-0.458398699760,-0.461407959461,-0.344175189734,-0.334573656321,-0.357432156801,-0.416783571243,-0.410318583250,-0.323190838099,-0.368819266558,-0.206022068858,-0.017545599490,0.088858671486,0.222835659981,0.171431377530,0.273122727871,0.378739953041,0.349578917027,0.367602974176,0.263674378395,0.132498294115,-0.124501787126,-0.382722556591,-0.489874452353,-0.612883269787,-0.753642857075,-0.881914675236,-0.754466891289,-0.630780220032,-0.481408596039,-0.174183234572,-0.144659936428,0.050422307104,0.226953998208,0.176687538624,0.348867416382,0.375808417797,0.484170645475,0.593371927738,0.458538174629,0.441420435905,0.252522587776,0.113955631852,0.106773801148,-0.059360023588,-0.245152294636,-0.505978286266,-0.536570668221,-0.443885773420,-0.462613850832,-0.321249336004,-0.309314578772,-0.377637714148,-0.307755529881,-0.187706828117,0.053127415478,0.230569705367,0.401897013187,0.554505825043,0.520199775696,0.485970735550,0.391354680061,0.325783878565,0.359954237938,0.271128714085,0.097627468407,-0.107518710196,-0.245442360640,-0.326470404863,-0.426888555288,-0.464207023382,-0.534547507763,-0.595045506954,-0.487029254436,-0.319797307253,-0.139888778329,0.060491636395,0.157872900367,0.271503388882,0.418189048767,0.439881712198,0.507098853588,0.594293773174,0.666819632053,0.634226560593,0.399447947741,0.293200850487,0.086037896574,-0.227055042982,-0.352002054453,-0.463086307049,-0.396798342466,-0.305269688368,-0.259776204824,-0.190445140004,-0.249460428953,-0.129779919982,-0.121553391218,-0.238138809800,-0.169202819467,-0.244608506560,-0.112113513052,0.152342900634,0.192157655954,0.298592180014,0.343535870314,0.337293118238,0.230290010571,0.068714566529,0.116648532450,0.050938129425,-0.045338626951,-0.147098362446,-0.366763740778,-0.439333438873,-0.623385548592,-0.766262471676,-0.673109054565,-0.638383865356,-0.485582590103,-0.326092600822,-0.269942909479,-0.183705195785,-0.134112238884,-0.027395544574,0.044411569834,0.035144172609,0.017362765968,0.098734207451,0.367316305637,0.369107276201,0.218466490507,0.283036321402,0.181639194489,-0.009817318991,-0.154535800219,-0.342131912708,-0.324663251638,-0.239312365651,-0.248609930277,-0.203371331096,-0.167283162475,-0.257046312094,-0.333399623632,-0.228694349527,-0.081646621227,0.062554039061,0.245993494987,0.316536515951,0.367750823498,0.503089785576,0.557628333569,0.539771258831,0.504889547825,0.436474740505,0.381947308779,0.244725003839,0.036769516766,-0.095689773560,-0.288688659668,-0.526188075542,-0.608973264694,-0.606567621231,-0.558494806290,-0.436997175217,-0.278609782457,-0.082229629159,0.118084281683,0.267594456673,0.370003670454,0.439844340086,0.478862375021,0.572033882141,0.661198019981,0.689245522022,0.693665385246,0.485520064831,0.259582847357,0.134534925222,-0.166762217879,-0.442252427340,-0.597218871117,-0.654624760151,-0.601609766483,-0.584731280804,-0.497965663671,-0.440605282784,-0.543190002441,-0.584176659584,-0.494065284729,-0.411341637373,-0.295986711979,-0.066694475710,0.094226375222,0.260816395283,0.411253631115,0.412233084440,0.475247830153,0.387941449881,0.207431539893,0.145729854703,0.015798198059,-0.027555711567,-0.169899582863,-0.417961895466,-0.557259678841,-0.771363377571,-0.789685189724,-0.652991533279,-0.533993363380,-0.304264783859,-0.147040531039,-0.013940890320,0.191712334752,0.381643056870,0.429256916046,0.448244482279,0.572171628475,0.617241084576,0.654061734676,0.546335399151,0.377952694893,0.395553082228,0.242155477405,-0.019322041422,-0.236374005675,-0.394186049700,-0.416138380766,-0.413349807262,-0.374668031931,-0.395750433207,-0.413727670908,-0.308958619833,-0.265328824520,-0.275229990482,-0.182247504592,-0.004861214198,0.159378975630,0.332533001900,0.487831473351,0.554509103298,0.570971071720,0.510168612003,0.327126473188,0.214655503631,0.188159480691,-0.002239784924,-0.144856140018,-0.259200692177,-0.566676974297,-0.710711717606,-0.723040103912,-0.844421029091,-0.958404362202,-0.880370736122,-0.616298437119,-0.358626723289,0.006028119475,0.312867939472,0.409232735634,0.592378258705,0.694602608681,0.703555107117,0.779271781445,0.726549148560,0.624568820000,0.510915219784,0.281644850969,0.034855239093,-0.202354699373,-0.446515798569,-0.652300477028,-0.746187567711,-0.741765797138,-0.724433720112,-0.630903542042,-0.480116814375,-0.376963257790,-0.311674892902,-0.294988363981,-0.204716533422,0.072580941021,0.350849032402,0.474213004112,0.604771971703,0.747728168964,0.683579623699,0.701187670231,0.707155585289,0.388182014227,0.308164834976,0.230443641543,-0.125800177455,-0.153810635209,-0.255224406719,-0.448393315077,-0.332233786583,-0.526053190231,-0.637848556042,-0.375963658094,-0.388603150845,-0.133933156729,0.279920428991,0.280338615179,0.472965627909,0.660493195057,0.479669779539,0.471444934607,0.621539175510,0.532789230347,0.546705126762,0.661757707596,0.411051630974,0.228457197547,0.063919425011,-0.235859721899,-0.365021824837,-0.639970481396,-0.753247261047,-0.704999506474,-0.736863553524,-0.542204320431,-0.534037411213,-0.564952313900,-0.471957504749,-0.437772393227,-0.224711075425,-0.165785282850,-0.083534479141,0.153429150581,0.183609843254,0.299090594053,0.343487799168,0.179065287113,0.060463886708,-0.011360935867,-0.022957995534,-0.124131396413,-0.266407310963,-0.414470940828,-0.597838401794,-0.698051929474,-0.868466138840,-0.917986571789,-0.822250902653,-0.707334160805,-0.342101961374,-0.113820746541,0.040672767907,0.361213952303,0.435798019171,0.540106832981,0.687916874886,0.615073084831,0.695210099220,0.955216765404,1.059391260147,0.865988075733,0.605591535568,0.401550769806,0.127484500408,-0.114205665886,-0.281377375126,-0.379832774401,-0.382460564375,-0.346114397049,-0.271043568850,-0.162993371487,-0.067920871079,-0.076322495937,-0.152940616012,-0.141108363867,0.014464103617,0.270949751139,0.449198722839,0.530199527740,0.591996490955,0.544728040695,0.476105898619,0.364359200001,0.193779468536,0.288614153862,0.356795907021,0.059341892600,-0.093585088849,-0.219338446856,-0.604523599148,-0.659733057022,-0.649473071098,-0.884639143944,-0.828066110611,-0.734902799129,-0.587944746017,-0.235752046108,-0.129907920957,-0.018259456381,0.108755812049,0.211166560650,0.455761432648,0.479214370251,0.464278399944,0.566563427448,0.541564106941,0.432710260153,0.366594195366,0.192889928818,-0.095767185092,-0.237919270992,-0.555872023106,-0.742852509022,-0.601418852806,-0.630506455898,-0.420690238476,-0.308445900679,-0.464459419250,-0.410216957331,-0.392335265875,-0.199879094958,-0.020639179274,0.001200460829,0.127880960703,0.200502410531,0.391155242920,0.495084524155,0.435787230730,0.479324012995,0.517844498158,0.458003699780,0.218616545200,0.135945573449,0.071404211223,-0.213944807649,-0.268712460995,-0.438891828060,-0.693781852722,-0.594994664192,-0.520805716515,-0.369924962521,-0.168685317039,-0.121723070741,0.140591561794,0.346502006054,0.322209060192,0.454344809055,0.596448838711,0.698251247406,0.866744875908,0.888412177563,0.709114193916,0.510446131229,0.358923822641,0.160669997334,-0.015708599240,-0.247118189931,-0.501977920532,-0.443745404482,-0.424065351486,-0.549926638603,-0.522484242916,-0.594790816307,-0.627361238003,-0.542869925499,-0.451736569405,-0.206043630838,-0.105185009539,0.017738407478,0.414009928703,0.587682962418,0.521988749504,0.441336661577,0.433449119329,0.400625497103,0.120302818716,0.059539884329,0.127075135708,-0.204319208860,-0.463216722012,-0.524330973625,-0.713012576103,-0.929961442947,-0.971624791622,-0.808333396912,-0.609048604965,-0.438976019621,-0.291395336390,-0.000867267838,0.235051155090,0.228151097894,0.563582360744,0.759315311909,0.575657129288,0.911823868752,1.007747173309,0.683767795563,0.702305853367,0.481298953295,0.188059598207,0.135292589664,-0.004612577148,-0.158098772168,-0.263398110867,-0.201598182321,-0.107593111694,-0.082966111600,-0.053989171982,-0.053147051483,-0.173611328006,-0.375829041004,-0.232704550028,-0.008165124804,0.042672432959,0.198839157820,0.263835012913,0.312749296427,0.418202042580,0.471661508083,0.555997669697,0.430453240871,0.204189106822,0.172165483236,0.083879373968,-0.160054832697,-0.345141261816,-0.527740359306,-0.790030479431,-0.963407337666,-1.028183221817,-0.941901385784,-0.689838290215,-0.412154197693,-0.171888291836,-0.053380634636,-0.001405894291,0.038137502968,0.144224092364,0.320289283991,0.377755671740,0.380107134581,0.461289733648,0.541507601738,0.376604169607,0.178061902523,0.048806194216,-0.239855572581,-0.409172385931,-0.530929684639,-0.569315135479,-0.468960374594,-0.478656381369,-0.337119698524,-0.296653181314,-0.360359191895,-0.233195453882,-0.205166235566,-0.105323426425,0.217023611069,0.559444010258,0.655760467052,0.638509333134,0.704742133617,0.636501312256,0.669985890388,0.571299672127,0.274645537138,0.283473074436,0.103592447937,-0.162670373917,-0.120112910867,-0.305790156126,-0.532418072224,-0.443312317133,-0.507221460342,-0.614396870136,-0.396678596735,-0.212157860398,0.006421710830,0.258083790541,0.289237260818,0.450723320246,0.563327848911,0.467599689960,0.423045486212,0.428416073322,0.501315653324,0.502731859684,0.475472480059,0.267683506012,-0.138633325696,-0.324236512184,-0.532289147377,-0.615949630737,-0.503600776196,-0.672535479069,-0.719792962074,-0.508300840855,-0.387160092592,-0.346390724182,-0.414801657200,-0.439729303122,-0.263226240873,-0.110416620970,0.047128211707,0.282309383154,0.334355384111,0.372390776873,0.425746917725,0.314064681530,0.256527066231,0.185029506683,0.083240859210,0.016338784248,-0.028283065185,-0.113038942218,-0.408053368330,-0.604978024960,-0.688143491745,-0.736603796482,-0.635769724846,-0.604459285736,-0.484822869301,-0.228671118617,0.001540696365,0.138529404998,0.184961304069,0.353505611420,0.462730526924,0.546347558498,0.682543337345,0.675420939922,0.661817550659,0.532858610153,0.342430055141,0.188726469874,-0.063547238708,-0.267609387636,-0.413676947355,-0.401028484106,-0.384201467037,-0.450676679611,-0.281767278910,-0.249749794602,-0.351376533508,-0.329268604517,-0.319039851427,-0.133801519871,0.033927261829,0.177953511477,0.406279742718,0.491663694382,0.603185415268,0.624221861362,0.546236991882,0.456474423409,0.269934594631,0.317623943090,0.362580448389,0.072827830911,-0.250167995691,-0.462087333202,-0.622803568840,-0.757313370705,-0.842861354351,-0.876572132111,-0.760035932064,-0.508176624775,-0.195394188166,0.150945007801,0.384930312634,0.614340782166,0.732409179211,0.650755822659,0.709265410900,0.770846068859,0.698127746582,0.672735810280,0.587296903133,0.315274357796,0.043321195990,-0.211995869875,-0.579154133797,-0.811240375042,-0.891137957573,-0.846808969975,-0.699347615242,-0.656486630440,-0.500063359737,-0.419596552849,-0.499614357948,-0.420947253704,-0.299838364124,-0.071137249470,0.096683382988,0.151211768389,0.291922420263,0.436611264944,0.550084412098,0.449663251638,0.426938384771,0.468468278646,0.336124122143,0.279380708933,0.004128823522,-0.179724425077,-0.165491431952,-0.375439941883,-0.438177198172,-0.512190639973,-0.524785816669,-0.340033769608,-0.353804409504,-0.228205636144,0.066004395485,0.283093929291,0.514076769352,0.608161807060,0.606216967106,0.750689446926,0.884794652462,0.827251553535,0.720230996609,0.526263773441,0.373150050640,0.418548315763,0.175452813506,-0.290979236364,-0.419636547565,-0.488984853029,-0.644878625870,-0.651084601879,-0.721904277802,-0.662877202034,-0.432621389627,-0.458025783300,-0.467909961939,-0.413013458252,-0.356539934874,-0.075567133725,0.125174522400,0.155138820410,0.224821522832,0.351483553648,0.491213083267,0.477548390627,0.313439279795,0.262687265873,0.185559630394,-0.191585451365,-0.387405961752,-0.377279341221,-0.631207942963,-0.874146044254,-1.114803791046,-1.249576926231,-1.014442324638,-0.859926164150,-0.625511705875,-0.184221059084,0.053439799696,0.269508570433,0.486724257469,0.576712071896,0.712487518787,0.816578865051,0.837056815624,0.906421124935,0.920930445194,0.700525403023,0.492702901363,0.413066416979,0.073331639171,-0.326382011175,-0.446545332670,-0.443325817585,-0.436005115509,-0.544487118721,-0.513239800930,-0.386670291424,-0.482348501682,-0.494677424431,-0.363980323076,-0.175169691443,-0.065909229219,0.001300362055,0.275562554598,0.373243153095,0.422248870134,0.606337964535,0.548442542553,0.477575093508,0.388392955065,0.199435621500,0.058586120605,-0.226080983877,-0.416179180145,-0.442615389824,-0.603162944317,-0.767956316471,-0.822027742863,-0.777178108692,-0.677406013012,-0.521468520164,-0.341385215521,-0.169096231461,0.037728801370,0.093286961317,0.163854315877,0.390733957291,0.487471669912,0.563251256943,0.605221927166,0.514724731445,0.507518887520,0.540572404861,0.445742428303,0.130514249206,-0.239156723022,-0.355446875095,-0.364853590727,-0.478159487247,-0.587035775185,-0.645759940147,-0.603936493397,-0.475503325462,-0.489305853844,-0.579023122787,-0.529291689396,-0.345259308815,-0.113648004830,0.085151918232,0.274247139692,0.432764589787,0.501325309277,0.509101450443,0.438372194767,0.330859392881,0.297842502594,0.247980311513,0.128820180893,0.020244365558,-0.207921475172,-0.462237298489,-0.551390767097,-0.629082441330,-0.610669791698,-0.527135729790,-0.562652707100,-0.442814886570,-0.234108626842,-0.060214735568,0.249417588115,0.361809343100,0.347493886948,0.512776672840,0.640758693218,0.808999061584,0.816475510597,0.631063282490,0.666151404381,0.554764032364,0.358676731586,0.255003839731,-0.048728901893,-0.221942052245,-0.344356805086,-0.498493105173,-0.393819510937,-0.349493384361,-0.432321071625,-0.463997423649,-0.497408419847,-0.495221793652,-0.313833683729,-0.067574046552,-0.025656376034,0.009920929559,0.165466129780,0.273970037699,0.335047841072,0.404056698084,0.456487447023,0.412173151970,0.314301371574,0.153018698096,-0.126432731748,-0.351182043552,-0.407742977142,-0.529779195786,-0.735390126705,-0.775485038757,-0.832433521748,-0.811589717865,-0.621306180954,-0.561627626419,-0.386670529842,-0.174240782857,-0.002635285491,0.259509801865,0.333707064390,0.477350562811,0.602067530155,0.661872744560,0.905359864235,0.858148753643,0.726839184761,0.606732010841,0.370270341635,0.309784084558,0.086600698531,-0.147847667336,-0.211756363511,-0.231997311115,-0.093567557633,-0.146583080292,-0.205570146441,-0.178220644593,-0.362680822611,-0.444593310356,-0.386692374945,-0.186327636242,0.053775548935,0.168929800391,0.292860865593,0.260206162930,0.300537645817,0.427981555462,0.387716531754,0.492995142937,0.464546203613,0.202100887895,0.013944228180,-0.197401419282,-0.281935602427,-0.367735862732,-0.533220469952,-0.677447795868,-0.807840943336,-0.690617203712,-0.574909746647,-0.407540291548,-0.278757125139,-0.399127423763,-0.177033424377,0.026499502361,0.164508208632,0.470672875643,0.520701348782,0.585976183414,0.519341826439,0.361581712961,0.342626750469,0.196848332882,0.061407539994,-0.114244170487,-0.283518940210,-0.463354736567,-0.603982031345,-0.562841236591,-0.565937876701,-0.460805982351,-0.396652638912,-0.387103646994,-0.299702882767,-0.322105020285,-0.206632450223,-0.043865188956,0.121615432203,0.255730837584,0.292137533426,0.379219502211,0.283832907677,0.376719206572,0.567108511925,0.452386677265,0.364351600409,0.210826292634,0.073998540640,-0.105761907995,-0.339609086514,-0.450565874577,-0.564294755459,-0.494976431131,-0.552559554577,-0.562439441681,-0.272682696581,-0.176517382264,-0.026380782947,0.066261917353,0.085329048336,0.306816250086,0.395478755236,0.455387055874,0.549244761467,0.570951282978,0.531698584557,0.499301552773,0.400395810604,0.125043511391,0.052475191653,-0.078589260578,-0.297541469336,-0.251696944237,-0.301354736090,-0.258879482746,-0.262115925550,-0.351519197226,-0.250676065683,-0.435532629490,-0.383955478668,-0.155100673437,-0.211887836456,0.017855219543,0.105709500611,0.119300521910,0.260595470667,0.229371249676,0.381078869104,0.350010901690,0.270180851221,0.251676201820,-0.042117845267,-0.078017473221,-0.169761464000,-0.371223747730,-0.482733517885,-0.768555700779,-0.741988003254,-0.601411938667,-0.483125925064,-0.216504946351,-0.121470697224,-0.004773464985,0.108743190765,0.239658951759,0.309294253588,0.235437199473,0.339468449354,0.257977396250,0.283453971148,0.397259861231,0.206498757005,0.299741923809,0.180224299431,-0.033336814493,-0.063581243157,-0.449543088675,-0.471588283777,-0.335690379143,-0.334599405527,-0.206342145801,-0.302189826965,-0.328486353159,-0.431071460247,-0.485872179270,-0.314059793949,-0.328638464212,-0.069547474384,0.163854882121,0.230131164193,0.477269351482,0.381978154182,0.359903335571,0.555364847183,0.452396601439,0.338669240475,0.246431425214,0.096123754978,-0.084316805005,-0.302940905094,-0.410520404577,-0.548653662205,-0.684483289719,-0.622957885265,-0.590525388718,-0.484710544348,-0.178537055850,-0.062703706324,0.052612964064,0.293357640505,0.320704877377,0.352365165949,0.485343337059,0.605536222458,0.655775547028,0.589935958385,0.600794672966,0.541303157806,0.296154588461,0.039286851883,-0.193152129650,-0.387630790472,-0.554683923721,-0.560056447983,-0.509376525879,-0.598966002464,-0.570054650307,-0.397573798895,-0.288489401340,-0.241289258003,-0.127762973309,0.018139287829,0.017041707411,0.079317539930,0.305572330952,0.428940504789,0.461996763945,0.466750979424,0.453432589769,0.437998801470,0.354784071445,0.300596505404,0.230121567845,0.067404553294,-0.048470135778,-0.194233030081,-0.394403010607,-0.505997776985,-0.544308483601,-0.546031296253,-0.410487353802,-0.182809531689,-0.049793448299,0.096518225968,0.230293035507,0.265343755484,0.325993329287,0.391364187002,0.552303433418,0.674538910389,0.630199551582,0.613083064556,0.489220619202,0.235744610429,-0.025199988857,-0.206049978733,-0.356551438570,-0.640692353249,-0.690162301064,-0.633469343185,-0.739250838757,-0.554379284382,-0.410027652979,-0.559939026833,-0.416628092527,-0.147838354111,-0.188637167215,-0.054276838899,0.357038438320,0.389162629843,0.373341381550,0.577645182610,0.535811603069,0.564138054848,0.661494195461,0.405993849039,0.143221989274,-0.026622548699,-0.280741572380,-0.440860837698,-0.525575697422,-0.709026753902,-0.897814750671,-0.965795099735,-0.872335255146,-0.610471427441,-0.301476657391,-0.061826083809,0.097337104380,0.307679802179,0.556204140186,0.654975593090,0.741343557835,0.867170751095,0.919350385666,0.933206975460,0.826648473740,0.688119173050,0.523180365562,0.189719617367,-0.092903196812,-0.368241220713,-0.611118018627,-0.579298853874,-0.560673773289,-0.597829282284,-0.501805305481,-0.374993622303,-0.314076036215,-0.327835828066,-0.247446894646,-0.068161383271,0.087162449956,0.193790704012,0.263569295406,0.459413677454,0.612403452396,0.577501773834,0.561282098293,0.365585505962,0.117641434073,0.117716178298,-0.016625825316,-0.235988900065,-0.378327727318,-0.586186707020,-0.708606243134,-0.794908642769,-0.855343759060,-0.804461181164,-0.713362097740,-0.542268812656,-0.242202445865,0.087212540209,0.244969189167,0.394162029028,0.502877593040,0.452168911695,0.611415505409,0.784071445465,0.792254567146,0.770531356335,0.625337719917,0.474470615387,0.309487581253,0.070662312210,-0.218576058745,-0.440028071404,-0.583705723286,-0.714076697826,-0.590583980083,-0.447203069925,-0.457637041807,-0.477710336447,-0.422134578228,-0.281037420034,-0.316039711237,-0.063713632524,0.312759518623,0.252786368132,0.423442542553,0.617224037647,0.501159965992,0.499225139618,0.574498295784,0.629054367542,0.559352040291,0.374363601208,0.111155368388,-0.161531671882,-0.412142276764,-0.666226387024,-0.785120069981,-0.951536595821,-0.922883331776,-0.739180207253,-0.780597150326,-0.424654275179,-0.102714717388,-0.086136028171,0.319221824408,0.404055029154,0.400448173285,0.773125529289,0.712920606136,0.660030484200,0.719439506531,0.475525140762,0.462005585432,0.401190787554,0.038212679327,-0.127302914858,-0.332954227924,-0.643027305603,-0.660541176796,-0.609653592110,-0.608822286129,-0.556081056595,-0.532622218132,-0.451676160097,-0.417954593897,-0.416150152683,-0.124501861632,0.141853734851,0.236003294587,0.561194241047,0.700629830360,0.571299612522,0.677592813969,0.625714361668,0.506309568882,0.562120378017,0.386350035667,0.126822948456,-0.144736006856,-0.381579607725,-0.470614671707,-0.608584821224,-0.634739160538,-0.645681202412,-0.814225971699,-0.687371432781,-0.333774954081,-0.147520735860,0.102205015719,0.366588115692,0.447342455387,0.569724798203,0.689969837666,0.777449786663,0.916432976723,0.994787871838,0.985995233059,0.893611013889,0.671493351460,0.420547932386,0.277420848608,0.050873752683,-0.137551829219,-0.100344859064,-0.265170454979,-0.446160227060,-0.388912528753,-0.399962455034,-0.364974290133,-0.398960620165,-0.531346499920,-0.393443018198,-0.201205611229,-0.008045177907,0.257105022669,0.316830217838,0.275467455387,0.282804191113,0.329319119453,0.372161746025,0.275942921638,0.112949341536,0.005574909505,-0.123360142112,-0.334022313356,-0.446262925863,-0.640325367451,-0.998475074768,-1.019490957260,-0.993636786938,-1.011147379875,-0.726383447647,-0.567502319813,-0.402152359486,-0.082063794136,0.125298663974,0.219253897667,0.220703065395,0.418128371239,0.570900619030,0.589402198792,0.785160779953,0.751061856747,0.593037188053,0.527396202087,0.284655243158,0.011211355217,-0.302644461393,-0.564626157284,-0.510006666183,-0.438479006290,-0.462579429150,-0.407000690699,-0.303639262915,-0.289213597775,-0.339509874582,-0.187730297446,0.069539681077,0.209595784545,0.320475697517,0.537495613098,0.706386744976,0.666220426559,0.751377284527,0.748837351799,0.508265316486,0.461454927921,0.418022394180,0.345061898232,0.097401961684,-0.234056353569,-0.222138062119,-0.487786084414,-0.760274469852,-0.693645834923,-0.813275933266,-0.614981889725,-0.220723956823,-0.095297284424,0.027692642063,0.100184343755,0.161048904061,0.221546396613,0.296151220798,0.454951792955,0.578131020069,0.603857159615,0.534477949142,0.421918004751,0.246280133724,0.104615926743,-0.080364212394,-0.315517336130,-0.386786431074,-0.509423434734,-0.573376715183,-0.479522824287,-0.414038926363,-0.286474764347,-0.274858862162,-0.362679481506,-0.311362415552,-0.293886154890,-0.308228462934,0.017102645710,0.348028063774,0.297038525343,0.397032469511,0.421150118113,0.262494117022,0.372337013483,0.251801282167,0.117271475494,0.149190977216,-0.146775722504,-0.273399919271,-0.264113366604,-0.616812109947,-0.799675226212,-0.653022825718,-0.788007020950,-0.810456693172,-0.430954366922,-0.375380218029,-0.178947806358,0.220530197024,0.220615267754,0.413818508387,0.606757700443,0.625618398190,0.734570920467,0.704239845276,0.760316133499,0.733029127121,0.585024595261,0.488489925861,0.183952689171,-0.089201211929,-0.244920551777,-0.377589851618,-0.495949089527,-0.592576265335,-0.452459633350,-0.345834374428,-0.389262437820,-0.351929783821,-0.329751372337,-0.247332349420,-0.037713095546,0.191488251090,0.375458508730,0.521791160107,0.576507985592,0.526422560215,0.581534266472,0.493038326502,0.337406665087,0.343359291553,0.147295221686,-0.028778705746,-0.201151877642,-0.414569169283,-0.480554908514,-0.725828707218,-0.814750015736,-0.717895805836,-0.722038030624,-0.535228252411,-0.355396926403,-0.216429874301,0.052354805171,0.296724408865,0.423499703407,0.401091128588,0.400697082281,0.410088121891,0.395031303167,0.413252174854,0.328711092472,0.291712045670,0.256263226271,0.024221591651,-0.244535982609,-0.499854683876,-0.651945352554,-0.550146102905,-0.334674596786,-0.259302169085,-0.274338632822,-0.211979687214,-0.190164655447,-0.184415087104,-0.100833110511,-0.073680356145,0.043214485049,0.296997278929,0.386446505785,0.499190568924,0.755379378796,0.761195003986,0.639252185822,0.669045388699,0.655940532684,0.495695292950,0.262014538050,0.105423882604,0.045189052820,-0.078983910382,-0.276158988476,-0.453154921532,-0.498088479042,-0.507459580898,-0.413656383753,-0.120960779488,-0.064070746303,-0.050401162356,0.275401741266,0.435107290745,0.388077467680,0.412934362888,0.368880450726,0.347530812025,0.509787321091,0.569691956043,0.432804465294,0.231745839119,-0.079093039036,-0.282522469759,-0.393836408854,-0.692149102688,-0.827583312988,-0.835127651691,-0.905002236366,-0.631559371948,-0.427637249231,-0.565538287163,-0.618667900562,-0.652544081211,-0.470674574375,-0.187209963799,-0.054274871945,0.234008967876,0.297021418810,0.219578668475,0.349524855614,0.297571212053,0.221660941839,0.176236331463,0.024274660274,-0.083028562367,-0.114174090326,-0.199218794703,-0.471073806286,-0.619475185871,-0.753174185753,-0.851717174053,-0.596158206463,-0.527081668377,-0.437679976225,-0.104029864073,-0.018264057115,0.151087179780,0.415746748447,0.517995834351,0.657539963722,0.774078309536,0.832095205784,0.888473808765,0.858610272408,0.766411066055,0.730004012585,0.634608566761,0.440255343914,0.210067063570,-0.131674304605,-0.311485528946,-0.325990051031,-0.413197040558,-0.395788043737,-0.416541457176,-0.440771073103,-0.248652070761,-0.167507335544,-0.148479640484,-0.028486380354,-0.003337487811,0.067762516439,0.243256330490,0.391683906317,0.521317899227,0.494485259056,0.418576657772,0.416161149740,0.204748213291,-0.013850318268,-0.022743804380,-0.091018013656,-0.202143788338,-0.479406774044,-0.827383756638,-0.882792472839,-0.945098102093,-0.998165786266,-0.868181884289,-0.695057272911,-0.441698879004,-0.251918792725,-0.072319597006,0.138355851173,0.274570852518,0.465305238962,0.598111271858,0.668620049953,0.737192273140,0.739391744137,0.678171873093,0.481258273125,0.225087955594,-0.041319575161,-0.280819475651,-0.483463436365,-0.651169240475,-0.739546418190,-0.817400872707,-0.702835261822,-0.585151016712,-0.634721517563,-0.539977550507,-0.456548571587,-0.319625169039,0.020095508546,0.263889521360,0.282787084579,0.344516366720,0.595387935638,0.662381708622,0.725879549980,0.843522191048,0.616059958935,0.373171567917,0.143273860216,-0.130057826638,-0.257404297590,-0.438347786665,-0.699879169464,-0.935658991337,-1.007307887077,-1.003301143646,-0.976222991943,-0.735270023346,-0.479332208633,-0.224565729499,0.103143505752,0.379965335131,0.531708776951,0.535269618034,0.669391691685,0.828864634037,0.856315433979,0.881620287895,0.656021356583,0.353881835938,0.125413656235,-0.193307325244,-0.389629602432,-0.570009708405,-0.705291628838,-0.682711482048,-0.688659608364,-0.574297070503,-0.463778465986,-0.488887220621,-0.461696028709,-0.397790640593,-0.271110326052,-0.050857044756,0.181545779109,0.314941406250,0.424488633871,0.491204351187,0.449858695269,0.519768238068,0.503408074379,0.353214621544,0.265216201544,0.098321922123,-0.011542437598,-0.133171260357,-0.363541811705,-0.594406187534,-0.823642551899,-0.793696820736,-0.738253593445,-0.743477523327,-0.530601918697,-0.408783078194,-0.202267557383,0.123075179756,0.279399335384,0.596963644028,0.821241974831,0.822962701321,0.960851073265,1.037079811096,1.080847263336,1.026679158211,0.758529543877,0.581532239914,0.309669286013,0.024501834065,-0.059364147484,-0.313229411840,-0.540688693523,-0.582560002804,-0.564414501190,-0.382086902857,-0.371307224035,-0.472640484571,-0.409379780293,-0.351722836494,-0.174894124269,0.047396432608,0.194899037480,0.317165762186,0.388583153486,0.548435628414,0.645861327648,0.600575566292,0.514525294304,0.378940343857,0.152991026640,-0.172622352839,-0.373220294714,-0.529777824879,-0.711963891983,-0.889864087105,-1.077476978302,-1.070681214333,-1.001891255379,-0.813883483410,-0.560811698437,-0.467606067657,-0.255636394024,-0.039301056415,0.112256266177,0.250901043415,0.277119636536,0.367644876242,0.414558291435,0.395400285721,0.461842358112,0.457227915525,0.323520690203,0.180150300264,0.023642156273,-0.180066391826,-0.371532052755,-0.535147905350,-0.562133491039,-0.520423114300,-0.463093549013,-0.351166486740,-0.429926395416,-0.447029769421,-0.310197353363,-0.295120239258,-0.177466899157,0.043642215431,0.264433383942,0.492705106735,0.596289157867,0.505259215832,0.446024447680,0.536110460758,0.531846284866,0.553695738316,0.440971732140,0.184054836631,0.132291510701,-0.064292199910,-0.199945807457,-0.271707236767,-0.558956205845,-0.543196499348,-0.499902397394,-0.585927009583,-0.431850373745,-0.303001940250,-0.193099990487,0.065658383071,0.212375506759,0.185886874795,0.291653931141,0.461466819048,0.565699398518,0.722255349159,0.720999598503,0.593475639820,0.447981059551,0.251164525747,0.096305601299,-0.156215667725,-0.320652335882,-0.465478390455,-0.654558420181,-0.503587543964,-0.451899290085,-0.473102748394,-0.454022526741,-0.657796859741,-0.592657208443,-0.487600028515,-0.426778852940,-0.178554743528,-0.050778079778,0.163578346372,0.344257682562,0.411409288645,0.461854338646,0.393618553877,0.416575998068,0.381018817425,0.322069227695,0.167162030935,-0.218858540058,-0.422351390123,-0.632603704929,-0.879977405071,-0.877188980579,-0.835746049881,-0.842671453953,-0.763623714447,-0.506201565266,-0.269962698221,-0.164917677641,0.006039399188,0.198461279273,0.350352644920,0.490132898092,0.496879488230,0.588437557220,0.858906924725,0.752622544765,0.505475223064,0.438433915377,0.074420109391,-0.227301552892,-0.346277981997,-0.595195949078,-0.554449081421,-0.459268301725,-0.551084220409,-0.493176907301,-0.476447850466,-0.547764837742,-0.520787596703,-0.503680944443,-0.367989599705,-0.009893818758,0.210933685303,0.285357087851,0.425414264202,0.480632811785,0.477396070957,0.454279780388,0.336459934711,0.273172616959,0.199321717024,0.062157198787,-0.009349144995,-0.200613841414,-0.412816315889,-0.577089309692,-0.854249417782,-0.883934497833,-0.761844933033,-0.573763668537,-0.263800382614,-0.237597674131,-0.146921023726,0.056612931192,0.094195008278,0.215846076608,0.410178959370,0.638784646988,0.680537164211,0.631288588047,0.641042470932,0.442526429892,0.247534409165,0.088932126760,-0.069480359554,-0.223338633776,-0.431609004736,-0.494558691978,-0.561795890331,-0.541210114956,-0.420448750257,-0.429794996977,-0.333393096924,-0.250594496727,-0.262053549290,-0.141882479191,0.078774727881,0.279454857111,0.470392435789,0.641130924225,0.626509904861,0.657245934010,0.732816755772,0.656746447086,0.621306955814,0.456673681736,0.289687335491,0.233109846711,-0.043185617775,-0.317404031754,-0.537171661854,-0.777341425419,-0.744586884975,-0.629053652287,-0.648635506630,-0.434515416622,-0.144587993622,-0.033248875290,0.240710377693,0.392342120409,0.397636324167,0.534328222275,0.472491592169,0.499340444803,0.665974795818,0.623701214790,0.554768800735,0.338269323111,-0.002246210119,-0.233243599534,-0.440155655146,-0.501222074032,-0.466553866863,-0.598017215729,-0.672359645367,-0.598765850067,-0.563845753670,-0.474066227674,-0.418198853731,-0.468299686909,-0.440940320492,-0.335476517677,-0.158146589994,0.047484029084,0.197093576193,0.220484897494,0.185219228268,0.284007251263,0.355156987906,0.311859756708,0.227195739746,0.119739249349,-0.008627297357,-0.249234095216,-0.390168845654,-0.439319282770,-0.479107171297,-0.436818212271,-0.558422029018,-0.538549959660,-0.222450822592,-0.075835697353,0.005874354858,0.212735608220,0.284469723701,0.274650722742,0.516916155815,0.652991473675,0.585690438747,0.651597082615,0.632858693600,0.632321476936,0.640503823757,0.499002605677,0.288387030363,-0.062391072512,-0.245754659176,-0.249397233129,-0.203105524182,-0.126079544425,-0.161737099290,-0.123923406005,-0.146513894200,-0.178488790989,-0.139442414045,-0.195415914059,-0.063784278929,0.133835583925,0.261054664850,0.361980110407,0.376614779234,0.411696135998,0.488460481167,0.540975034237,0.338739931583,0.167128816247,0.129145175219,-0.054461661726,-0.180410936475,-0.402924656868,-0.517434358597,-0.553956091404,-0.801528871059,-0.758141994476,-0.706099569798,-0.673478007317,-0.440874218941,-0.315116047859,-0.137287914753,-0.027132658288,0.102574579418,0.233128964901,0.217268019915,0.360044330359,0.447228074074,0.577568054199,0.711393952370,0.579004049301,0.342298984528,-0.006451594178,-0.157961726189,-0.280566036701,-0.454105198383,-0.447772145271,-0.679165720940,-0.749670743942,-0.612159013748,-0.646602094173,-0.465846478939,-0.329902350903,-0.307041674852,-0.133211478591,0.026031365618,0.179702043533,0.356424868107,0.504647612572,0.477361649275,0.440393179655,0.468557953835,0.329953640699,0.235008314252,0.128388538957,-0.000107795720,-0.050857726485,-0.247900649905,-0.332521110773,-0.372279971838,-0.574624717236,-0.618785083294,-0.606638967991,-0.502776801586,-0.147274240851,0.018828885630,-0.024171458557,0.113352902234,0.334205299616,0.478414773941,0.558577299118,0.598742365837,0.554673969746,0.433645427227,0.492910623550,0.547820985317,0.425990998745,0.420897334814,0.240242168307,-0.120975241065,-0.227123066783,-0.392986357212,-0.442104130983,-0.203617170453,-0.372292548418,-0.493449836969,-0.270607143641,-0.431193381548,-0.462889462709,-0.142566591501,-0.089208960533,0.022158212960,0.229056417942,0.240698218346,0.383313596249,0.547670960426,0.495420575142,0.472379267216,0.397291183472,0.268875122070,0.298665344715,0.121828675270,-0.216700941324,-0.304641157389,-0.477800726891,-0.774957835674,-0.849433064461,-0.847093999386,-0.833961009979,-0.695219278336,-0.520252287388,-0.347389996052,-0.026663377881,0.311886698008,0.521319627762,0.807789564133,1.001858234406,1.052101612091,1.189674258232,1.150784254074,0.973682224751,0.831837654114,0.552772402763,0.214406594634,-0.148193329573,-0.491704821587,-0.656456410885,-0.722213029861,-0.723075211048,-0.640415310860,-0.538444340229,-0.484421193600,-0.481632411480,-0.438976734877,-0.375282615423,-0.230694562197,0.070806540549,0.383402168751,0.562017977238,0.520425975323,0.439553737640,0.413860738277,0.410805195570,0.528071582317,0.458199977875,0.266599327326,0.133750110865,-0.166937157512,-0.339501947165,-0.523207485676,-0.778970122337,-0.809459984303,-0.926174461842,-0.827749490738,-0.584030747414,-0.502151250839,-0.175495773554,0.039164200425,0.114688575268,0.323393672705,0.399485200644,0.400962293148,0.486300557852,0.616665899754,0.568113982677,0.601219475269,0.572931945324,0.143592014909,0.095970444381,0.130284711719,-0.193723663688,-0.305759131908,-0.431337833405,-0.598554372787,-0.517388820648,-0.374036550522,-0.334851562977,-0.316318809986,-0.328701108694,-0.299510210752,-0.082460194826,-0.029294800013,0.111660614610,0.391379386187,0.390687972307,0.491396725178,0.538458228111,0.536058843136,0.627090573311,0.485853075981,0.288632601500,0.087252803147,0.011249963194,-0.171821191907,-0.379639118910,-0.365827172995,-0.757888913155,-0.822291970253,-0.579497337341,-0.731338202953,-0.402959972620,-0.114954799414,-0.160567179322,0.138130605221,0.309598982334,0.318392902613,0.418561458588,0.544813096523,0.592887878418,0.651950597763,0.806194365025,0.699343681335,0.579204916954,0.491593897343,0.201340347528,-0.033932600170,-0.245831385255,-0.287812620401,-0.339460700750,-0.370405733585,-0.145085632801,-0.300365865231,-0.375586688519,-0.192787870765,-0.318480491638,-0.254287213087,-0.122932791710,0.009621404111,0.231388062239,0.215545535088,0.368367999792,0.518714606762,0.426686644554,0.485536038876,0.513812005520,0.350116521120,0.156652480364,0.033461127430,-0.154290065169,-0.400786846876,-0.557810008526,-0.748462915421,-0.802318453789,-0.799749076366,-0.888616502285,-0.766024649143,-0.565801024437,-0.290962159634,0.037635453045,0.168830305338,0.238609701395,0.225426405668,0.251040697098,0.475573241711,0.662116885185,0.722590744495,0.666619420052,0.553106963634,0.462984621525,0.281889438629,0.049943476915,-0.035981379449,-0.197203859687,-0.389712899923,-0.310356050730,-0.342260152102,-0.435160607100,-0.358813881874,-0.396714955568,-0.438379734755,-0.426807373762,-0.347822010517,-0.107959188521,0.165634468198,0.286261439323,0.325374752283,0.476005792618,0.356280803680,0.378192514181,0.680594027042,0.421732991934,0.348870337009,0.375703454018,-0.044972639531,-0.076378859580,-0.125611245632,-0.376157462597,-0.449468612671,-0.594917774200,-0.677682995796,-0.610293745995,-0.346691489220,-0.086584389210,-0.088246233761,0.004137575161,0.266452074051,0.408467203379,0.476676851511,0.547519028187,0.566113173962,0.655774176121,0.702680826187,0.610887110233,0.550824463367,0.364179313183,0.036285564303,-0.106609672308,-0.181678935885,-0.428094536066,-0.450159847736,-0.299285084009,-0.411936312914,-0.496512502432,-0.480539113283,-0.443050622940,-0.338801711798,-0.215861156583,-0.024566903710,0.141545042396,0.392989248037,0.638540267944,0.787014067173,0.917332828045,0.807052791119,0.644108831882,0.475655764341,0.388089567423,0.413651287556,0.135012164712,-0.060460843146,-0.157831072807,-0.468560665846,-0.643582522869,-0.752178966999,-0.921628832817,-0.984688997269,-0.751367330551,-0.417864769697,-0.316271245480,-0.176841169596,-0.006394979544,0.072315461934,0.347899228334,0.578655838966,0.517036497593,0.435792624950,0.395615458488,0.477709054947,0.525124073029,0.252569854259,-0.026333402842,-0.223672524095,-0.433118700981,-0.605661213398,-0.584507405758,-0.354675799608,-0.411722034216,-0.487857043743,-0.271205514669,-0.247267678380,-0.329426437616,-0.292730331421,-0.176409497857,0.002234072424,0.113557420671,0.223363295197,0.442748337984,0.465753346682,0.260336190462,0.345215886831,0.425499051809,0.227044060826,0.320168375969,0.376433610916,0.131399929523,0.050415784121,-0.123940400779,-0.347629427910,-0.304902464151,-0.362700760365,-0.420966476202,-0.256962984800,-0.164504185319,-0.026710666716,0.244587361813,0.341338723898,0.370224654675,0.466488927603,0.489282906055,0.539128363132,0.638249933720,0.626443386078,0.538204789162,0.385115504265,0.253641009331,0.206493303180,0.029717464000,-0.171158224344,-0.308232337236,-0.497005552053,-0.487203389406,-0.322646528482,-0.306850880384,-0.289267271757,-0.255889832973,-0.395305633545,-0.424464464188,-0.273423939943,-0.207157820463,-0.123524598777,0.017352022231,0.213330999017,0.350442588329,0.344592452049,0.396013081074,0.283705830574,0.120008088648,0.143911197782,0.040593191981,-0.035072807223,-0.098751574755,-0.386482685804,-0.632618606091,-0.805890202522,-0.900293350220,-0.788628458977,-0.644241213799,-0.508321821690,-0.340534448624,-0.269772231579,-0.097003094852,0.182276591659,0.247168689966,0.358025103807,0.434783101082,0.332766771317,0.487074911594,0.643533289433,0.602005183697,0.531020998955,0.325113862753,0.084503397346,-0.047653235495,-0.236533880234,-0.473856985569,-0.362829416990,-0.365743428469,-0.576123595238,-0.373127430677,-0.399277836084,-0.501464784145,-0.308159440756,-0.299315005541,-0.158118113875,-0.002596509876,0.077658198774,0.237003415823,0.319482862949,0.453484117985,0.476964056492,0.402773797512,0.322093427181,0.263541758060,0.263059645891,0.177601650357,0.058297883719,-0.240009635687,-0.431264609098,-0.441264957190,-0.650991559029,-0.691211283207,-0.609025835991,-0.541720390320,-0.335708230734,-0.108748041093,0.137285828590,0.271191209555,0.321409612894,0.445261865854,0.641549587250,0.689784765244,0.552090406418,0.475297331810,0.379163652658,0.361944347620,0.280067175627,0.114316180348,0.051988907158,-0.313024848700,-0.508737027645,-0.414006024599,-0.572882533073,-0.561689913273,-0.505241453648,-0.598725974560,-0.542621552944,-0.513350963593,-0.508844137192,-0.379853457212,-0.193641737103,0.049296405166,0.268057107925,0.278212994337,0.350519329309,0.475967675447,0.387044966221,0.464437961578,0.484555274248,0.343426376581,0.310198098421,0.035910449922,-0.201703980565,-0.318118512630,-0.492507606745,-0.593682944775,-0.706666469574,-0.617086946964,-0.466959774494,-0.309742987156,-0.035612255335,0.148266673088,0.412127852440,0.597283363342,0.725188493729,0.888874530792,0.836237907410,0.852571070194,0.867793142796,0.849559605122,0.773473680019,0.402787446976,0.238967120647,0.104381456971,-0.131521508098,-0.174466922879,-0.374632477760,-0.487972050905,-0.528281033039,-0.599044024944,-0.408015280962,-0.261218756437,-0.218473121524,-0.284130424261,-0.255231946707,-0.095110550523,-0.136546581984,-0.008632711135,0.148391619325,0.113830067217,0.074436217546,0.080415777862,0.203864559531,0.102794349194,-0.006873171311,-0.065626755357,-0.275309175253,-0.293146640062,-0.452919960022,-0.656263053417,-0.750239193439,-0.900473117828,-0.802633345127,-0.720757901669,-0.546618580818,-0.285342305899,-0.232331693172,-0.083678051829,0.021772138774,0.131220087409,0.215696424246,0.114409521222,0.131405189633,0.293369829655,0.554484009743,0.632263183594,0.529269099236,0.517634928226,0.435029238462,0.295534878969,0.069248385727,-0.134102910757,-0.156742244959,-0.161085367203,-0.174972236156,-0.226058930159,-0.286016345024,-0.359915822744,-0.368464410305,-0.228065446019,-0.071087829769,0.157025486231,0.341884553432,0.491270303726,0.603665173054,0.503128468990,0.547811031342,0.606734395027,0.512802958488,0.507902622223,0.341336756945,0.107584498823,-0.132713332772,-0.382950097322,-0.470579773188,-0.599546492100,-0.666548967361,-0.747917711735,-0.836109101772,-0.717186629772,-0.605432629585,-0.337291449308,-0.068433545530,-0.001493614865,0.173625886440,0.377150058746,0.539850354195,0.621353507042,0.635828793049,0.609313249588,0.457411050797,0.388992577791,0.283691465855,-0.007342092693,-0.217587396502,-0.401107996702,-0.657267451286,-0.790761530399,-0.783609032631,-0.740858912468,-0.605825185776,-0.505520224571,-0.524636030197,-0.472863286734,-0.430211216211,-0.381042718887,-0.225600063801,-0.111313641071,-0.014656874351,0.088539950550,0.200172334909,0.298349410295,0.360458225012,0.390632778406,0.244191646576,0.174649044871,0.206419020891,-0.003855417483,-0.177488133311,-0.263120830059,-0.372073739767,-0.428749084473,-0.606483757496,-0.670232892036,-0.578928172588,-0.508379101753,-0.208316013217,0.017420005053,0.053574867547,0.220089480281,0.309034317732,0.354408890009,0.402233988047,0.422575414181,0.555428802967,0.525839090347,0.404111891985,0.386582762003,0.271905809641,0.109691917896,0.037554632872,0.012852049433,-0.086359366775,-0.185595616698,-0.282707393169,-0.393394708633,-0.382564842701,-0.352209150791,-0.281159162521,-0.306939482689,-0.475869178772,-0.428887516260,-0.210934072733,0.041587863117,0.191606968641,0.246655464172,0.396006971598,0.439512312412,0.377514779568,0.378791213036,0.268672406673,0.060980893672,0.007685429882,0.010311986320,-0.107716538012,-0.322928786278,-0.598958194256,-0.742373108864,-0.764695584774,-0.732967555523,-0.578262209892,-0.407288342714,-0.242307022214,-0.133032605052,-0.028173012659,0.034086141735,0.110896676779,0.296030819416,0.265848726034,0.349782824516,0.491636186838,0.420936077833,0.509008646011,0.333022832870,0.054639194161,0.022901549935,-0.208188116550,-0.396022588015,-0.411082416773,-0.436553806067,-0.388979375362,-0.280487060547,-0.255046516657,-0.274692237377,-0.234966933727,-0.227444946766,-0.092997521162,0.072796329856,0.228042319417,0.415141165257,0.337891548872,0.390214800835,0.446843206882,0.363056391478,0.418667793274,0.216107696295,0.169559389353,0.166788548231,-0.114063560963,-0.196256548166,-0.397550493479,-0.551904678345,-0.626114845276,-0.703375518322,-0.527166545391,-0.510944068432,-0.375656247139,-0.127943649888,-0.063777305186,0.017511552200,0.049627073109,0.230311587453,0.277382910252,0.160427376628,0.133174315095,0.048233523965,0.174664095044,0.219939976931,0.216966822743,0.263846814632,0.013633281924,-0.042556229979,-0.066611692309,-0.219876885414,-0.250003933907,-0.394852131605,-0.466931849718,-0.397241562605,-0.370748728514,-0.466060608625,-0.490976244211,-0.394978404045,-0.395040035248,-0.222628071904,-0.114722110331,-0.094350859523,0.157208353281,0.242130756378,0.252441585064,0.343359708786,0.440144181252,0.423219978809,0.314165443182,0.329973340034,0.193672284484,0.058327615261,-0.080938555300,-0.275940656662,-0.348917573690,-0.523218810558,-0.475070953369,-0.476908534765,-0.464097619057,-0.122427299619,-0.142497092485,0.021804925054,0.328255951405,0.324791193008,0.511957824230,0.594235181808,0.694528043270,0.806804955006,0.728433668613,0.702633500099,0.564636349678,0.491462469101,0.346103489399,-0.005786938593,-0.292910575867,-0.436807334423,-0.388614386320,-0.402968645096,-0.423913151026,-0.474060922861,-0.490785628557,-0.363913744688,-0.466868668795,-0.404495447874,-0.142884045839,-0.002011922421,0.212666690350,0.408153802156,0.634752988815,0.708773076534,0.576836049557,0.530201256275,0.394119262695,0.150892570615,-0.021977372468,-0.106587506831,-0.264433503151,-0.486954927444,-0.673073470592,-0.874354839325,-0.919104754925,-0.931396007538,-0.920902788639,-0.649986386299,-0.418141603470,-0.284689068794,-0.140872538090,-0.066840104759,0.036112051457,0.185158461332,0.257242232561,0.311538040638,0.416375517845,0.347531259060,0.321718215942,0.424957334995,0.172589451075,-0.117608770728,-0.317571401596,-0.594860017300,-0.574700117111,-0.535787165165,-0.606314003468,-0.477886170149,-0.364264637232,-0.333689689636,-0.283695220947,-0.276248306036,-0.264574676752,-0.118803851306,0.038391198963,0.144608289003,0.264222860336,0.311583369970,0.344941884279,0.365356177092,0.446718007326,0.479926854372,0.311745911837,0.320939064026,0.289222627878,0.048941519111,-0.060326367617,-0.222018808126,-0.471920937300,-0.631810069084,-0.625131666660,-0.515953660011,-0.415093481541,-0.201297253370,-0.006637238432,0.099230602384,0.287817209959,0.453736811876,0.491581350565,0.504472136497,0.549010932446,0.550801098347,0.576167881489,0.584529459476,0.454532355070,0.305908352137,0.064747937024,-0.157719627023,-0.256469726563,-0.422689497471,-0.526539266109,-0.615368664265,-0.610088765621,-0.487995237112,-0.556400120258,-0.547336757183,-0.540259659290,-0.519562840462,-0.239436626434,-0.150207683444,-0.026641584933,0.191748112440,0.229294002056,0.399323612452,0.475165218115,0.412936568260,0.370683968067,0.257834613323,0.166439428926,-0.003077290719,-0.189731016755,-0.262172281742,-0.365733355284,-0.607081472874,-0.668247342110,-0.566518902779,-0.676626324654,-0.501654922962,-0.137565210462,-0.082478851080,0.158336117864,0.471891582012,0.464107513428,0.508831202984,0.694037079811,0.657968163490,0.550242245197,0.645298659801,0.562554538250,0.345056056976,0.319408625364,0.142912924290,-0.097815155983,-0.176488161087,-0.377152115107,-0.480752974749,-0.391475677490,-0.400825738907,-0.325453400612,-0.206905096769,-0.244188740849,-0.299482375383,-0.319238930941,-0.252671182156,-0.186024650931,-0.153714179993,-0.065803334117,-0.105263531208,-0.095470391214,0.131314113736,0.200446307659,0.121013000607,0.117448978126,0.144309222698,0.106410682201,-0.020611925051,-0.089134261012,-0.151091754436,-0.338900536299,-0.513102948666,-0.662988245487,-0.803093850613,-0.795397102833,-0.580348789692,-0.312493830919,-0.152265921235,-0.042375124991,0.025912748650,0.166367530823,0.357649505138,0.400055915117,0.485008567572,0.588720083237,0.630453526974,0.733789145947,0.693028509617,0.500715970993,0.357130438089,0.141312941909,-0.125535905361,-0.154762804508,-0.153030335903,-0.274670064449,-0.268533736467,-0.320343196392,-0.387079358101,-0.368736058474,-0.435518503189,-0.331299811602,-0.229419931769,-0.216776728630,0.028554262593,0.249001577497,0.488229990005,0.768451154232,0.744355440140,0.735494434834,0.786345839500,0.596098899841,0.538126468658,0.460360616446,0.062930464745,-0.106425575912,-0.260737240314,-0.588184833527,-0.742329716682,-0.932942330837,-0.851558804512,-0.642975986004,-0.618599236012,-0.231334194541,-0.033074799925,-0.082674853504,0.269102632999,0.416536778212,0.369293570518,0.568055152893,0.718501031399,0.844726562500,0.942142009735,0.771584570408,0.620649158955,0.406441211700,-0.050205424428,-0.229594066739,-0.418003529310,-0.708986818790,-0.611598253250,-0.597741067410,-0.611557006836,-0.419735729694,-0.517050445080,-0.671683847904,-0.509084701538,-0.375564008951,-0.231438845396,0.128801301122,0.203866794705,0.254355728626,0.509774327278,0.429517209530,0.469290882349,0.559013128281,0.397075772285,0.301885604858,0.057804957032,-0.005796206649,0.011133166961,-0.321476012468,-0.537094771862,-0.646912634373,-0.776362776756,-0.781635224819,-0.625004827976,-0.393428564072,-0.214786544442,-0.029837727547,0.143269449472,0.381783276796,0.540794253349,0.576443195343,0.726380407810,0.731345355511,0.739808499813,0.793765425682,0.616731286049,0.599142193794,0.549868106842,0.282344490290,0.059360112995,-0.234331265092,-0.330940306187,-0.310351073742,-0.413249790668,-0.303147017956,-0.253448516130,-0.472433507442,-0.503985106945,-0.340860575438,-0.225388735533,-0.033380195498,0.129489421844,0.168788850307,0.393844932318,0.604246437550,0.609089136124,0.605363667011,0.519213616848,0.432258665562,0.424774676561,0.285717904568,0.025513457134,-0.157413274050,-0.408815830946,-0.731573581696,-0.788742005825,-0.855889499187,-0.941027104855,-0.799651801586,-0.749587357044,-0.557668924332,-0.268310338259,-0.229981556535,-0.027666416019,0.300068438053,0.436695635319,0.493029892445,0.580227375031,0.531073927879,0.471909850836,0.645251691341,0.487589061260,0.229239135981,0.202974736691,-0.090220026672,-0.234367266297,-0.374015033245,-0.611926555634,-0.442147016525,-0.330718934536,-0.143005639315,0.016068961471,-0.116457261145,-0.013786318712,0.017061762512,-0.015268134885,0.163227006793,0.321201205254,0.383627176285,0.427062571049,0.486405462027,0.355902642012,0.406699895859,0.493681848049,0.216440275311,0.197247877717,0.156520754099,-0.058710109442,-0.107003934681,-0.276021808386,-0.380195915699,-0.464578330517,-0.562822759151,-0.492356389761,-0.482813239098,-0.331043183804,-0.115955315530,-0.082704864442,0.066410407424,0.277008444071,0.248717918992,0.181059151888,0.346365749836,0.392920434475,0.383855611086,0.511588513851,0.389002203941,0.302774757147,0.195274099708,-0.104564584792,-0.113310404122,-0.236972182989,-0.363164484501,-0.165653899312,-0.263920783997,-0.394636809826,-0.352891594172,-0.385198503733,-0.361575514078,-0.440096795559,-0.527417719364,-0.378444373608,-0.100484713912,0.167382419109,0.277218490839,0.214626491070,0.184466615319,0.326249390841,0.469668090343,0.516583442688,0.451395422220,0.285182714462,0.211571350694,0.125642120838,-0.001028661965,-0.105838365853,-0.308526307344,-0.479188472033,-0.578286707401,-0.522499263287,-0.298196017742,-0.173079639673,-0.069298714399,0.074029147625,0.034898340702,0.001097384258,0.279976665974,0.457492917776,0.479546993971,0.674151778221,0.656397938728,0.513688862324,0.540264487267,0.522771120071,0.473999410868,0.265701353550,-0.125714197755,-0.312945216894,-0.345830261707,-0.421670943499,-0.268764585257,-0.123662240803,-0.360794007778,-0.356557607651,-0.245789319277,-0.475859999657,-0.336574703455,-0.027179405093,0.027983007953,0.189189895988,0.333834558725,0.427607089281,0.502858042717,0.483725309372,0.439779162407,0.470167368650,0.479533135891,0.285148590803,0.181479632854,0.002852007048,-0.322142183781,-0.423466652632,-0.647661685944,-0.818394899368,-0.779362380505,-0.797403216362,-0.488053619862,-0.249483346939,-0.287115424871,-0.053331539035,0.070769622922,0.112914599478,0.288010358810,0.291320979595,0.295563936234,0.409495919943,0.488533586264,0.399235963821,0.316609293222,0.258749216795,0.053908731788,-0.106510296464,-0.307131499052,-0.335724800825,-0.303463131189,-0.455521166325,-0.251685708761,-0.179030448198,-0.314438283443,-0.230174541473,-0.352432429790,-0.285988390446,-0.110609270632,-0.090753600001,0.139566197991,0.229078009725,0.324895590544,0.467442184687,0.443382084370,0.519112825394,0.433998107910,0.293007254601,0.270984172821,0.110446907580,-0.025489836931,-0.135759949684,-0.379909366369,-0.576850831509,-0.606042563915,-0.590986907482,-0.492799729109,-0.282072782516,-0.101699791849,0.090899638832,0.197528213263,0.218028336763,0.455513447523,0.621425330639,0.570346236229,0.751449346542,0.882219076157,0.751932621002,0.779972672462,0.786929666996,0.511421144009,0.207114621997,-0.050118006766,-0.414274334908,-0.591499865055,-0.481438070536,-0.520769536495,-0.510353088379,-0.444036036730,-0.625422596931,-0.665851354599,-0.612787485123,-0.621612668037,-0.355779886246,0.011113952845,0.099615924060,0.148436650634,0.380777239799,0.433638244867,0.479370325804,0.605832695961,0.375872254372,0.245356678963,0.178130671382,-0.044693455100,-0.065228529274,-0.340723484755,-0.628939092159,-0.592961549759,-0.708478748798,-0.648441851139,-0.381894499063,-0.168142318726,0.119271144271,0.264939308167,0.306974917650,0.476749241352,0.626804530621,0.628302276134,0.565913140774,0.517734467983,0.512594699860,0.531852424145,0.487102627754,0.329473227262,0.096076548100,-0.074387349188,-0.183027178049,-0.355930715799,-0.508906185627,-0.546844780445,-0.569746911526,-0.509644567966,-0.250561028719,-0.170237794518,-0.279975295067,-0.249727189541,-0.340309917927,-0.321578025818,0.013807049021,0.099671646953,0.075707055628,0.173400908709,0.193581670523,0.261746883392,0.321087956429,0.241671025753,0.137200817466,0.099264338613,0.109016150236,-0.009320826270,-0.238193139434,-0.449625760317,-0.648231208324,-0.772895991802,-0.801968276501,-0.705311596394,-0.533460915089,-0.345649152994,-0.167590036988,-0.134356364608,0.058913502842,0.353096842766,0.416772514582,0.504518568516,0.519815504551,0.616916954517,0.783190727234,0.716421782970,0.733445405960,0.545013964176,0.303506821394,0.223697662354,-0.111811168492,-0.273659497499,-0.340488225222,-0.419433534145,-0.319275587797,-0.390332370996,-0.463582992554,-0.456921428442,-0.392303287983,-0.260501414537,-0.124496646225,0.113764733076,0.169153317809,0.218766957521,0.419800549746,0.552032411098,0.704469442368,0.652962327003,0.528194963932,0.451853305101,0.234522923827,0.148215249181,0.055568214506,-0.130871981382,-0.326815783978,-0.653498589993,-0.738198041916,-0.708705663681,-0.872903764248,-0.776932239532,-0.522267222404,-0.402106434107,-0.233547538519,-0.042024958879,0.175677210093,0.389372795820,0.507955729961,0.589340925217,0.648783385754,0.719118416309,0.713944494724,0.609451651573,0.465218782425,0.282927662134,0.110681131482,-0.177733018994,-0.433959215879,-0.486983716488,-0.526739895344,-0.467197924852,-0.445575326681,-0.424097955227,-0.246792897582,-0.373378872871,-0.408564448357,-0.182649210095,-0.192444428802,0.012032168917,0.315477550030,0.328593462706,0.314348548651,0.319582045078,0.361873894930,0.365039050579,0.318350493908,0.290108472109,0.218218207359,0.059846371412,-0.154587969184,-0.259910583496,-0.426471203566,-0.671914219856,-0.778419911861,-0.867225587368,-0.815377175808,-0.630265176296,-0.435219049454,-0.139596477151,0.072585903108,0.234698042274,0.392592251301,0.376041829586,0.460326403379,0.648508846760,0.671844840050,0.778505980968,0.806175053120,0.558263063431,0.353546440601,0.078740671277,-0.159871801734,-0.269978374243,-0.449007630348,-0.446688324213,-0.442267000675,-0.570335447788,-0.615347385406,-0.669603049755,-0.643047511578,-0.658931553364,-0.676501333714,-0.435030430555,-0.253958582878,-0.079704307020,0.152234643698,0.252480000257,0.415893197060,0.509515345097,0.550867736340,0.640659689903,0.477609366179,0.259769678116,0.102110669017,-0.146335795522,-0.337105035782,-0.552882313728,-0.805827438831,-0.952695965767,-1.062088847160,-0.985464870930,-0.738748848438,-0.575818359852,-0.380533307791,-0.147559508681,0.065991476178,0.316008657217,0.426149576902,0.460835188627,0.571983873844,0.685078740120,0.764763534069,0.701411008835,0.492155760527,0.309471577406,0.142386019230,-0.141203910112,-0.341195911169,-0.386927843094,-0.435994863510,-0.317531585693,-0.305912166834,-0.354494631290,-0.143582373857,-0.182455465198,-0.211009204388,0.007772180717,0.132045611739,0.355073004961,0.505910575390,0.447553008795,0.400698482990,0.450257062912,0.506262600422,0.452081561089,0.381147265434,0.208791047335,0.022505301982,-0.049956496805,-0.128194570541,-0.244920521975,-0.475980550051,-0.682867109776,-0.831932187080,-0.872998833656,-0.726386308670,-0.667936205864,-0.626115918159,-0.496889233589,-0.294116258621,-0.143904760480,-0.079017050564,0.094744861126,0.085147872567,0.086501725018,0.199263542891,0.187171712518,0.376301139593,0.374126642942,0.132523447275,0.069866962731,-0.022229311988,-0.100671388209,-0.320320725441,-0.547802031040,-0.516137361526,-0.589794158936,-0.684447765350,-0.614517569542,-0.450073122978,-0.332413196564,-0.288717597723,-0.218088865280,-0.189703956246,-0.022266840562,0.199812516570,0.340965449810,0.474162429571,0.491534888744,0.571879327297,0.617962479591,0.585402309895,0.573092460632,0.408192723989,0.286525636911,0.129041180015,-0.101839937270,-0.238034218550,-0.458902895451,-0.609128594398,-0.663502097130,-0.709139883518,-0.582498311996,-0.396030992270,-0.227740287781,-0.045518051833,0.162715986371,0.389463335276,0.528421998024,0.572240352631,0.649081885815,0.845946133137,0.912350296974,0.733555197716,0.600902259350,0.483381360769,0.319900214672,0.124176837504,-0.213520810008,-0.420347690582,-0.482073932886,-0.581124961376,-0.560203075409,-0.453114539385,-0.289891511202,-0.320672333241,-0.505698025227,-0.405488371849,-0.364446908236,-0.247902989388,0.041783574969,0.058605574071,0.240904480219,0.327737987041,0.159080609679,0.248828426003,0.185395672917,0.085416316986,0.106850266457,0.104588918388,0.093708410859,-0.203410014510,-0.416339665651,-0.576483547688,-0.753992497921,-0.620601594448,-0.581117391586,-0.547952771187,-0.454255461693,-0.356298863888,-0.118499845266,-0.039758309722,0.058806538582,0.212068319321,0.254331380129,0.321610122919,0.385903179646,0.503520309925,0.592929720879,0.553260862827,0.409502804279,0.272341042757,0.142234668136,-0.128555536270,-0.286496460438,-0.266934245825,-0.206433877349,-0.230609044433,-0.363759547472,-0.334279894829,-0.350298911333,-0.422103762627,-0.363053321838,-0.388099491596,-0.368975102901,-0.210874885321,-0.013592273928,0.162942379713,0.288017868996,0.331729650497,0.259474515915,0.292841792107,0.384932518005,0.389487355947,0.376699060202,0.295178920031,0.166524291039,-0.049069285393,-0.310166239738,-0.538290739059,-0.734656214714,-0.788306355476,-0.836718440056,-0.812021374702,-0.566490292549,-0.340257316828,-0.219832062721,-0.101286023855,0.071775116026,0.135769441724,0.214366972446,0.400591433048,0.392085611820,0.418410599232,0.472603052855,0.387167334557,0.320955038071,0.079499810934,-0.116443209350,-0.158034816384,-0.327902138233,-0.362409681082,-0.314021438360,-0.487358778715,-0.637252688408,-0.560533165932,-0.511189937592,-0.459803581238,-0.320854485035,-0.354920595884,-0.271423339844,-0.087030269206,0.043808817863,0.313682824373,0.328802883625,0.376302599907,0.488895952702,0.335381358862,0.446786195040,0.427235513926,0.254658758640,0.260994225740,0.035994913429,-0.155583769083,-0.351485133171,-0.530389189720,-0.486615985632,-0.439506441355,-0.299420505762,-0.190562143922,-0.063435785472,0.055086690933,0.112167537212,0.263720452785,0.277627348900,0.287842303514,0.333825916052,0.490363568068,0.616278409958,0.440687179565,0.417694926262,0.309793502092,0.153788030148,0.076544106007,-0.223155379295,-0.328206449747,-0.392577350140,-0.442571669817,-0.365686208010,-0.400346368551,-0.402015596628,-0.484031170607,-0.509785711765,-0.528934895992,-0.621905922890,-0.414917975664,-0.160663321614,-0.035022061318,0.051978070289,0.148358806968,0.255182802677,0.330522954464,0.412259727716,0.277775675058,0.135540291667,0.153444349766,0.058696314692,-0.107233420014,-0.317524999380,-0.506402194500,-0.713493883610,-0.799293220043,-0.695560574532,-0.771505713463,-0.707002580166,-0.429305404425,-0.203270554543,0.072023540735,0.211832925677,0.248322039843,0.312886685133,0.484072208405,0.658514559269,0.654996573925,0.699150681496,0.687502682209,0.567633390427,0.367389500141,0.089481987059,-0.072456605732,-0.275262027979,-0.375277489424,-0.350960224867,-0.394730210304,-0.438521564007,-0.516132533550,-0.377415835857,-0.258769035339,-0.357613295317,-0.311632215977,-0.221362248063,-0.035108152777,0.218278080225,0.345982968807,0.393300741911,0.391342788935,0.430661052465,0.419391840696,0.423771828413,0.410812497139,0.235421523452,0.076550170779,-0.130723699927,-0.318117767572,-0.445918351412,-0.582190573215,-0.619404494762,-0.720360934734,-0.766031801701,-0.628191292286,-0.398447871208,-0.141173139215,-0.047561571002,0.048317518085,0.213903591037,0.318419128656,0.438205152750,0.554445207119,0.554259777069,0.504301249981,0.505149960518,0.391582578421,0.302242726088,0.145131319761,-0.164482668042,-0.197325840592,-0.375294268131,-0.571092307568,-0.502752244473,-0.648609280586,-0.570711195469,-0.438136488199,-0.435011893511,-0.296663939953,-0.355696350336,-0.287999749184,-0.182432875037,-0.095453239977,0.114896483719,0.146537303925,0.352589458227,0.435526371002,0.377929121256,0.511506140232,0.358928501606,0.231000170112,0.179847538471,-0.031887162477,-0.080155186355,-0.136694177985,-0.472011506557,-0.660298168659,-0.515095829964,-0.662282228470,-0.681778669357,-0.294253796339,-0.235371276736,-0.005719339941,0.358438074589,0.342518717051,0.458428621292,0.665851831436,0.744750678539,0.742800176144,0.714264214039,0.705679774284,0.721516966820,0.694433450699,0.449520200491,0.278732687235,0.100538365543,-0.221831142902,-0.301605284214,-0.329326629639,-0.457023620605,-0.556667745113,-0.497397571802,-0.394489914179,-0.414075225592,-0.290830940008,-0.302763700485,-0.278844386339,0.091587156057,0.185306221247,0.295946419239,0.471098899841,0.305148839951,0.347265511751,0.453485667706,0.297417074442,0.213176384568,0.132669821382,-0.075724534690,-0.254749119282,-0.477149993181,-0.724378645420,-0.793507635593,-0.910515010357,-0.988052129745,-0.923509716988,-0.944239318371,-0.649822950363,-0.267045944929,-0.196629419923,0.028847374022,0.268932491541,0.335835635662,0.419079363346,0.552023470402,0.675419211388,0.657205462456,0.638559818268,0.503497362137,0.302240967751,0.246610611677,0.025381447747,-0.158320024610,-0.216713652015,-0.347408264875,-0.275983303785,-0.116324037313,-0.074040099978,-0.034908901900,-0.017046492547,-0.066785514355,-0.064993225038,0.018749680370,0.071533381939,0.183408945799,0.305393874645,0.307339966297,0.440261840820,0.598597347736,0.526604950428,0.519854485989,0.463939249516,0.171420171857,0.040367931128,0.068565227091,-0.017751472071,-0.280141949654,-0.605801284313,-0.904376983643,-1.061735630035,-0.888793766499,-0.695304751396,-0.596077501774,-0.511744678020,-0.402192622423,-0.098722897470,0.002991017187,0.155190050602,0.475075483322,0.421437531710,0.466812163591,0.643432617188,0.731259822845,0.716961622238,0.501675307751,0.283581584692,-0.071822643280,-0.173404872417,-0.268478035927,-0.577404856682,-0.406433880329,-0.545071601868,-0.709184169769,-0.413682430983,-0.580204010010,-0.554339945316,-0.353964447975,-0.433185428381,-0.178532615304,0.038103647530,0.176532417536,0.491244226694,0.557233929634,0.527056753635,0.659677743912,0.749495625496,0.704140722752,0.562126755714,0.341032147408,0.207581892610,0.008104906417,-0.328556090593,-0.328382223845,-0.426955193281,-0.783752441406,-0.740862131119,-0.758228778839,-0.765201866627,-0.418740719557,-0.253170818090,-0.019429033622,0.220937952399,0.227470308542,0.365927547216,0.413838535547,0.412919938564,0.549025774002,0.614364743233,0.707144081593,0.654259443283,0.281465113163,0.107223145664,0.088111370802,-0.137186571956,-0.238734200597,-0.312244564295,-0.420423179865,-0.333914995193,-0.340359449387,-0.395258814096,-0.398853629827,-0.456210643053,-0.433618277311,-0.226509392262,0.009243445471,0.134368598461,0.314881891012,0.345712304115,0.345301568508,0.533904910088,0.449635148048,0.374547243118,0.357974767685,0.242587134242,0.204891383648,-0.093852140009,-0.258855879307,-0.312692165375,-0.482913553715,-0.442648261786,-0.624234855175,-0.759552538395,-0.757601678371,-0.693584263325,-0.261759966612,-0.124202370644,-0.113328382373,0.018401328474,0.095134116709,0.227953642607,0.265186190605,0.500480771065,0.551327228546,0.524151921272,0.757128357887,0.520237743855,0.428782135248,0.395265370607,-0.011643557809,-0.116530105472,-0.239279434085,-0.334204792976,-0.350480377674,-0.380377441645,-0.276724308729,-0.383524000645,-0.307335317135,-0.116819441319,-0.234778672457,-0.227086722851,-0.014411646873,0.235906794667,0.390244811773,0.437384545803,0.537900209427,0.605248034000,0.585944652557,0.537902772427,0.481713712215,0.400278300047,0.240677520633,0.104283958673,-0.015479184687,-0.258266299963,-0.489297747612,-0.606284737587,-0.655249536037,-0.672904610634,-0.535004675388,-0.189267873764,-0.037963435054,-0.042005345225,0.110881671309,0.298438578844,0.415901780128,0.426506936550,0.479221612215,0.553095459938,0.526608884335,0.509413182735,0.374961107969,0.220799416304,0.108253605664,-0.141986742616,-0.371524512768,-0.497446477413,-0.493059664965,-0.358755618334,-0.237696826458,-0.204474583268,-0.265933185816,-0.353476732969,-0.381047457457,-0.306595474482,-0.231526896358,-0.121844120324,0.076557360590,0.261263906956,0.465837746859,0.534156620502,0.445843249559,0.358062952757,0.304404646158,0.427143305540,0.460115849972,0.309402227402,0.338572800159,0.261177569628,-0.089900314808,-0.151569128036,-0.033479459584,-0.229874268174,-0.273643732071,-0.057931374758,-0.122671224177,-0.105023734272,0.056530013680,0.011745413765,0.222218140960,0.449193835258,0.308564603329,0.446440577507,0.653410911560,0.513435363770,0.619568347931,0.700314581394,0.296999812126,0.205054998398,0.238860130310,-0.171166062355,-0.296439796686,-0.325707674026,-0.655543684959,-0.658320903778,-0.501623153687,-0.580608308315,-0.514149725437,-0.340314626694,-0.503109157085,-0.611144244671,-0.399009108543,-0.240264371037,-0.070523120463,0.033232051879,0.016489526257,0.187970712781,0.273182541132,0.170961260796,0.217631578445,0.205753073096,0.086413331330,0.048797376454,-0.128015026450,-0.360991001129,-0.497230350971,-0.671245634556,-0.793040335178,-0.819064140320,-0.668140053749,-0.404204517603,-0.354131519794,-0.268282532692,0.010556178167,0.212012872100,0.407062619925,0.524571061134,0.467964947224,0.540537834167,0.652933239937,0.617872774601,0.678033053875,0.659304857254,0.474567949772,0.368292748928,0.076532937586,-0.187609538436,-0.154946848750,-0.238758355379,-0.301747888327,-0.199692770839,-0.163026139140,-0.247567236423,-0.325908541679,-0.222932934761,-0.191337615252,-0.136493042111,0.113305367529,0.252278447151,0.431013643742,0.569639742374,0.625537395477,0.721880018711,0.573803782463,0.456774145365,0.377872467041,0.185948997736,0.163896352053,0.005332319997,-0.321442902088,-0.438714146614,-0.440172165632,-0.529801487923,-0.633362650871,-0.645892322063,-0.561130225658,-0.275559991598,-0.028806161135,0.081987984478,0.199936434627,0.237667813897,0.425807237625,0.579628348351,0.512804806232,0.501253664494,0.507594823837,0.567985653877,0.388672739267,0.101223729551,0.057288069278,-0.202222555876,-0.435425460339,-0.461358815432,-0.555789053440,-0.586537778378,-0.556039690971,-0.493581265211,-0.493635147810,-0.477049469948,-0.453509211540,-0.457275778055,-0.276513844728,-0.180005386472,-0.032581180334,0.245235547423,0.291471987963,0.385671049356,0.447204023600,0.353761523962,0.406638175249,0.459011375904,0.383079171181,0.215746521950,0.026289358735,-0.113540537655,-0.314301520586,-0.571060359478,-0.735718846321,-0.849517464638,-0.945379912853,-0.764633834362,-0.399589598179,-0.176598265767,0.072209976614,0.323568910360,0.405072838068,0.551636695862,0.647587597370,0.609635233879,0.708889842033,0.671920597553,0.593454957008,0.753143191338,0.596803247929,0.304478913546,0.195959851146,-0.132267609239,-0.342761725187,-0.294495880604,-0.311666578054,-0.283030629158,-0.341112583876,-0.439872860909,-0.390346914530,-0.335276842117,-0.210666298866,-0.066606953740,0.015547896735,0.106395706534,0.232090353966,0.435469478369,0.518308818340,0.478882044554,0.423498183489,0.337952256203,0.323553174734,0.224918261170,0.053282991052,-0.118090927601,-0.331838667393,-0.533142864704,-0.793944776058,-0.843651413918,-0.761563897133,-0.855495452881,-0.778710365295,-0.599949717522,-0.424899250269,-0.068036004901,0.160289898515,0.265313655138,0.461762607098,0.494550347328,0.496266245842,0.641995728016,0.657989859581,0.727371335030,0.820814609528,0.674852192402,0.521485924721,0.232203364372,-0.095805078745,-0.199939444661,-0.394219577312,-0.544412970543,-0.493360370398,-0.467629343271,-0.440051078796,-0.367703706026,-0.335948914289,-0.297679871321,-0.229933246970,-0.191876217723,0.064426049590,0.348131567240,0.388428628445,0.545361995697,0.615356028080,0.582326829433,0.700138509274,0.615450441837,0.403338432312,0.244495302439,0.060248635709,-0.167198196054,-0.432888060808,-0.629370212555,-0.782832622528,-0.828795731068,-0.760384798050,-0.713140726089,-0.676192343235,-0.588909745216,-0.316079705954,-0.028673982248,0.159563913941,0.323313355446,0.372357785702,0.521598756313,0.652775645256,0.587490320206,0.610096335411,0.573917865753,0.461301028728,0.358534902334,0.145965352654,-0.035115662962,-0.287165373564,-0.553574383259,-0.583422422409,-0.590879797935,-0.654625415802,-0.614116191864,-0.526562988758,-0.499475300312,-0.403568685055,-0.297806739807,-0.246280193329,-0.015771163628,0.189647033811,0.304542928934,0.481281608343,0.513433575630,0.506655514240,0.506543636322,0.457105129957,0.524551868439,0.474600225687,0.169521734118,-0.024788472801,-0.122791394591,-0.385046452284,-0.564781904221,-0.633100569248,-0.735000550747,-0.740866243839,-0.722300589085,-0.505089819431,-0.192117437720,-0.077652111650,0.182154715061,0.500752449036,0.600010573864,0.572810173035,0.630594789982,0.676379263401,0.499244242907,0.552783548832,0.553653538227,0.285310328007,0.241768628359,-0.032720532268,-0.339169591665,-0.331677764654,-0.384368926287,-0.367273449898,-0.418953776360,-0.449413359165,-0.306898325682,-0.233505591750,-0.197470515966,-0.247974008322,-0.259490609169,-0.162777140737,0.006514750421,0.168680533767,0.218622162938,0.387757033110,0.498451739550,0.517698705196,0.520725071430,0.380304902792,0.382183045149,0.263529866934,-0.037047825754,-0.146908864379,-0.324587404728,-0.507195532322,-0.610414206982,-0.792706549168,-0.881609916687,-0.928816676140,-0.903832316399,-0.657026529312,-0.392659991980,-0.152182504535,-0.042471509427,0.022252488881,0.256532937288,0.337326020002,0.489949554205,0.697313606739,0.734399497509,0.840258538723,0.638163864613,0.461903750896,0.361737430096,0.059723377228,0.050483312458,-0.213988885283,-0.496692448854,-0.454850494862,-0.559972345829,-0.408186107874,-0.381850689650,-0.501249849796,-0.465835124254,-0.576623082161,-0.438345968723,-0.272656470537,-0.118942558765,0.266359031200,0.384536772966,0.398130953312,0.498245805502,0.508037328720,0.552170574665,0.598831772804,0.392326712608,0.150893852115,0.064595751464,-0.266472756863,-0.455606520176,-0.350676715374,-0.617869734764,-0.842342257500,-0.857747256756,-0.873582243919,-0.565810143948,-0.255417972803,-0.058145571500,0.229767516255,0.375164151192,0.337261825800,0.412915170193,0.687663793564,0.746541380882,0.734896481037,0.782650828362,0.587696254253,0.447581112385,0.235856756568,-0.029536964372,-0.162047237158,-0.464524865150,-0.580212116241,-0.574362337589,-0.613644838333,-0.530651211739,-0.574691116810,-0.499629110098,-0.374343127012,-0.330844312906,-0.162168905139,-0.072647936642,0.114590257406,0.319100767374,0.433909952641,0.659794688225,0.655426859856,0.526752471924,0.487756878138,0.459726244211,0.537292659283,0.469868183136,0.183386474848,-0.032987099141,-0.178969681263,-0.400951474905,-0.569429576397,-0.575144231319,-0.571653902531,-0.537273466587,-0.542399585247,-0.514991939068,-0.219570204616,0.030370211229,0.176395893097,0.296029329300,0.311347395182,0.391811639071,0.431544929743,0.485853493214,0.579230368137,0.490504235029,0.405189573765,0.304857581854,0.136172696948,-0.021157547832,-0.304882675409,-0.523501098156,-0.544723153114,-0.598621845245,-0.645970165730,-0.645092070103,-0.715563356876,-0.735852420330,-0.725530683994,-0.757349610329,-0.578499794006,-0.296333700418,-0.066884458065,0.184769630432,0.243149295449,0.279236614704,0.409523993731,0.411836594343,0.447572290897,0.353527456522,0.084115102887,-0.051831036806,-0.192339494824,-0.346555858850,-0.418069034815,-0.582839071751,-0.780719399452,-0.790605008602,-0.734334111214,-0.604058563709,-0.358064055443,-0.235089033842,-0.079227991402,0.081605069339,0.114674217999,0.311545938253,0.521657943726,0.610825061798,0.744582056999,0.768797457218,0.691176235676,0.619119882584,0.398244619370,0.283881515265,0.285988628864,-0.003117205575,-0.212885618210,-0.329569101334,-0.467195451260,-0.343120127916,-0.356320858002,-0.342977464199,-0.205485522747,-0.292357474566,-0.202408224344,-0.059900563210,0.025077024475,0.275501668453,0.349975407124,0.350929409266,0.485181361437,0.473930269480,0.359293520451,0.253737539053,0.129615485668,0.133725285530,0.075523227453,-0.137775063515,-0.263690173626,-0.427906334400,-0.632329463959,-0.785062611103,-0.845598638058,-0.830534219742,-0.850896954536,-0.708729684353,-0.493652135134,-0.277891874313,-0.096855856478,-0.017001762986,0.242122218013,0.363369733095,0.395024091005,0.541879832745,0.504333198071,0.579277217388,0.626130044460,0.445188701153,0.339506477118,0.250967025757,0.018824221566,-0.278624624014,-0.422341197729,-0.578963756561,-0.665115237236,-0.600141704082,-0.574662446976,-0.398894160986,-0.354083627462,-0.380306452513,-0.279908150434,-0.280436605215,-0.058259483427,0.143063262105,0.185136035085,0.393586456776,0.504147946835,0.592679440975,0.731734633446,0.648941755295,0.439752608538,0.364205837250,0.292494952679,0.158175572753,0.091797821224,-0.177833840251,-0.484892696142,-0.589432537556,-0.633229255676,-0.581169068813,-0.552127718925,-0.420646190643,-0.213732182980,-0.056945309043,0.173439070582,0.312854111195,0.434101641178,0.556636095047,0.664205789566,0.753638088703,0.754276931286,0.806055605412,0.657591760159,0.440349429846,0.262250185013,-0.111172154546,-0.316111981869,-0.447581797838,-0.653822779655,-0.715967893600,-0.710183322430,-0.672852158546,-0.603557646275,-0.467897117138,-0.368745207787,-0.366078317165,-0.279909968376,-0.083707295358,0.163016840816,0.365741372108,0.377335995436,0.322584331036,0.471279799938,0.564909458160,0.469915658236,0.430281013250,0.192633360624,-0.166756883264,-0.288551539183,-0.384972780943,-0.568716526031,-0.687194168568,-0.755239844322,-0.902062118053,-0.905857861042,-0.664469957352,-0.465844422579,-0.202410131693,0.126210317016,0.324515014887,0.526368439198,0.678002774715,0.660398364067,0.704097390175,0.902774214745,0.958307921886,0.830379545689,0.735594034195,0.616710186005,0.430404275656,0.210754260421,-0.023839715868,-0.155287995934,-0.328250497580,-0.534515202045,-0.462319821119,-0.393013894558,-0.414288818836,-0.381419688463,-0.518855929375,-0.494096457958,-0.319292068481,-0.200939968228,0.106637261808,0.252154350281,0.315447986126,0.496272683144,0.523375153542,0.547875583172,0.494519412518,0.317688167095,0.172029852867,0.013222710229,-0.141311913729,-0.302937805653,-0.525375068188,-0.837356686592,-0.999210774899,-0.984684169292,-1.006659984589,-0.932842195034,-0.848102688789,-0.703415989876,-0.310883134604,0.031146164984,0.252912044525,0.368832021952,0.336041063070,0.434583544731,0.576749324799,0.601064205170,0.642403364182,0.558443307877,0.401339709759,0.280336976051,0.013353497721,-0.283646017313,-0.540460169315,-0.740650773048,-0.662325441837,-0.549932062626,-0.538377523422,-0.292085528374,-0.124376021326,-0.143200010061,0.000934733660,-0.017764512450,-0.018894096836,0.246930837631,0.335700482130,0.462909638882,0.592991173267,0.434025108814,0.522647738457,0.631767630577,0.392076671124,0.434184670448,0.369607865810,-0.039893355221,-0.056921258569,-0.172424808145,-0.477597236633,-0.464365094900,-0.582411110401,-0.709884524345,-0.600143313408,-0.494588404894,-0.299642831087,-0.060554251075,0.085154786706,0.242815271020,0.425823241472,0.437366932631,0.442395269871,0.583383440971,0.615433156490,0.674253165722,0.705701887608,0.625135302544,0.467978388071,0.111975170672,-0.025321971625,-0.095455437899,-0.329150944948,-0.437001705170,-0.577372789383,-0.565903604031,-0.469175130129,-0.455932289362,-0.359566509724,-0.445531427860,-0.528771221638,-0.385853946209,-0.196187019348,-0.020509546623,0.095275707543,0.208452031016,0.346270650625,0.507543325424,0.555525779724,0.486083060503,0.433172881603,0.325946658850,0.279568046331,0.173255279660,-0.099792823195,-0.321186006069,-0.553048789501,-0.752137064934,-0.844825446606,-0.900868594646,-0.914115846157,-0.797644495964,-0.538422644138,-0.304687529802,-0.140013322234,-0.059446692467,0.021122349426,0.146279051900,0.307998269796,0.528100311756,0.644182980061,0.715709090233,0.666154325008,0.562811374664,0.544689714909,0.305992186069,0.066834405065,-0.079706452787,-0.219861239195,-0.235879704356,-0.385180950165,-0.507296025753,-0.434199333191,-0.412093102932,-0.424404323101,-0.403591096401,-0.468027025461,-0.444341123104,-0.001491941628,0.292386800051,0.346724748611,0.622899115086,0.549822211266,0.477199822664,0.743517041206,0.548525214195,0.382196366787,0.432396829128,0.192655369639,0.108995668590,-0.006585587282,-0.311119318008,-0.491850435734,-0.760173738003,-0.829119324684,-0.764547824860,-0.754423558712,-0.481345206499,-0.321103662252,-0.220206961036,0.033603753895,0.193442121148,0.330517172813,0.479536563158,0.653528273106,0.705386757851,0.678093731403,0.701331079006,0.546445131302,0.355122327805,0.251257210970,0.034081451595,-0.285436660051,-0.494408220053,-0.545392334461,-0.519999980927,-0.470965206623,-0.463455021381,-0.380133628845,-0.379696786404,-0.534880280495,-0.440529495478,-0.176852256060,-0.032387334853,-0.036850832403,0.081892073154,0.426086395979,0.624431908131,0.757700920105,0.925420343876,0.904146432877,0.784409046173,0.738815069199,0.693155527115,0.507468879223,0.239546209574,-0.002431484638,-0.192706808448,-0.423292815685,-0.585164189339,-0.535260319710,-0.532750666142,-0.453193634748,-0.245303288102,-0.198710784316,-0.046837944537,0.192038193345,0.290790349245,0.420630007982,0.524611473083,0.588053882122,0.774841666222,0.905469059944,0.790902137756,0.601170957088,0.338968753815,0.063425287604,-0.076950922608,-0.348240494728,-0.557873487473,-0.544129312038,-0.711198270321,-0.823741495609,-0.699576914310,-0.652163326740,-0.634540736675,-0.577980339527,-0.488151937723,-0.418897241354,-0.385589957237,-0.094648510218,0.167817711830,0.131148874760,0.229657500982,0.311346054077,0.247327819467,0.316177338362,0.319345325232,0.179712489247,0.029774589464,-0.112866535783,-0.232199668884,-0.404714584351,-0.710008263588,-0.893155097961,-0.787353634834,-0.822632908821,-0.689625382423,-0.282650291920,-0.309044867754,-0.049975741655,0.377793073654,0.256702244282,0.417491972446,0.625733971596,0.638158977032,0.794208705425,0.774930179119,0.755341947079,0.762542903423,0.662921845913,0.438519209623,0.091753445566,-0.032945457846,-0.086208976805,-0.236815929413,-0.256990522146,-0.189019322395,-0.154169887304,-0.114336594939,-0.124240390956,-0.292205601931,-0.376779079437,-0.239324748516,-0.062913931906,0.163882359862,0.378618806601,0.358623534441,0.363156259060,0.556688725948,0.554259717464,0.511832296848,0.532523512840,0.353917241096,0.216315910220,0.142315968871,-0.019983457401,-0.247967436910,-0.501122534275,-0.707887053490,-0.757983148098,-0.621453821659,-0.621658444405,-0.597272574902,-0.398409664631,-0.273968666792,-0.048551168293,0.108365632594,0.110796734691,0.174839183688,0.246523112059,0.392151951790,0.538887917995,0.547179520130,0.432904362679,0.359355807304,0.312055766582,0.141214996576,-0.057053957134,-0.332664936781,-0.563342571259,-0.554451167583,-0.457784116268,-0.370007276535,-0.348790705204,-0.439344793558,-0.490744054317,-0.478610187769,-0.564167141914,-0.497612208128,-0.202153027058,-0.011939575896,0.093853391707,0.236911639571,0.366176575422,0.369319021702,0.393407672644,0.459992647171,0.375395178795,0.269504845142,0.153676584363,0.009184582159,-0.199322104454,-0.431876271963,-0.609148859978,-0.734478592873,-0.621516406536,-0.593519091606,-0.471423536539,-0.144721359015,-0.127692237496,0.225244104862,0.518420100212,0.340310662985,0.499838888645,0.508550822735,0.540721118450,0.753802239895,0.569084346294,0.561313211918,0.583282411098,0.300475597382,0.137031450868,-0.073708176613,-0.311262786388,-0.274415135384,-0.322807818651,-0.425069868565,-0.261308759451,-0.277054041624,-0.326731979847,-0.208661496639,-0.327063083649,-0.337509959936,-0.192890822887,-0.177485048771,-0.026579456404,0.259597688913,0.451861262321,0.478170514107,0.403275012970,0.330073893070,0.339154452085,0.307604551315,0.132553279400,-0.106731027365,-0.405993163586,-0.467094540596,-0.425424873829,-0.636403799057,-0.751205980778,-0.792037963867,-0.793448388577,-0.551927924156,-0.260105162859,-0.038070313632,0.083439573646,0.122981488705,0.230677336454,0.438769876957,0.515014886856,0.556868672371,0.696226239204,0.764525413513,0.910860478878,0.857866406441,0.626632034779,0.520998775959,0.196800544858,0.013807498850,-0.053768701851,-0.326127856970,-0.357966154814,-0.335851788521,-0.292698949575,-0.115980319679,-0.172990873456,-0.339835554361,-0.330456942320,-0.198877289891,-0.056542187929,0.172994285822,0.277587115765,0.241923183203,0.421184599400,0.467536956072,0.452765971422,0.512814879417,0.228020608425,0.031886320561,-0.053766112775,-0.293731778860,-0.302147895098,-0.397676438093,-0.752465724945,-0.942762196064,-1.008803963661,-0.973149418831,-0.784534931183,-0.553298652172,-0.328703910112,-0.146011516452,0.113327279687,0.362509340048,0.403170436621,0.487840056419,0.633559525013,0.648063719273,0.693602621555,0.720149338245,0.617737293243,0.513406634331,0.266683250666,-0.081829383969,-0.325566411018,-0.580438017845,-0.685809016228,-0.612883806229,-0.600084543228,-0.503069519997,-0.355832964182,-0.309687376022,-0.296463400126,-0.207846194506,0.026879627258,0.266287624836,0.407331764698,0.471410989761,0.525558173656,0.584296822548,0.599785804749,0.620323479176,0.571510612965,0.473275452852,0.399315088987,0.238783672452,0.014860671014,-0.170362919569,-0.316295057535,-0.444959282875,-0.507136225700,-0.660172462463,-0.862493395805,-0.806505322456,-0.658280730247,-0.433415502310,-0.165464356542,0.032242909074,0.327437520027,0.446471214294,0.484400957823,0.657454848289,0.634547472000,0.591011941433,0.680035531521,0.701507270336,0.601272463799,0.344786524773,0.014373377897,-0.267501145601,-0.485908836126,-0.675713121891,-0.706463456154,-0.562395215034,-0.494409173727,-0.458495050669,-0.447511702776,-0.552865624428,-0.611304581165,-0.482867807150,-0.183614268899,-0.009467195719,0.023045536131,0.141577780247,0.232053324580,0.370283007622,0.501507222652,0.486277490854,0.450242727995,0.330611288548,0.213643983006,0.089534208179,-0.103709667921,-0.381258219481,-0.732393980026,-0.856252133846,-0.953446745872,-0.962553501129,-0.811213552952,-0.813375592232,-0.551564991474,-0.231880784035,-0.041337728500,0.332357108593,0.458953380585,0.458653658628,0.584416806698,0.615048050880,0.701818346977,0.777878820896,0.624598622322,0.533236026764,0.513925671577,0.214542463422,-0.112341351807,-0.333179295063,-0.489000141621,-0.431276023388,-0.452668040991,-0.508214414120,-0.443422228098,-0.372307658195,-0.199558347464,-0.126758769155,-0.144151970744,-0.023088386282,0.165412232280,0.355616897345,0.499262005091,0.623394608498,0.716782391071,0.759542346001,0.704135596752,0.562765717506,0.486798495054,0.380776643753,0.156031861901,-0.121293433011,-0.332594156265,-0.495650202036,-0.778945267200,-0.975266277790,-0.921094179153,-0.793714106083,-0.695900559425,-0.694701790810,-0.645721673965,-0.359391331673,-0.088699802756,0.064653582871,0.319696366787,0.509931385517,0.526005506516,0.570780634880,0.587626457214,0.598364591599,0.608320534229,0.416433691978,0.135364070535,-0.133703604341,-0.319182991982,-0.373714774847,-0.454364329576,-0.498423635960,-0.546953916550,-0.559708058834,-0.457971721888,-0.498733311892,-0.518800735474,-0.459255367517,-0.384108036757,-0.159918546677,0.060649484396,0.291771352291,0.378600150347,0.411125868559,0.607539653778,0.630502402782,0.674462080002,0.726058304310,0.594679892063,0.524006783962,0.369209229946,0.122994720936,-0.141853377223,-0.388132035732,-0.539268612862,-0.725942432880,-0.814322829247,-0.737535715103,-0.620505511761,-0.436777204275,-0.221868559718,-0.022272322327,0.226255938411,0.447236001492,0.518619894981,0.595203101635,0.658021807671,0.601930022240,0.614063799381,0.662405073643,0.576765418053,0.353226840496,0.118474192917,-0.060358643532,-0.255781620741,-0.375688880682,-0.408439666033,-0.506664752960,-0.682625830173,-0.714771807194,-0.570928871632,-0.598949074745,-0.623388707638,-0.456148236990,-0.368549942970,-0.251927226782,-0.080923557281,0.060874041170,0.217617556453,0.265714138746,0.216912195086,0.210285857320,0.286483615637,0.239110052586,0.135132446885,0.076235771179,-0.158527821302,-0.263203173876,-0.319979548454,-0.569775164127,-0.698301732540,-0.737759828568,-0.683833181858,-0.643024325371,-0.496792584658,-0.204038932920,-0.149483829737,-0.043056558818,0.003717424348,-0.031114155427,0.137079223990,0.318271100521,0.571880340576,0.638066470623,0.658777296543,0.642749607563,0.441673338413,0.535927474499,0.392124235630,0.129774019122,0.002917630598,-0.235769391060,-0.116809591651,-0.166712343693,-0.282694190741,-0.284763425589,-0.404014766216,-0.194197431207,-0.307288527489,-0.345796793699,-0.089815579355,-0.153637275100,0.090230330825,0.233141213655,0.374317675829,0.695240855217,0.690267026424,0.835542857647,0.765992403030,0.564124941826,0.485162734985,0.253165602684,0.205065175891,-0.051337413490,-0.347565859556,-0.462192147970,-0.681854844093,-0.700663089752,-0.795882999897,-0.812238454819,-0.632307946682,-0.530031621456,-0.365124791861,-0.376494526863,-0.252136975527,-0.089752957225,-0.095582149923,0.194334968925,0.288390636444,0.303426891565,0.444826304913,0.332871019840,0.264995843172,0.112599007785,-0.052566893399,-0.055431697518,-0.207375407219,-0.373029470444,-0.571857631207,-0.723024427891,-0.609493970871,-0.531643450260,-0.495960921049,-0.430768728256,-0.484693735838,-0.424795895815,-0.192207261920,0.065245486796,0.259260624647,0.256175667048,0.312690198421,0.374658882618,0.418960750103,0.610193073750,0.426586866379,0.188757732511,0.204981371760,0.062238648534,-0.000903109671,-0.131287172437,-0.377939969301,-0.601381540298,-0.804849326611,-0.762890100479,-0.771105170250,-0.563796937466,-0.191108569503,-0.100791916251,0.163024887443,0.276296347380,0.322017401457,0.592413544655,0.576273500919,0.640492618084,0.736908376217,0.670023143291,0.589985489845,0.328064411879,0.224816843867,0.019917108119,-0.302822083235,-0.296209722757,-0.349204957485,-0.343590557575,-0.369782269001,-0.457279533148,-0.377711296082,-0.567152857780,-0.568190157413,-0.456305146217,-0.539714217186,-0.250227868557,-0.147716253996,-0.112112492323,0.171847790480,0.151537761092,0.269854873419,0.444256007671,0.440299153328,0.463892400265,0.346577048302,0.293262451887,0.119704179466,-0.171104311943,-0.332230389118,-0.585361301899,-0.678693711758,-0.705596327782,-0.789190471172,-0.703406095505,-0.606164038181,-0.477686524391,-0.351920783520,-0.084190636873,0.264992922544,0.347951710224,0.558586120605,0.753107726574,0.787561178207,1.000763177872,1.022634983063,0.900188803673,0.738550961018,0.435535013676,0.226875439286,-0.100248277187,-0.404668390751,-0.487450927496,-0.607483804226,-0.592695653439,-0.514349102974,-0.489802271128,-0.398275077343,-0.390040904284,-0.384832024574,-0.361881583929,-0.336792469025,-0.094293914735,0.245154365897,0.428994268179,0.422165930271,0.441083103418,0.501078426838,0.428771048784,0.377643227577,0.264968752861,0.049364291131,-0.034567516297,-0.196906536818,-0.468876391649,-0.603514909744,-0.743528783321,-0.898843586445,-0.854416847229,-0.719610571861,-0.569142162800,-0.329199761152,-0.175174787641,-0.069821812212,0.119664214551,0.215606272221,0.316939234734,0.428495645523,0.413080632687,0.498567909002,0.546302139759,0.509125292301,0.526485145092,0.392694026232,0.270846396685,0.088451288640,-0.182394772768,-0.249891534448,-0.336129397154,-0.339054405689,-0.321067035198,-0.442478865385,-0.430690497160,-0.451472669840,-0.403297692537,-0.265342026949,-0.205724880099,-0.019710883498,0.128591850400,0.237607344985,0.342250972986,0.413884460926,0.564002037048,0.563255190849,0.537659823895,0.514222323895,0.388462126255,0.356523126364,0.180898755789,-0.116165854037,-0.349925398827,-0.560817658901,-0.654269397259,-0.731912374496,-0.746697366238,-0.639050006866,-0.526166439056,-0.317330032587,-0.047083850950,0.091815687716,0.076186411083,0.223350465298,0.447027981281,0.355670630932,0.502431511879,0.805221617222,0.586330056190,0.496714979410,0.588729023933,0.244410142303,-0.040126264095,-0.000772963453,-0.247427523136,-0.641248226166,-0.528335213661,-0.486409813166,-0.755447745323,-0.604465961456,-0.480258584023,-0.648218333721,-0.545070648193,-0.429467827082,-0.347185760736,-0.024670979008,0.129537165165,0.137384012341,0.350147187710,0.435358464718,0.343053460121,0.365151137114,0.306633651257,0.221821486950,0.164236336946,-0.049498401582,-0.252594411373,-0.481461375952,-0.670431733131,-0.800825059414,-1.019023180008,-0.948022425175,-0.753815114498,-0.700718879700,-0.480342656374,-0.232124328613,-0.051932390779,0.187878414989,0.454164803028,0.646840155125,0.686649858952,0.742833912373,0.865761458874,0.922858119011,0.858643293381,0.721217036247,0.481687933207,0.106587395072,-0.134131863713,-0.278668850660,-0.385717332363,-0.404840707779,-0.565074622631,-0.635027885437,-0.542424738407,-0.520320057869,-0.466564387083,-0.413647413254,-0.362675964832,-0.191437706351,0.031658958644,0.205662146211,0.412335574627,0.547589778900,0.498225748539,0.504720926285,0.526564836502,0.502231001854,0.419371575117,0.127832576632,-0.080268308520,-0.137103110552,-0.325524985790,-0.529799699783,-0.709252178669,-0.919335901737,-0.987607300282,-0.927294015884,-0.846087574959,-0.760619580746,-0.616323590279,-0.286866635084,0.025867661461,0.181237429380,0.327243626118,0.437056690454,0.553404688835,0.687974154949,0.822224617004,0.911335945129,0.733608007431,0.409427165985,0.235547289252,0.143850520253,-0.234528586268,-0.570012927055,-0.475111842155,-0.546913027763,-0.558406651020,-0.324587166309,-0.340715855360,-0.266254574060,-0.255410879850,-0.212122812867,0.145867452025,0.220067828894,0.386209189892,0.690274119377,0.738765895367,0.870078384876,0.938733398914,0.884464383125,0.822921514511,0.750738680363,0.611995816231,0.403438806534,0.147068738937,-0.280063986778,-0.419097274542,-0.550194978714,-0.903827011585,-0.793276548386,-0.817430019379,-0.909010231495,-0.541542530060,-0.310127824545,-0.012244460173,0.260153889656,0.336653321981,0.539201080799,0.520535707474,0.453573554754,0.483983695507,0.503833353519,0.578212738037,0.415230274200,0.159462243319,-0.062750443816,-0.284394174814,-0.508925497532,-0.665385425091,-0.623634517193,-0.770000040531,-0.763201773167,-0.568274319172,-0.624724447727,-0.459023296833,-0.372361451387,-0.390075445175,-0.260220825672,-0.285154551268,-0.113375268877,0.037361204624,0.179967090487,0.450583726168,0.341818720102,0.349196046591,0.466227173805,0.314456164837,0.240585461259,0.193263411522,0.137991622090,0.053293906152,-0.083377391100,-0.234845489264,-0.445221543312,-0.515348255634,-0.470974236727,-0.402797937393,-0.390997231007,-0.332802683115,-0.026577316225,0.144383609295,0.209738686681,0.325428754091,0.293894290924,0.317901015282,0.408376634121,0.546751201153,0.700142502785,0.672069072723,0.661442577839,0.627815008163,0.426475107670,0.173317000270,-0.060252510011,-0.100374922156,-0.042257621884,-0.125013113022,-0.169985875487,-0.218092024326,-0.474222987890,-0.544034957886,-0.494482696056,-0.563300549984,-0.351633578539,-0.141311466694,-0.045201189816,0.110927104950,0.213318958879,0.454940199852,0.499044656754,0.473837763071,0.537700474262,0.347290903330,0.300159126520,0.217368528247,0.067480549216,0.074857778847,-0.129571884871,-0.448988765478,-0.676717638969,-0.771073997021,-0.936183571815,-0.893147349358,-0.541711091995,-0.502827107906,-0.337556630373,-0.067685015500,-0.050654403865,0.136093541980,0.239648848772,0.335801035166,0.535000979900,0.556394279003,0.692474246025,0.714971661568,0.516740858555,0.444628953934,0.245609670877,-0.005305763334,-0.177163690329,-0.551991641521,-0.774805486202,-0.562316656113,-0.423890411854,-0.449224233627,-0.346705436707,-0.392975866795,-0.514258921146,-0.361091792583,-0.220262095332,-0.023950185627,0.217630356550,0.348608732224,0.642486453056,0.651648461819,0.514032185078,0.640694379807,0.494804084301,0.374112218618,0.311374306679,0.074101276696,0.040413763374,-0.083812110126,-0.292584747076,-0.439179509878,-0.593939721584,-0.649031639099,-0.722671806812,-0.584979832172,-0.355536788702,-0.241373166442,-0.071908220649,-0.008890617639,0.047848202288,0.162445768714,0.378208607435,0.593899786472,0.584724009037,0.644088387489,0.650362789631,0.593512654305,0.566885769367,0.348450809717,0.186734899879,-0.106863401830,-0.441983848810,-0.327402681112,-0.362696379423,-0.579083859921,-0.469521403313,-0.386191368103,-0.399518728256,-0.447137773037,-0.617967903614,-0.579853236675,-0.419126570225,-0.362719058990,-0.072117269039,0.239398822188,0.111943319440,0.127112910151,0.409278810024,0.314188212156,0.322411179543,0.478135406971,0.201773434877,0.117573998868,0.073872782290,-0.325596868992,-0.451269626617,-0.491337984800,-0.698621928692,-0.769272029400,-0.658782482147,-0.525614619255,-0.303481727839,0.013570434414,0.123138010502,0.363745152950,0.678314685822,0.721100032330,0.849816203117,0.853499948978,0.801382958889,0.926363170147,0.826183497906,0.604354441166,0.396700918674,0.191463142633,-0.006693083793,-0.270031630993,-0.423303395510,-0.450785309076,-0.456356644630,-0.487631082535,-0.439258098602,-0.360382050276,-0.449999094009,-0.375604867935,-0.191762521863,-0.115592554212,0.029398001730,0.142671376467,0.307367175817,0.407792866230,0.337310820818,0.364427506924,0.299108654261,0.185501515865,0.196922078729,0.108605481684,-0.006877495907,-0.064942002296,-0.252739936113,-0.472074478865,-0.606186270714,-0.826769888401,-0.950205326080,-0.788738787174,-0.586322724819,-0.439239144325,-0.296070724726,-0.120059184730,0.002875626320,0.073020383716,0.237044394016,0.267783671618,0.199450612068,0.396686702967,0.554446220398,0.469369262457,0.462435483932,0.372257202864,0.186931803823,0.146905735135,-0.076685816050,-0.208226665854,-0.078235536814,-0.260029315948,-0.265093028545,-0.016943542287,-0.134367913008,-0.161418795586,-0.042311370373,-0.179910406470,-0.271870702505,-0.094838015735,0.128953740001,0.308136254549,0.424788564444,0.422810792923,0.508450567722,0.637548208237,0.704651236534,0.741361081600,0.582508444786,0.329636901617,0.121371991932,0.053562119603,-0.006995082833,-0.247412592173,-0.356925845146,-0.490329772234,-0.638860344887,-0.516076922417,-0.421552896500,-0.172103404999,0.083895653486,0.014413855970,0.165138214827,0.348263919353,0.346647888422,0.489915579557,0.523210585117,0.547519445419,0.658450067043,0.455129206181,0.227555245161,0.135376453400,-0.178308263421,-0.495217263699,-0.621335566044,-0.701913297176,-0.700195312500,-0.627253293991,-0.518835902214,-0.418520241976,-0.372829318047,-0.367930471897,-0.417578011751,-0.417609542608,-0.306392848492,-0.141948103905,0.001827674801,0.179901167750,0.307015091181,0.261168986559,0.353915810585,0.374926090240,0.190948948264,0.204823106527,0.109027951956,-0.188070341945,-0.368032991886,-0.490682512522,-0.647304475307,-0.774802863598,-0.771880388260,-0.739606201649,-0.635469019413,-0.444664508104,-0.264361977577,0.055964689702,0.315867722034,0.430608063936,0.611536800861,0.653486669064,0.600654065609,0.586450636387,0.507591605186,0.606276988983,0.751803338528,0.644815504551,0.472075402737,0.208338156343,-0.039236754179,-0.194906979799,-0.328123211861,-0.298266202211,-0.346250027418,-0.347540944815,-0.229151979089,-0.273935824633,-0.272424042225,-0.341377824545,-0.328892290592,-0.112560577691,0.000675077841,0.275312513113,0.490897297859,0.435013592243,0.437158495188,0.493319034576,0.530683398247,0.484997183084,0.418716549873,0.246177688241,-0.013172634877,-0.125929981470,-0.338904440403,-0.561625897884,-0.621364176273,-0.787887036800,-0.912918388844,-0.821463942528,-0.620425760746,-0.399293750525,-0.241465866566,-0.099629022181,0.059587590396,0.161393702030,0.288996517658,0.458996683359,0.470040947199,0.466672420502,0.533837258816,0.506261408329,0.479026913643,0.361924886703,0.103686623275,-0.157608702779,-0.365709811449,-0.482983380556,-0.609236001968,-0.610357880592,-0.484690666199,-0.446824520826,-0.340563714504,-0.166510894895,-0.109813243151,-0.062286332250,0.124960251153,0.301467955112,0.486688286066,0.710313737392,0.734389960766,0.794129133224,0.797798812389,0.612762987614,0.541899204254,0.300113707781,0.126113519073,0.078746542335,-0.273933500051,-0.495878070593,-0.585579812527,-0.671462118626,-0.641847014427,-0.688191950321,-0.793035745621,-0.753977894783,-0.442247390747,-0.178128421307,0.004838262685,0.097577400506,0.051385212690,0.285386770964,0.369292110205,0.322030395269,0.494301915169,0.457635581493,0.495499610901,0.581802546978,0.445354580879,0.225754991174,-0.054969333112,-0.181921929121,-0.359142988920,-0.539171397686,-0.462279617786,-0.420523941517,-0.439127564430,-0.465913802385,-0.487392067909,-0.466424196959,-0.411466151476,-0.363740473986,-0.367014616728,-0.247485697269,-0.085528537631,0.041528850794,0.181382328272,0.301581531763,0.414170414209,0.431762963533,0.520087420940,0.523993372917,0.328780204058,0.304293215275,0.177649766207,-0.090987287462,-0.322314023972,-0.593549311161,-0.666272342205,-0.700035989285,-0.756466329098,-0.624158382416,-0.474915146828,-0.322561591864,-0.112520895898,0.079373784363,0.246921151876,0.397027909756,0.531043648720,0.663833022118,0.760130763054,0.823807954788,0.904667317867,0.794372081757,0.506616652012,0.384107768536,0.224400132895,-0.139694079757,-0.322429031134,-0.401202946901,-0.540591001511,-0.438737809658,-0.318559676409,-0.409279167652,-0.378584861755,-0.318753629923,-0.330927908421,-0.174247339368,-0.007311850321,0.075539454818,0.247423142195,0.397602438927,0.474818497896,0.593570828438,0.678682088852,0.592640221119,0.390281826258,0.237113296986,0.147183477879,0.020721407607,-0.248952180147,-0.534006834030,-0.652066230774,-0.761656284332,-0.833959221840,-0.828869104385,-0.807689011097,-0.584212005138,-0.332708925009,-0.188805729151,-0.035008281469,0.100784279406,0.245767802000,0.295136958361,0.324979484081,0.473075479269,0.648014426231,0.748966217041,0.640065014362,0.509608924389,0.383804082870,0.033902671188,-0.273686587811,-0.382601797581,-0.506459653378,-0.548548221588,-0.504963457584,-0.548399031162,-0.418888181448,-0.299386441708,-0.361152648926,-0.276598066092,-0.217088773847,-0.063446544111,0.126586526632,0.165729850531,0.357304990292,0.372942686081,0.347042500973,0.466190934181,0.403513878584,0.405217975378,0.380046814680,0.293930381536,0.279050797224,0.190188378096,-0.017887663096,-0.281150043011,-0.367179304361,-0.487585186958,-0.604359805584,-0.601568996906,-0.583524167538,-0.322322756052,-0.226103603840,-0.163996905088,0.077982902527,0.093003287911,0.189647376537,0.191690564156,0.166331797838,0.397562265396,0.450867474079,0.518105387688,0.529660224915,0.326512932777,0.243723735213,0.114920325577,-0.114529460669,-0.199930503964,-0.212423861027,-0.310192376375,-0.305402219296,-0.261909246445,-0.454994052649,-0.584295332432,-0.607110559940,-0.711626589298,-0.632369279861,-0.437279045582,-0.310322999954,-0.018508298323,0.247364282608,0.307698041201,0.443773269653,0.492384433746,0.442340046167,0.488323897123,0.407466620207,0.230956748128,0.075336799026,-0.129718482494,-0.365104347467,-0.537484467030,-0.642423927784,-0.705158591270,-0.637693762779,-0.533021092415,-0.327092438936,-0.053418572992,0.049288906157,0.219678267837,0.368995636702,0.488348960876,0.734524607658,0.852486133575,0.949785411358,0.894064247608,0.789960324764,0.766433894634,0.521764159203,0.389867275953,0.116469234228,-0.209613204002,-0.216467961669,-0.434149056673,-0.485283493996,-0.381001025438,-0.379947572947,-0.223795890808,-0.279286682606,-0.351510018110,-0.333376407623,-0.350405007601,-0.257243037224,-0.138763591647,0.041180595756,0.117096327245,0.194371342659,0.245572000742,0.221538513899,0.356780529022,0.316545248032,0.241784662008,0.140176013112,-0.076661542058,-0.130518317223,-0.272781193256,-0.430023849010,-0.632852196693,-0.790649890900,-0.756549179554,-0.789382934570,-0.602428555489,-0.381632357836,-0.302067071199,-0.216014593840,-0.172898635268,-0.004124492407,0.121429793537,0.209770098329,0.228044256568,0.305344164371,0.609471023083,0.676091730595,0.699555993080,0.609999120235,0.317131996155,0.199243783951,-0.031040949747,-0.228232920170,-0.247989743948,-0.254959672689,-0.302211284637,-0.404655188322,-0.317231535912,-0.290336847305,-0.338944196701,-0.358707934618,-0.338825523853,-0.051897067577,0.060223914683,0.177535086870,0.363604307175,0.294309109449,0.415314853191,0.452315956354,0.501474678516,0.674457788467,0.519434869289,0.446569859982,0.406424403191,0.216240942478,-0.081691458821,-0.386495709419,-0.497320145369,-0.682422995567,-0.682155251503,-0.541127026081,-0.488120317459,-0.311962425709,-0.189834296703,0.018044998869,0.118856437504,0.098284438252,0.327212631702,0.444806128740,0.488166332245,0.531313896179,0.558852672577,0.589031159878,0.434911012650,0.275086313486,0.002209311118,-0.308071911335,-0.576907515526,-0.833871603012,-0.655918598175,-0.518799602985,-0.659143269062,-0.624347627163,-0.621553599834,-0.568546831608,-0.357596874237,-0.219861835241,-0.093993723392,0.047552607954,0.182648241520,0.354811012745,0.512163460255,0.493261426687,0.353851824999,0.303051739931,0.302020639181,0.201277583838,0.004046950955,-0.060349330306,-0.182506754994,-0.493327051401,-0.527985095978,-0.546034276485,-0.733988642693,-0.654318153858,-0.470470488071,-0.401083171368,-0.228320494294,0.043678898364,0.103517606854,0.233391791582,0.517506420612,0.516977667809,0.541413187981,0.613839924335,0.630202949047,0.668616771698,0.497594326735,0.394549429417,0.328456282616,0.179662674665,0.039716277272,-0.129901722074,-0.109225459397,-0.134964689612,-0.187758877873,-0.115565761924,-0.060705166310,0.000498295936,-0.166017770767,-0.274398654699,-0.317532181740,-0.417700618505,-0.241405531764,-0.178109958768,0.012936514802,0.367954879999,0.356483161449,0.387598812580,0.440253794193,0.369997173548,0.287474513054,0.188878551126,0.110781989992,-0.063336223364,-0.217961117625,-0.433543831110,-0.674190461636,-0.763408243656,-0.815258741379,-0.756623327732,-0.651056587696,-0.473940014839,-0.227536976337,-0.003381725866,0.198258355260,0.213151529431,0.311030030251,0.540236234665,0.641805291176,0.764173686504,0.833984315395,0.734381079674,0.541285216808,0.303468108177,0.047673497349,-0.158836022019,-0.358456343412,-0.582392632961,-0.527149379253,-0.402791291475,-0.397236913443,-0.254150211811,-0.233135521412,-0.239973396063,-0.127796113491,-0.065767876804,0.135825261474,0.289751291275,0.376593261957,0.584218800068,0.655511260033,0.662763834000,0.638174474239,0.531007766724,0.544593155384,0.514892518520,0.325419932604,0.110392920673,-0.093339227140,-0.288359791040,-0.486786007881,-0.604026317596,-0.774913966656,-0.982151448727,-0.900621891022,-0.711444079876,-0.558830738068,-0.328444451094,-0.080777667463,0.079555012286,0.236570909619,0.360209554434,0.161611393094,0.240764841437,0.511626720428,0.286739200354,0.429207593203,0.593350052834,0.316063672304,0.283135235310,0.019995596260,-0.253482848406,-0.322151422501,-0.488595664501,-0.504856646061,-0.580719053745,-0.509876906872,-0.398857444525,-0.423952877522,-0.311228990555,-0.356979370117,-0.268067896366,-0.090503834188,-0.088234864175,0.126532226801,0.285823017359,0.308780401945,0.411401897669,0.476324439049,0.513098895550,0.540312647820,0.486050516367,0.372462332249,0.282695770264,0.069151237607,-0.196935683489,-0.290284752846,-0.464637488127,-0.715904891491,-0.679090380669,-0.571388542652,-0.526580393314,-0.285650283098,-0.090493053198,0.146720230579,0.400015354156,0.325289219618,0.423793852329,0.587561786175,0.721301376820,1.000831007957,0.958837389946,0.848863303661,0.676683664322,0.394638776779,0.289752215147,-0.054533086717,-0.418745547533,-0.502530694008,-0.599352538586,-0.593164980412,-0.485805302858,-0.505949854851,-0.495448678732,-0.367020279169,-0.367969572544,-0.379369437695,-0.187688916922,0.093697123230,0.393319427967,0.645892024040,0.742233693600,0.680324733257,0.599877119064,0.492182612419,0.416878998280,0.370602309704,0.130228534341,-0.046209793538,-0.138607755303,-0.319159626961,-0.581076085567,-0.876916348934,-0.847537338734,-0.905477821827,-1.012720227242,-0.590012848377,-0.383389383554,-0.382511407137,0.036555618048,0.348430186510,0.288723677397,0.380565881729,0.599477350712,0.512153685093,0.513674676418,0.674122214317,0.695567905903,0.670786499977,0.328689366579,0.063514895737,-0.043503645808,-0.455413848162,-0.586507678032,-0.518411159515,-0.479559719563,-0.368801623583,-0.400810211897,-0.301423579454,-0.262060195208,-0.297335803509,-0.168757438660,-0.077255010605,0.038143709302,0.064932353795,0.203755483031,0.279168426991,0.193506255746,0.553874433041,0.597191333771,0.246845692396,0.337402522564,0.402529478073,0.355828016996,0.385049134493,0.165912032127,-0.180267989635,-0.441662281752,-0.738891422749,-0.861556649208,-0.669918239117,-0.479695737362,-0.388151288033,-0.346009135246,-0.197571516037,-0.025324592367,0.063958942890,0.282684445381,0.392621129751,0.419701069593,0.619526863098,0.682925462723,0.533181190491,0.536111950874,0.584237992764,0.304990977049,0.076654158533,-0.143079027534,-0.466850489378,-0.423343867064,-0.476789832115,-0.554205834866,-0.469635367393,-0.564573168755,-0.437944918871,-0.414508968592,-0.426738947630,-0.247852966189,-0.319032788277,-0.187811270356,0.054730646312,0.247368961573,0.412647604942,0.357751280069,0.436618536711,0.477876901627,0.463592529297,0.411589831114,0.245208621025,0.208256781101,0.023528968915,-0.185037955642,-0.338591516018,-0.523879826069,-0.514547586441,-0.536035656929,-0.526647627354,-0.333567082882,-0.048865277320,0.207924127579,0.216172546148,0.253881454468,0.437838971615,0.498901575804,0.593811452389,0.743462860584,0.712609648705,0.644987165928,0.595285654068,0.518175363541,0.499833852053,0.270801484585,-0.007731385995,0.008220411837,-0.169465675950,-0.427716881037,-0.258837908506,-0.228542357683,-0.371243804693,-0.147242963314,-0.221291825175,-0.551359951496,-0.456898123026,-0.439034759998,-0.426253318787,-0.286366105080,-0.289113581181,-0.130011349916,0.075481601059,0.236724570394,0.277265042067,0.203718975186,0.378238350153,0.378407984972,0.184960991144,0.149777546525,-0.063557326794,-0.253684401512,-0.325699627399,-0.509025931358,-0.539102077484,-0.543466746807,-0.599772691727,-0.511789202690,-0.405121415854,-0.314845681190,-0.137468621135,0.126595690846,0.217728689313,0.240452498198,0.360103338957,0.402595847845,0.521048903465,0.514819383621,0.463885635138,0.572583317757,0.421870440245,0.286935776472,0.176190629601,-0.047726809978,-0.112831421196,-0.212394356728,-0.175215467811,-0.150404855609,-0.339898139238,-0.324786156416,-0.321437001228,-0.349484533072,-0.236419945955,-0.226100057364,-0.147164508700,0.128314986825,0.288966327906,0.431905329227,0.696988701820,0.614835560322,0.459183275700,0.576708137989,0.462000995874,0.227291315794,0.045144893229,-0.125428572297,-0.272427916527,-0.451602250338,-0.442143082619,-0.490929692984,-0.669028699398,-0.609251618385,-0.401755809784,-0.177050516009,-0.069052629173,0.019591819495,0.193619981408,0.151769712567,0.112593211234,0.396639347076,0.597208142281,0.525424778461,0.593702375889,0.648889899254,0.388583272696,0.336504608393,0.304163396358,-0.103020869195,-0.336467057467,-0.469487845898,-0.599402248859,-0.476086974144,-0.399796932936,-0.339027494192,-0.145232826471,-0.251379728317,-0.433861017227,-0.202715024352,-0.231334194541,-0.290423840284,0.112301923335,0.174702778459,0.221404820681,0.405670464039,0.297758787870,0.349607110023,0.402427017689,0.332527726889,0.300622701645,0.100939929485,-0.113269321620,-0.201554432511,-0.297901004553,-0.448651015759,-0.559383749962,-0.659392237663,-0.764250636101,-0.661343872547,-0.437486529350,-0.275417983532,-0.096800968051,0.061917703599,0.171533659101,0.241962835193,0.238003298640,0.314435124397,0.429777592421,0.464848369360,0.520068943501,0.452889561653,0.337579280138,0.288917571306,0.101425647736,-0.064985416830,-0.200710862875,-0.338526040316,-0.340846747160,-0.393408507109,-0.439406216145,-0.369755268097,-0.296398490667,-0.311351537704,-0.350694119930,-0.280107259750,-0.177115961909,0.011584091000,0.182814821601,0.307476341724,0.546626865864,0.617369174957,0.517933309078,0.439524143934,0.407851666212,0.328733235598,0.151691079140,0.038258142769,-0.263509482145,-0.531062841415,-0.535195767879,-0.707860648632,-0.775186598301,-0.732849001884,-0.765524268150,-0.586857438087,-0.324490398169,-0.110531643033,0.110574163496,0.405866444111,0.545872271061,0.574848651886,0.723071873188,0.653089523315,0.634335696697,0.725396752357,0.575334787369,0.410727560520,0.151910901070,-0.153355404735,-0.295218974352,-0.337672919035,-0.413345485926,-0.448984533548,-0.305288553238,-0.244854658842,-0.117197491229,-0.017253989354,-0.138885095716,-0.068889118731,-0.053514324129,-0.027093049139,0.153849348426,0.150368690491,0.261623054743,0.417861402035,0.352117955685,0.298908829689,0.347651481628,0.308045446873,0.171562582254,0.101730965078,-0.075578749180,-0.242353484035,-0.375892728567,-0.624468505383,-0.616276979446,-0.566808879375,-0.694266915321,-0.635072469711,-0.433753460646,-0.340628385544,-0.280024200678,-0.098602473736,-0.020145792514,0.068519845605,0.264929562807,0.224946975708,0.274181693792,0.467527121305,0.430477082729,0.365779459476,0.293835610151,0.122986190021,-0.013423070312,-0.195493429899,-0.398055821657,-0.436974138021,-0.451388299465,-0.431499838829,-0.346984893084,-0.368493795395,-0.230263784528,-0.099077232182,-0.264974921942,-0.298066884279,-0.187582567334,-0.108569651842,0.015937933698,0.203485339880,0.371677935123,0.426326274872,0.438938051462,0.346201002598,0.351577877998,0.457064718008,0.330659836531,0.234515771270,0.007156007458,-0.336292415857,-0.425391137600,-0.578235864639,-0.632158875465,-0.597206175327,-0.681596457958,-0.558652460575,-0.365802049637,-0.189585372806,0.004329391755,0.174353867769,0.380464017391,0.485905677080,0.558102130890,0.654212415218,0.618634819984,0.554818332195,0.584319829941,0.473054319620,0.246864497662,0.119072169065,-0.070243693888,-0.207465529442,-0.238653689623,-0.340242415667,-0.361671507359,-0.413387566805,-0.502254486084,-0.397712707520,-0.401577323675,-0.492450982332,-0.296033054590,-0.160941332579,-0.151218235493,0.009768821299,0.019740687683,0.097263969481,0.386069357395,0.455237329006,0.461476176977,0.419875651598,0.311605095863,0.313445478678,0.185570865870,-0.042155303061,-0.246909856796,-0.501644372940,-0.686994969845,-0.750732839108,-0.742759287357,-0.674074292183,-0.585353910923,-0.501751244068,-0.391194462776,-0.190764054656,-0.019100803882,0.047055002302,0.220192044973,0.334229379892,0.320722013712,0.416541397572,0.436142206192,0.477314859629,0.536913514137,0.432472169399,0.342806816101,0.207083061337,0.102088034153,-0.050190687180,-0.207767933607,-0.129605457187,-0.244402632117,-0.383675724268,-0.287059217691,-0.302286893129,-0.299529552460,-0.206655949354,-0.188387393951,-0.119820028543,0.042920581996,0.093808539212,0.205406621099,0.336390972137,0.250571846962,0.362741172314,0.460718333721,0.419198334217,0.497066527605,0.296695411205,0.139616131783,0.099743157625,-0.159365370870,-0.268086135387,-0.398977041245,-0.617478668690,-0.693072497845,-0.747345924377,-0.719543516636,-0.599912166595,-0.462044894695,-0.326527357101,-0.067841842771,0.205600202084,0.236665129662,0.282364457846,0.357260018587,0.416321396828,0.515252768993,0.466421216726,0.375039875507,0.189222306013,-0.023396376520,-0.121711075306,-0.332070410252,-0.515437960625,-0.596357524395,-0.608955085278,-0.559026300907,-0.509211480618,-0.446246653795,-0.551150500774,-0.621748507023,-0.542512536049,-0.487143486738,-0.339949160814,-0.159674271941,0.082834549248,0.289916574955,0.355065971613,0.499361664057,0.550486683846,0.496188849211,0.540617823601,0.472675889730,0.290749102831,0.153851851821,-0.059235431254,-0.213439494371,-0.257427781820,-0.403304964304,-0.439531207085,-0.418867528439,-0.478331178427,-0.362141132355,-0.169504433870,0.008941998705,0.216740012169,0.309625476599,0.269173741341,0.309790998697,0.451187461615,0.485027402639,0.541810035706,0.646636307240,0.593906462193,0.438184678555,0.325920462608,0.203151732683,-0.073731519282,-0.195278212428,-0.191462621093,-0.316112726927,-0.336860269308,-0.409737437963,-0.495358556509,-0.478255331516,-0.478917390108,-0.447685003281,-0.489556878805,-0.369226753712,-0.228486761451,-0.218254745007,-0.016225604340,0.073896467686,0.149875581264,0.330563783646,0.374216705561,0.433485895395,0.320376604795,0.143293902278,0.068730778992,-0.165309667587,-0.319222331047,-0.441324889660,-0.674492418766,-0.736153542995,-0.752946734428,-0.770410776138,-0.670838057995,-0.557605504990,-0.397953391075,-0.193353876472,-0.044413324445,0.091352008283,0.314108699560,0.494016349316,0.520866453648,0.597195208073,0.613156318665,0.511911273003,0.543265461922,0.484547108412,0.297269672155,0.059114102274,-0.283764839172,-0.425442963839,-0.440683394670,-0.432233422995,-0.379573315382,-0.402090251446,-0.303553909063,-0.243248671293,-0.298522979021,-0.258542895317,-0.246982887387,-0.120313219726,0.119325481355,0.317831099033,0.484175771475,0.460368514061,0.498824030161,0.630382835865,0.533413946629,0.438448876143,0.389842838049,0.250004768372,0.114790573716,-0.058523826301,-0.299958288670,-0.469495475292,-0.579413712025,-0.736773669720,-0.696848869324,-0.550994277000,-0.526773691177,-0.303228110075,-0.118831977248,-0.080656610429,0.071514785290,0.058523863554,0.141889184713,0.354819118977,0.367371082306,0.459579378366,0.419390887022,0.164444833994,0.138613417745,0.182040736079,0.039759315550,-0.131815299392,-0.292175531387,-0.356308579445,-0.330227702856,-0.468901336193,-0.511812448502,-0.406602919102,-0.403460144997,-0.503778457642,-0.640263438225,-0.569491922855,-0.476361840963,-0.344649344683,-0.073485687375,0.062912665308,0.193479001522,0.262843191624,0.309563159943,0.319386243820,0.217187300324,0.273203283548,0.281375110149,0.249356403947,0.120315805078,-0.125876829028,-0.182005465031,-0.313081264496,-0.375377178192,-0.396721780300,-0.414638400078,-0.201686173677,-0.182873666286,-0.051423557103,0.160852581263,0.159124299884,0.310928493738,0.295885115862,0.257277667522,0.410780459642,0.468026101589,0.538639008999,0.588077127934,0.550166964531,0.390622466803,0.246641829610,0.061657626182,-0.289924234152,-0.339810281992,-0.339077293873,-0.451257079840,-0.325795203447,-0.337383270264,-0.432387053967,-0.499397546053,-0.617956280708,-0.503338575363,-0.379860699177,-0.304528236389,-0.145367369056,-0.056364029646,0.034867703915,0.213374689221,0.369288295507,0.328052997589,0.234853684902,0.202343180776,0.134152397513,0.075053125620,-0.047565858811,-0.242023095489,-0.495655894279,-0.680420815945,-0.690966844559,-0.702161073685,-0.667022705078,-0.623039305210,-0.497819185257,-0.247643008828,-0.059872120619,0.109713159502,0.152700498700,0.346489101648,0.606310069561,0.496576935053,0.536869227886,0.671668946743,0.679422259331,0.679994821548,0.545192480087,0.465511739254,0.282679080963,0.102293714881,0.044355105609,-0.113469533622,-0.118381127715,-0.182077065110,-0.153455466032,0.032748509198,-0.076868899167,-0.120671331882,-0.159250691533,-0.247829973698,-0.171751812100,-0.017313376069,0.182260587811,0.200583323836,0.295802652836,0.437041759491,0.370717287064,0.339131891727,0.259267121553,0.167400091887,0.039010480046,-0.141339510679,-0.250273257494,-0.400963604450,-0.577355682850,-0.732774198055,-0.790462970734,-0.891175627708,-0.894649326801,-0.657722890377,-0.525494456291,-0.259075760841,-0.000563076988,0.035942871124,0.170801475644,0.251097112894,0.386723309755,0.543270707130,0.532428503036,0.468923419714,0.343265503645,0.297490030527,0.128738820553,-0.151102647185,-0.292816579342,-0.421303480864,-0.451871573925,-0.626770257950,-0.782202839851,-0.546672701836,-0.419769853354,-0.329607337713,-0.211715996265,-0.278107106686,-0.183839842677,0.004463290796,0.216979548335,0.463593840599,0.537984848022,0.569052755833,0.596708297729,0.555837333202,0.477611005306,0.427205741405,0.288187265396,0.067242629826,0.058152835816,-0.097146891057,-0.408902764320,-0.513993144035,-0.637766003609,-0.596030175686,-0.508356332779,-0.625326871872,-0.552480757236,-0.272156834602,0.045095246285,0.333063095808,0.578806698322,0.653828799725,0.604467451572,0.668855726719,0.654703199863,0.657964229584,0.714747905731,0.641136229038,0.538266897202,0.355824023485,0.175850734115,-0.026675589383,-0.216921642423,-0.318497180939,-0.485541105270,-0.432769566774,-0.257616251707,-0.228413537145,-0.173950910568,-0.170381173491,-0.218708664179,-0.200078278780,-0.125031381845,-0.065946273506,0.053794186562,0.200877770782,0.225398570299,0.326387971640,0.350259661674,0.247445955873,0.239610925317,0.117131963372,-0.029763909057,-0.169589698315,-0.301032066345,-0.321960210800,-0.537994444370,-0.754528760910,-0.790105402470,-0.822453320026,-0.775707900524,-0.703091800213,-0.561518847942,-0.308672875166,-0.052892807871,0.132941499352,0.254656106234,0.342838764191,0.336637079716,0.446237027645,0.584483623505,0.590655684471,0.605751812458,0.390819132328,0.172581315041,0.049723200500,-0.227640390396,-0.280976414680,-0.353460282087,-0.503645539284,-0.351927518845,-0.304434299469,-0.275019973516,-0.127591788769,-0.135534957051,-0.139998614788,-0.080038323998,0.001763279783,0.112475916743,0.271127283573,0.428289234638,0.487630039454,0.481573462486,0.454729080200,0.520307004452,0.424761801958,0.272285819054,0.439304590225,0.278227835894,-0.121038697660,-0.254785627127,-0.522340416908,-0.647548317909,-0.615258693695,-0.807827591896,-0.720261693001,-0.607924699783,-0.660548150539,-0.212569221854,0.082076899707,0.156723171473,0.609493672848,0.594422101974,0.413423508406,0.569101512432,0.470447808504,0.432440280914,0.484057039022,0.344018310308,0.205298155546,0.028380271047,-0.244171261787,-0.399242550135,-0.418745279312,-0.591149866581,-0.645244240761,-0.592963457108,-0.594418525696,-0.375350087881,-0.320938885212,-0.289062380791,-0.185671612620,-0.272032260895,-0.112988121808,0.033612359315,0.137712523341,0.371631801128,0.479927599430,0.572248041630,0.498996943235,0.478891164064,0.587885797024,0.501936316490,0.443374723196,0.355876594782,0.163124591112,-0.006721237674,-0.189524292946,-0.372554421425,-0.493802160025,-0.470534920692,-0.348021388054,-0.262150168419,-0.254735618830,-0.141433000565,0.115423798561,0.250259906054,0.332991600037,0.465698510408,0.465059250593,0.516484439373,0.688489377499,0.653970301151,0.533491909504,0.439827233553,0.351605653763,0.319556742907,0.066138491035,-0.308466702700,-0.501176655293,-0.530907511711,-0.485576003790,-0.546688377857,-0.606522738934,-0.609452366829,-0.568165838718,-0.409582167864,-0.368979662657,-0.297238230705,-0.119880616665,-0.078857503831,0.083954550326,0.416777819395,0.570635437965,0.549180984497,0.521628439426,0.418105572462,0.364444881678,0.269339382648,-0.121266573668,-0.234405294061,-0.148947298527,-0.430354475975,-0.633316397667,-0.727360606194,-0.942189931870,-0.877735555172,-0.667052626610,-0.558051466942,-0.281228274107,-0.082846172154,0.035339273512,0.349190115929,0.437671810389,0.556931495667,0.858475923538,0.920649647713,0.940555393696,0.846080064774,0.740127563477,0.675249040127,0.305278718472,-0.055318087339,-0.178408637643,-0.259942919016,-0.406197696924,-0.412933230400,-0.436742454767,-0.596551120281,-0.450414836407,-0.327058941126,-0.299247145653,-0.112685233355,-0.064119368792,0.074676252902,0.259887874126,0.335205018520,0.548081696033,0.585799336433,0.490615606308,0.495346397161,0.401891469955,0.371197015047,0.289856433868,0.086691863835,0.073639653623,-0.069642111659,-0.386561959982,-0.513066530228,-0.568589270115,-0.638875186443,-0.621832728386,-0.522680222988,-0.465826362371,-0.263921320438,0.122006140649,0.231530070305,0.213145077229,0.287185460329,0.352639317513,0.420712292194,0.412961304188,0.458448469639,0.398865193129,0.261842101812,0.380900144577,0.320802718401,-0.012632275932,-0.176537036896,-0.230170696974,-0.377060770988,-0.433640867472,-0.414047002792,-0.436697125435,-0.267734259367,-0.177839607000,-0.217457383871,-0.250422120094,-0.449643075466,-0.350348830223,-0.144185006618,-0.107962600887,0.089852161705,0.157686039805,0.259219378233,0.494700074196,0.593734145164,0.570855915546,0.330548137426,0.207990571856,0.225109130144,0.093355678022,-0.041298598051,-0.095206156373,-0.288687258959,-0.650967836380,-0.657714962959,-0.545230627060,-0.528295993805,-0.307355463505,-0.127667188644,0.120603628457,0.214206501842,0.131404653192,0.329441517591,0.381329238415,0.425709158182,0.758115410805,0.804059147835,0.531641542912,0.569159924984,0.541597604752,0.115488909185,0.029346302152,-0.137713313103,-0.394567072392,-0.238463684916,-0.346781492233,-0.439859092236,-0.334167867899,-0.420461803675,-0.510441780090,-0.537712097168,-0.509448289871,-0.411973118782,-0.179488837719,-0.061482571065,0.031381681561,0.311330258846,0.376815021038,0.417524635792,0.479552447796,0.446814477444,0.448022931814,0.274839967489,0.142085015774,-0.012157219462,-0.303365558386,-0.390753746033,-0.473109036684,-0.616179764271,-0.723301708698,-0.745878398418,-0.594045042992,-0.451567888260,-0.259963870049,-0.064475715160,0.062014319003,0.201313003898,0.273863255978,0.447749733925,0.568522036076,0.581829130650,0.680206060410,0.654354870319,0.624415457249,0.528409063816,0.403798222542,0.329124838114,0.033879905939,-0.083480164409,-0.129298329353,-0.150998398662,0.009141858667,-0.149321883917,-0.135132059455,-0.013961302117,-0.274282217026,-0.297033756971,-0.183842092752,-0.204406067729,-0.174196586013,-0.013005163521,0.131170511246,0.105016030371,0.215173244476,0.248366355896,0.190556719899,0.322823733091,0.241478860378,0.104173161089,0.002720027929,-0.167117252946,-0.213984936476,-0.475451290607,-0.750842630863,-0.682172834873,-0.682537853718,-0.740581870079,-0.568684816360,-0.357548922300,-0.202835276723,-0.053723778576,-0.010797894560,0.120446369052,0.293442010880,0.305399656296,0.382720828056,0.443895936012,0.388484179974,0.364000052214,0.429697424173,0.357944726944,0.050154965371,-0.076237812638,-0.266940176487,-0.544835567474,-0.462760031223,-0.468070298433,-0.497458726168,-0.328359454870,-0.317985951900,-0.343457341194,-0.299856841564,-0.283666759729,-0.201030969620,0.028925416991,0.162589624524,0.207827836275,0.404044479132,0.470095872879,0.573516011238,0.730601251125,0.506960213184,0.356605201960,0.254537522793,0.021946737543,-0.012898071669,-0.200893029571,-0.412365794182,-0.486689954996,-0.686754226685,-0.650748789310,-0.514047265053,-0.431377679110,-0.181410282850,0.020347237587,0.224792122841,0.342352539301,0.301279693842,0.483332872391,0.659022212029,0.683655261993,0.779119610786,0.715043485165,0.546040475368,0.563898801804,0.546720504761,0.216753110290,-0.134813904762,-0.268134653568,-0.419043838978,-0.476375758648,-0.407975226641,-0.388323068619,-0.278637707233,-0.191683903337,-0.146004408598,-0.165067136288,-0.298303961754,-0.254676789045,-0.160916849971,-0.070770166814,0.081707343459,0.210736021399,0.378321707249,0.318008333445,0.170752659440,0.237775072455,0.259245514870,0.220755875111,0.116466782987,-0.115196011961,-0.342945247889,-0.466957956553,-0.610336840153,-0.871309399605,-0.869634926319,-0.684498608112,-0.583493888378,-0.369358748198,-0.235255450010,-0.097468167543,0.176824644208,0.323960661888,0.491236180067,0.518108725548,0.433051019907,0.507195234299,0.487101048231,0.549037337303,0.581890881062,0.327791452408,0.107378557324,-0.078257121146,-0.147117599845,-0.172174841166,-0.337685137987,-0.482615977526,-0.634111940861,-0.558123588562,-0.279306054115,-0.200871631503,-0.187374830246,-0.135559037328,-0.045877017081,0.121602140367,0.257694840431,0.362791150808,0.421240925789,0.458166480064,0.561063051224,0.589590013027,0.502170264721,0.397390246391,0.269769102335,0.101851731539,-0.157664746046,-0.319519013166,-0.432786554098,-0.711576700211,-0.756891846657,-0.740706801414,-0.873008370399,-0.755067706108,-0.597929358482,-0.377225756645,-0.094222813845,-0.066729746759,0.070840351284,0.325663298368,0.427143871784,0.524364173412,0.562476336956,0.528927206993,0.556426882744,0.486231386662,0.305234372616,0.179308712482,-0.076764777303,-0.345583170652,-0.333881616592,-0.334852069616,-0.368244647980,-0.327048987150,-0.366424649954,-0.297633767128,-0.233802050352,-0.300862580538,-0.225102692842,-0.143120393157,-0.051914043725,0.037277162075,0.039272740483,0.244172006845,0.362755656242,0.360050678253,0.535425007343,0.603175818920,0.593886554241,0.508972048759,0.338148534298,0.206913381815,-0.036298844963,-0.241993024945,-0.376276016235,-0.564554572105,-0.721392273903,-0.723482728004,-0.581402122974,-0.490933448076,-0.359429657459,-0.183435052633,-0.022043759003,0.210411086679,0.381048411131,0.500670135021,0.528860330582,0.524962246418,0.649691045284,0.646557450294,0.465648889542,0.273606926203,0.055922772735,-0.156549632549,-0.295590072870,-0.415677547455,-0.559037983418,-0.656363010406,-0.652434289455,-0.586409211159,-0.510040342808,-0.355403065681,-0.281027674675,-0.350960642099,-0.299647629261,-0.157804876566,0.032850287855,0.130229011178,0.111703850329,0.230169743299,0.281262695789,0.300904273987,0.385484069586,0.337143391371,0.236476749182,0.118159435689,0.015798715875,-0.115955308080,-0.263355433941,-0.453565090895,-0.750153541565,-0.728696584702,-0.575517654419,-0.570577800274,-0.426452249289,-0.286251574755,-0.155266702175,0.035102907568,0.183250933886,0.264846354723,0.295756787062,0.413243800402,0.403908640146,0.332438349724,0.440150529146,0.462606459856,0.479873239994,0.452715396881,0.218394100666,0.050349194556,-0.144500911236,-0.341612666845,-0.295035004616,-0.238338500261,-0.321835637093,-0.409893512726,-0.358852267265,-0.221973314881,-0.188421815634,-0.191646516323,-0.137579381466,-0.108331285417,-0.035942506045,0.095807969570,0.173448696733,0.245565325022,0.319422900677,0.444423615932,0.527559518814,0.465239137411,0.429357200861,0.289374262094,0.104063138366,-0.066174335778,-0.332206845284,-0.434887826443,-0.527261137962,-0.632234871387,-0.564155876637,-0.558844029903,-0.578393757343,-0.512866497040,-0.305402129889,-0.098132565618,-0.073451280594,0.013809219003,0.121007606387,0.239887416363,0.400480687618,0.435615271330,0.490845412016,0.408437728882,0.288021087646,0.266698867083,-0.012129887007,-0.173799276352,-0.230015963316,-0.430936634541,-0.460595756769,-0.533710479736,-0.558653056622,-0.478802680969,-0.528751909733,-0.488613486290,-0.470155775547,-0.408342510462,-0.210565149784,-0.043083477765,0.161897361279,0.292047500610,0.328964084387,0.282147318125,0.343466252089,0.526826620102,0.502674996853,0.449080735445,0.307646632195,0.117307834327,-0.034371394664,-0.194539859891,-0.159472823143,-0.377705305815,-0.619912862778,-0.589752674103,-0.734895110130,-0.648373186588,-0.391935825348,-0.259195357561,-0.110761433840,0.015129485168,0.202477768064,0.328737914562,0.499673008919,0.629307448864,0.597140252590,0.651111364365,0.584420442581,0.436781704426,0.303134232759,0.167095333338,-0.005595361348,-0.272740423679,-0.347115695477,-0.385682255030,-0.422109693289,-0.402528822422,-0.421011507511,-0.331487774849,-0.404533803463,-0.471411734819,-0.464691638947,-0.522902131081,-0.349886745214,-0.341929793358,-0.293747961521,-0.031495518982,0.023082207888,0.189535379410,0.215031459928,0.190747633576,0.309680581093,0.220192745328,0.272023588419,0.134331315756,-0.095937736332,-0.099593184888,-0.369869768620,-0.412435233593,-0.401210039854,-0.565916538239,-0.336666017771,-0.198771312833,-0.192342266440,-0.033588439226,0.067250251770,0.208505660295,0.376619994640,0.433234065771,0.425499647856,0.503998279572,0.629297256470,0.715419888496,0.683753490448,0.596711277962,0.612603664398,0.394586622715,0.135666504502,0.107640914619,-0.018005924299,-0.061714001000,-0.042169865221,-0.048609416932,-0.063100874424,-0.169299304485,-0.127393335104,-0.171252116561,-0.247033476830,-0.135034084320,-0.153927430511,-0.117007151246,-0.006944515277,0.015132930130,0.146560803056,0.260941028595,0.152793392539,0.058143042028,0.052783068269,-0.029877068475,0.033246442676,-0.031018706039,-0.336556524038,-0.427323043346,-0.611146390438,-0.807569682598,-0.834883928299,-0.845575094223,-0.673045337200,-0.531681358814,-0.378769010305,-0.264212131500,-0.242197573185,0.020660504699,0.188664376736,0.266661316156,0.367428064346,0.318583190441,0.355957776308,0.301569163799,0.141311556101,0.137978613377,0.056610468775,-0.134583741426,-0.253723502159,-0.358501762152,-0.453185826540,-0.448229402304,-0.410175591707,-0.324857413769,-0.233363598585,-0.241283655167,-0.197523593903,-0.164163812995,-0.188866496086,-0.168808996677,-0.102386005223,0.078017294407,0.250407010317,0.369744747877,0.369913280010,0.302731156349,0.394794344902,0.373434364796,0.331379532814,0.279984354973,0.036870092154,-0.014069699682,-0.088940829039,-0.278416633606,-0.370382875204,-0.470891118050,-0.389781177044,-0.226521223783,-0.115667857230,-0.012740436010,0.094559490681,0.220011815429,0.261107504368,0.353682935238,0.321231007576,0.283920764923,0.518737077713,0.516908824444,0.464327305555,0.506387948990,0.353574097157,0.247061461210,0.124012649059,0.003501219675,-0.146472930908,-0.352225035429,-0.281293898821,-0.241117775440,-0.340011447668,-0.287761837244,-0.229258894920,-0.294025450945,-0.347752094269,-0.278392612934,-0.279070317745,-0.228493601084,-0.053003750741,-0.129168108106,-0.104415848851,0.153745338321,0.222047820687,0.250237464905,0.232445001602,0.101473130286,-0.001623508986,-0.092234089971,-0.274566739798,-0.547402024269,-0.620769560337,-0.633840322495,-0.696876764297,-0.680964827538,-0.744288861752,-0.665191650391,-0.487399935722,-0.276047259569,0.063511528075,0.187443196774,0.313972920179,0.463200420141,0.525587737560,0.678967416286,0.624379217625,0.597405850887,0.654236555099,0.532768130302,0.431040853262,0.133230984211,-0.214262053370,-0.305368691683,-0.368341505527,-0.376520901918,-0.320962041616,-0.324072182178,-0.272842168808,-0.135085001588,-0.146375298500,-0.246642947197,-0.197769060731,-0.037453409284,0.185231953859,0.285145401955,0.308111041784,0.447353929281,0.475954920053,0.509393632412,0.572383463383,0.405104726553,0.281252592802,0.197548463941,0.028211921453,-0.118949510157,-0.348022609949,-0.568468987942,-0.703528642654,-0.769671618938,-0.737912476063,-0.632291913033,-0.531097888947,-0.400222182274,-0.124061644077,-0.048020876944,0.111737713218,0.453410893679,0.292007774115,0.335543602705,0.574308753014,0.398812949657,0.371693074703,0.263722360134,0.141964748502,0.151822298765,-0.080534733832,-0.243398964405,-0.430531680584,-0.706505596638,-0.785896062851,-0.534624874592,-0.336977779865,-0.365044414997,-0.062466956675,-0.040708459914,-0.111627854407,0.263825595379,0.180024057627,0.190606027842,0.476224690676,0.373805850744,0.368739068508,0.554223239422,0.596525371075,0.422502785921,0.446459770203,0.548707544804,0.419115483761,0.434303194284,0.231682449579,-0.075097948313,-0.157663568854,-0.366748422384,-0.415204435587,-0.383557736874,-0.444554924965,-0.422048926353,-0.332971453667,-0.117029406130,0.100260026753,0.360317260027,0.527678012848,0.436090499163,0.407969832420,0.510609626770,0.611328423023,0.612846553326,0.595773935318,0.498196810484,0.211749330163,-0.069661945105,-0.341901451349,-0.477862894535,-0.610961318016,-0.781283020973,-0.686675786972,-0.740815818310,-0.780363917351,-0.514988958836,-0.388829141855,-0.323854923248,-0.311429917812,-0.333963543177,-0.195846259594,-0.116348810494,-0.038700502366,0.182438343763,0.259253770113,0.229334935546,0.319910526276,0.254493445158,0.134237378836,0.240234360099,0.178967148066,-0.056797225028,-0.186485141516,-0.365417748690,-0.485826462507,-0.457564055920,-0.453362524509,-0.419462263584,-0.430236995220,-0.339899331331,-0.017836267129,0.148310646415,0.226045295596,0.313342869282,0.375079244375,0.560335457325,0.670162200928,0.700108528137,0.704388678074,0.642255485058,0.595023155212,0.454535663128,0.293340802193,0.122406683862,-0.063043408096,-0.122437857091,-0.143042415380,-0.138101384044,-0.180986121297,-0.183954417706,-0.114911198616,-0.163234367967,-0.107294760644,-0.085181288421,-0.222005233169,-0.144835487008,0.094936169684,0.153903782368,0.157106861472,0.455354452133,0.524926185608,0.321243077517,0.402520775795,0.376948028803,0.278660118580,0.127443090081,-0.107063613832,-0.043718650937,-0.178215533495,-0.416059702635,-0.521410346031,-0.796537160873,-0.858465850353,-0.678357124329,-0.525878608227,-0.384499043226,-0.146863400936,-0.011516354047,0.033333044499,0.291656196117,0.289194911718,0.342330932617,0.558365941048,0.408864945173,0.581976294518,0.628100275993,0.257908791304,0.226205691695,0.083346404135,-0.095315665007,-0.224075794220,-0.540261983871,-0.556034922600,-0.487082242966,-0.506353616714,-0.363857388496,-0.294541418552,-0.316315442324,-0.316321969032,-0.304886788130,-0.164278432727,-0.032665036619,-0.021057588980,0.109872244298,0.316627442837,0.372996389866,0.473238706589,0.633957564831,0.473857909441,0.344921499491,0.408501178026,0.230582609773,0.117744013667,-0.047870602459,-0.355167001486,-0.416300028563,-0.527646481991,-0.555264115334,-0.552614688873,-0.654161810875,-0.394679397345,-0.136665463448,0.002060369356,0.311045438051,0.492218524218,0.549893617630,0.656724631786,0.731209337711,0.759958803654,0.758272647858,0.669959425926,0.583131909370,0.569921970367,0.430570930243,0.132514491677,-0.159172326326,-0.387784957886,-0.428911566734,-0.339227944613,-0.385156333447,-0.395547837019,-0.314114153385,-0.347780078650,-0.325722396374,-0.298280000687,-0.250677406788,-0.098890095949,-0.112496033311,-0.022480724379,0.208157569170,0.309469491243,0.396153926849,0.292931914330,0.188154995441,0.176312074065,0.036367598921,-0.013781139627,-0.116294935346,-0.241285115480,-0.314363896847,-0.477291703224,-0.636849343777,-0.769634008408,-0.671710371971,-0.608696043491,-0.486273080111,-0.172399431467,-0.200559362769,0.000222982504,0.299108147621,0.304381996393,0.496511638165,0.661449551582,0.850191771984,0.925360798836,0.886965751648,0.925700724125,0.753592610359,0.643133878708,0.406994611025,0.041465718299,-0.097081124783,-0.256307274103,-0.302761346102,-0.250182449818,-0.312134891748,-0.366525799036,-0.334836959839,-0.325041860342,-0.286564201117,-0.064822815359,0.105240449309,0.188931345940,0.283648580313,0.362788617611,0.466209858656,0.477918922901,0.506048321724,0.541030406952,0.393314689398,0.286744803190,0.139505639672,-0.125338971615,-0.185231566429,-0.293836086988,-0.575463294983,-0.785155177116,-0.989867568016,-1.009467840195,-0.868856370449,-0.773830354214,-0.521018385887,-0.236539319158,-0.059607367963,0.155005484819,0.238119035959,0.203818619251,0.352349191904,0.515248298645,0.546399354935,0.617203414440,0.556537687778,0.408676534891,0.305287480354,0.050554547459,-0.142838269472,-0.335745722055,-0.592466533184,-0.560699224472,-0.454639315605,-0.345381319523,-0.187216877937,-0.147380769253,-0.105790928006,-0.076543755829,-0.088157780468,-0.068687357008,0.041212078184,0.275049984455,0.336706817150,0.243079856038,0.422822952271,0.523023486137,0.299394905567,0.388431608677,0.522028207779,0.288958430290,0.218170642853,0.134148687124,-0.127595663071,-0.138493701816,-0.228777289391,-0.469021797180,-0.360069781542,-0.333764940500,-0.503541171551,-0.173964425921,0.044344484806,-0.044149916619,0.382283508778,0.516380310059,0.318147540092,0.584729790688,0.639380514622,0.578804254532,0.697571814060,0.625310361385,0.496350258589,0.380142629147,0.222139447927,0.008131721988,-0.159707069397,-0.310640841722,-0.405380249023,-0.336593449116,-0.425892770290,-0.415773838758,-0.151135131717,-0.061920676380,-0.070363320410,-0.178160324693,-0.335390180349,-0.274378806353,-0.177492544055,-0.133107423782,-0.001073875814,0.144773006439,0.228705599904,0.280234545469,0.331865936518,0.340043693781,0.244727283716,0.131557330489,0.033527310938,-0.100412093103,-0.288188040257,-0.470768421888,-0.681424796581,-0.879525959492,-0.796454191208,-0.738153219223,-0.712796866894,-0.381751120090,-0.261052966118,-0.186082676053,0.104949645698,0.187647104263,0.331169426441,0.509688913822,0.564925014973,0.658793747425,0.647370755672,0.570578038692,0.455167233944,0.405999183655,0.324636787176,0.027032410726,-0.195829957724,-0.343709588051,-0.393251270056,-0.384715586901,-0.421198040247,-0.319596260786,-0.258721381426,-0.243856549263,-0.249682247639,-0.289822697639,-0.129777684808,0.005316793453,0.123555354774,0.270834684372,0.333829343319,0.520853757858,0.534411728382,0.493651568890,0.658976733685,0.564623773098,0.344817668200,0.235249772668,0.075934156775,-0.239582255483,-0.458115667105,-0.531983673573,-0.796302795410,-0.792328119278,-0.680472910404,-0.744941294193,-0.467446714640,-0.238136515021,-0.064451649785,0.120851792395,0.051797855645,0.215038537979,0.477501630783,0.617359042168,0.672720313072,0.616227030754,0.608647406101,0.475070148706,0.348243325949,0.212775766850,-0.093150235713,-0.316082417965,-0.500154435635,-0.572692811489,-0.542951643467,-0.520769238472,-0.385793566704,-0.247485131025,-0.237533971667,-0.265878021717,-0.202723637223,-0.165338292718,-0.075954191387,0.106512784958,0.267057716846,0.561989724636,0.743110060692,0.785649478436,0.844424724579,0.779208719730,0.736456155777,0.637479841709,0.442280828953,0.186223506927,-0.147459730506,-0.382630258799,-0.592726111412,-0.819840192795,-0.959210753441,-0.868375718594,-0.717336893082,-0.590555906296,-0.313935697079,-0.193662226200,0.054259486496,0.464661717415,0.504860460758,0.634304344654,0.827498853207,0.793395161629,0.799008369446,0.732407867908,0.561217725277,0.349938333035,0.073544718325,-0.218574106693,-0.544445216656,-0.820019304752,-0.847636401653,-0.694311559200,-0.675806045532,-0.715599477291,-0.610537409782,-0.498107492924,-0.399263471365,-0.292665213346,-0.198089659214,-0.049484338611,0.040417511016,0.140579119325,0.348156094551,0.414919555187,0.454312592745,0.450156182051,0.293122887611,0.348695278168,0.263836860657,-0.066394507885,-0.174673438072,-0.409694939852,-0.578825116158,-0.522762775421,-0.754474580288,-0.856373727322,-0.709363460541,-0.614823639393,-0.405418783426,-0.198246270418,0.074044466019,0.344355374575,0.410988360643,0.512030899525,0.606572568417,0.679322361946,0.693258583546,0.619866371155,0.562233746052,0.427167326212,0.313865959644,0.139236211777,0.006780920550,-0.087951555848,-0.341399610043,-0.393169403076,-0.464241147041,-0.467654526234,-0.279628366232,-0.302451223135,-0.162276655436,-0.103800617158,-0.106434032321,0.120663091540,0.149878919125,0.351719468832,0.431603103876,0.239671260118,0.381390452385,0.476032316685,0.506483137608,0.515267193317,0.408450037241,0.233316347003,-0.029360942543,-0.101275831461,-0.317646086216,-0.491826981306,-0.402397900820,-0.636079549789,-0.782402515411,-0.768461108208,-0.819792747498,-0.628052294254,-0.433179944754,-0.257028967142,-0.068180263042,0.051744926721,0.177643835545,0.171126201749,0.192758664489,0.339530467987,0.479807913303,0.517469406128,0.532779812813,0.564597129822,0.304154753685,0.010020049289,-0.270315617323,-0.596611678600,-0.565072000027,-0.536579310894,-0.575460970402,-0.563149869442,-0.611909627914,-0.464791506529,-0.396777153015,-0.424560904503,-0.288713991642,-0.202212870121,-0.115447580814,0.144691914320,0.352007240057,0.320962071419,0.340875864029,0.331045359373,0.305418074131,0.485547631979,0.492886155844,0.461595088243,0.403531670570,0.128772601485,-0.047416936606,-0.250818848610,-0.493780791759,-0.634756565094,-0.619214057922,-0.565822839737,-0.611771643162,-0.418104708195,-0.191180884838,0.007142736576,0.216926693916,0.164299368858,0.258548140526,0.330164879560,0.402866601944,0.717254996300,0.643564045429,0.592589855194,0.662519514561,0.386678725481,0.243601307273,0.099103845656,-0.199073001742,-0.332203269005,-0.387804627419,-0.415475249290,-0.399961799383,-0.433236688375,-0.476849287748,-0.443163722754,-0.460005551577,-0.409063965082,-0.288802534342,-0.242177769542,-0.056406643242,-0.067216150463,-0.125648885965,0.157724276185,0.227731674910,0.259368777275,0.321128785610,0.208921387792,0.276294112206,0.176682591438,0.009072839282,0.033480711281,-0.190689399838,-0.411696732044,-0.533367991447,-0.651691555977,-0.596934556961,-0.589759469032,-0.561650335789,-0.476952046156,-0.354442536831,-0.018769390881,0.201759368181,0.301387190819,0.524021983147,0.710479676723,0.779248714447,0.784339427948,0.848546206951,0.872213244438,0.791470766068,0.695410251617,0.435639500618,0.100336484611,-0.136285260320,-0.302543550730,-0.385368734598,-0.380719572306,-0.336767494678,-0.369197905064,-0.442637115717,-0.444397062063,-0.425486445427,-0.413674801588,-0.379108458757,-0.291833311319,-0.163807377219,-0.047653663903,0.088981166482,0.258088439703,0.375187337399,0.415750652552,0.378260314465,0.268270820379,0.175987005234,0.022601390257,-0.252529919147,-0.438698410988,-0.591827094555,-0.812403023243,-0.898944914341,-0.851407170296,-0.804114937782,-0.732694864273,-0.549263596535,-0.301764458418,-0.134310945868,-0.057064473629,0.061865784228,0.205506548285,0.251525104046,0.301533252001,0.326832026243,0.374387800694,0.528495371342,0.490422040224,0.297641515732,0.124277703464,0.057372786105,-0.022593652830,-0.198258236051,-0.122410677373,-0.223788529634,-0.392201185226,-0.147852107882,-0.131702646613,-0.151613011956,-0.162436336279,-0.350325345993,-0.264967769384,-0.135761946440,0.046714957803,0.178584516048,0.159517332911,0.217305719852,0.206289693713,0.295117706060,0.317614048719,0.275465428829,0.257967114449,0.135793104768,0.214417442679,0.074450641870,-0.139438778162,-0.159059867263,-0.385979771614,-0.356311082840,-0.334684610367,-0.469332158566,-0.382868975401,-0.341330498457,-0.187994435430,-0.164290785789,-0.142534479499,0.135538935661,0.120654433966,0.165266275406,0.355891853571,0.474935770035,0.646563708782,0.612396955490,0.496919780970,0.398585170507,0.253862589598,-0.018577005714,-0.367068022490,-0.406074374914,-0.384185642004,-0.428986012936,-0.422530531883,-0.431566864252,-0.298384100199,-0.318881392479,-0.378357827663,-0.290525197983,-0.431869536638,-0.352712541819,-0.171786531806,-0.176161810756,0.080122731626,0.183983638883,0.211962535977,0.395396679640,0.330107748508,0.265963315964,0.219016239047,0.093000993133,0.026567589492,-0.055999975652,-0.236547723413,-0.554336071014,-0.769713759422,-0.811390757561,-0.734566450119,-0.590681016445,-0.511676192284,-0.437689661980,-0.379447847605,-0.124968402088,0.189779460430,0.184301599860,0.258664160967,0.450628906488,0.513018488884,0.643495798111,0.694890141487,0.483783841133,0.307368516922,0.207566142082,0.027221245691,-0.100374117494,-0.224077403545,-0.299738943577,-0.274791717529,-0.236887797713,-0.132578223944,-0.205559298396,-0.248994499445,-0.247190207243,-0.394657552242,-0.228474646807,-0.082779541612,0.012102593668,0.191183179617,0.130809694529,0.176486045122,0.162562906742,0.204366728663,0.362141251564,0.209577634931,0.128932803869,-0.008966314606,-0.133293256164,-0.087884202600,-0.260205894709,-0.400078117847,-0.617448747158,-0.752759218216,-0.575050830841,-0.612286150455,-0.570748507977,-0.324801027775,-0.146022632718,0.119716651738,0.213966265321,0.085924774408,0.125483721495,0.342729896307,0.471885830164,0.505824804306,0.461810231209,0.302014380693,0.330239892006,0.292638659477,-0.056933052838,-0.243481189013,-0.359214901924,-0.430738806725,-0.296235501766,-0.262654930353,-0.306454747915,-0.306416183710,-0.273472309113,-0.224957466125,-0.224167793989,-0.214679971337,-0.142213448882,0.057992555201,0.339048773050,0.573315501213,0.675628721714,0.668380141258,0.670471251011,0.643748581409,0.625820934772,0.612550258636,0.432901918888,0.211953982711,0.062731742859,-0.182931184769,-0.442726790905,-0.548187971115,-0.666718959808,-0.759694755077,-0.650194108486,-0.516322314739,-0.411065936089,-0.218395292759,0.022090399638,0.180703654885,0.184363171458,0.248774349689,0.426115870476,0.448413163424,0.380012512207,0.419945806265,0.452783167362,0.317603915930,0.128069758415,-0.114116527140,-0.448588579893,-0.577243089676,-0.636791288853,-0.723575949669,-0.642857193947,-0.629560649395,-0.500242948532,-0.277896016836,-0.298469990492,-0.310204833746,-0.298674345016,-0.183009624481,0.026524687186,0.092974700034,0.126832276583,0.082365512848,0.076057866216,0.182773128152,0.253540396690,0.256859600544,0.140497177839,0.082784093916,0.019312124699,-0.084843665361,-0.079361058772,-0.172009497881,-0.319142371416,-0.456678599119,-0.476273298264,-0.301278442144,-0.260531991720,-0.203386828303,-0.007355605718,0.147064387798,0.372314512730,0.537672877312,0.533238887787,0.627535760403,0.721742928028,0.668076932430,0.712200939655,0.711298823357,0.625091671944,0.616081476212,0.420160472393,0.169133171439,-0.062796503305,-0.345139950514,-0.320019334555,-0.239522472024,-0.324056923389,-0.272719800472,-0.253941923380,-0.333196967840,-0.344523757696,-0.338233888149,-0.281918585300,-0.117848820984,0.074454665184,0.229250296950,0.464184015989,0.528382420540,0.408120483160,0.517454028130,0.458929181099,0.343952178955,0.285300850868,-0.041602071375,-0.106488361955,-0.296139806509,-0.659112036228,-0.722081363201,-0.994008183479,-1.012713313103,-0.787949144840,-0.802511513233,-0.688524484634,-0.563035488129,-0.350064665079,-0.096104264259,0.069891914725,0.297609746456,0.290073066950,0.266271978617,0.423211604357,0.505912899971,0.567808389664,0.542829155922,0.329455465078,0.111348554492,-0.010628025047,-0.258930206299,-0.506222903728,-0.550217509270,-0.711789906025,-0.814242243767,-0.707196414471,-0.638168811798,-0.383433550596,-0.241349324584,-0.356641918421,-0.117026530206,0.089249745011,0.141043394804,0.467713236809,0.572690904140,0.502442896366,0.568687379360,0.533658564091,0.465276241302,0.426599532366,0.394414752722,0.324656367302,0.181819722056,-0.058717124164,-0.259565532207,-0.285751521587,-0.496746093035,-0.606612682343,-0.422495305538,-0.433160781860,-0.354961365461,-0.086500920355,0.094987437129,0.260106712580,0.443547368050,0.569812655449,0.620066404343,0.768219649792,0.836224257946,0.748442053795,0.743922948837,0.552954673767,0.298651397228,0.275678306818,0.033673029393,-0.349879860878,-0.517014205456,-0.625218510628,-0.583305537701,-0.543212234974,-0.617046833038,-0.519528627396,-0.474623084068,-0.425504148006,-0.249100208282,-0.216456100345,-0.160361617804,-0.007091416512,0.057027563453,0.085902459919,0.245481595397,0.325259268284,0.227756932378,0.282469660044,0.224163085222,0.045658092946,0.048478607088,-0.085914485157,-0.223284214735,-0.260647535324,-0.397947520018,-0.528585553169,-0.644501984119,-0.656155288219,-0.593245744705,-0.507613897324,-0.385999113321,-0.212683171034,0.121814675629,0.340276509523,0.529581844807,0.730364739895,0.690393626690,0.856443583965,1.077536463737,1.018811225891,1.029096841812,0.990258097649,0.696776449680,0.427896738052,0.327024817467,0.014994148165,-0.268053263426,-0.141017630696,-0.267043739557,-0.522721350193,-0.399044215679,-0.273797661066,-0.206601485610,-0.076847039163,-0.104894436896,-0.149157255888,-0.052326209843,-0.054090134799,0.107222929597,0.314521312714,0.264625191689,0.330380558968,0.292986214161,0.286660850048,0.316343963146,-0.009996579960,-0.126101613045,-0.166471451521,-0.354862153530,-0.438311010599,-0.522540926933,-0.628250837326,-0.799553573132,-0.790270864964,-0.754554688931,-0.653648018837,-0.283455163240,-0.214378923178,-0.069973208010,0.163380905986,0.095657765865,0.228526175022,0.368494987488,0.434194684029,0.547929227352,0.528202414513,0.462512522936,0.353049844503,0.223003089428,0.088662065566,0.008661612868,-0.119727194309,-0.247447147965,-0.171212762594,-0.232035025954,-0.290544360876,-0.247127845883,-0.228783309460,0.041444770992,0.036514427513,-0.177422478795,0.036943476647,0.139559432864,0.118062123656,0.309014052153,0.467021614313,0.573985636234,0.549885630608,0.509199619293,0.597387909889,0.486975431442,0.330414324999,0.369048386812,0.228720769286,-0.012526423670,-0.045262463391,-0.180331900716,-0.412802845240,-0.522325217724,-0.659866929054,-0.579146742821,-0.286280810833,-0.225110590458,-0.173813641071,-0.015436017886,0.109639130533,0.305486381054,0.442102611065,0.533279359341,0.639620721340,0.615392208099,0.557516992092,0.525603711605,0.474597275257,0.286632508039,-0.043066922575,-0.230662986636,-0.387138903141,-0.565112233162,-0.448377490044,-0.347534418106,-0.482878684998,-0.380349427462,-0.251151412725,-0.485256969929,-0.525920808315,-0.277676492929,-0.169999212027,-0.106407053769,-0.031837146729,0.048928644508,0.200268417597,0.278658747673,0.302364945412,0.368962585926,0.262660443783,0.202323660254,0.329805582762,0.026690144092,-0.217435851693,-0.113579608500,-0.393286049366,-0.563720047474,-0.503215372562,-0.645261585712,-0.570608198643,-0.266854196787,-0.079857155681,0.083884336054,0.229553610086,0.259617120028,0.360585123301,0.396299093962,0.425935924053,0.613162279129,0.615509212017,0.567999541759,0.452799320221,0.297250449657,0.314369827509,0.146246835589,-0.024926647544,-0.170878037810,-0.339706778526,-0.201838046312,-0.120248354971,-0.108846627176,-0.068099290133,-0.063619494438,-0.022945284843,-0.212945610285,-0.191932857037,0.059753417969,0.072078406811,0.261788696051,0.400885611773,0.268150329590,0.226254001260,0.244174554944,0.266524583101,0.209031715989,0.191619277000,0.199150368571,0.011580018327,-0.191523745656,-0.302826583385,-0.344493061304,-0.428262442350,-0.520874202251,-0.569467484951,-0.624492764473,-0.428738623857,-0.248054027557,-0.222983136773,-0.088902972639,-0.023872828111,0.111987449229,0.276521772146,0.314904242754,0.365425497293,0.408986151218,0.486207544804,0.409271925688,0.254071921110,0.157523587346,0.026170551777,-0.049618765712,-0.297150135040,-0.551578283310,-0.405697464943,-0.243373766541,-0.414187997580,-0.363052606583,0.025503121316,-0.034159474075,-0.151243031025,0.033633336425,0.019320575520,0.100854367018,0.314622491598,0.465551197529,0.601784348488,0.615374922752,0.629665732384,0.624961614609,0.517707228661,0.297154515982,0.282383441925,0.426384955645,0.116797700524,-0.021259039640,0.035920687020,-0.313297092915,-0.408517390490,-0.433709681034,-0.499709010124,-0.320810109377,-0.297799378633,-0.105649068952,0.113444373012,0.103141672909,0.308064162731,0.427384674549,0.313341617584,0.332529872656,0.450598657131,0.403840333223,0.340134471655,0.336321234703,0.160156860948,0.014311687090,-0.175805658102,-0.461829572916,-0.536478281021,-0.506736099720,-0.360770463943,-0.260635197163,-0.275231510401,-0.192870289087,-0.278345257044,-0.326129645109,-0.198920100927,-0.218303203583,-0.168460339308,-0.022452367470,0.084215462208,0.201562806964,0.214159414172,0.129001304507,0.145826026797,0.256000936031,0.246816962957,0.203807413578,0.188963353634,0.095825806260,-0.007742926013,-0.161901921034,-0.330389976501,-0.456601291895,-0.515545547009,-0.436612576246,-0.429415613413,-0.364342629910,-0.100011073053,0.010092273355,0.064992703497,0.258717149496,0.361979931593,0.445215791464,0.649491012096,0.699259817600,0.669626772404,0.696147084236,0.589099287987,0.574623823166,0.517874956131,0.214482173324,0.038689408451,-0.124835319817,-0.276335388422,-0.278287798166,-0.375739485025,-0.419569522142,-0.341687977314,-0.288381427526,-0.243655681610,-0.255936741829,-0.248598858714,-0.126378923655,0.098517924547,0.258572310209,0.272131055593,0.404305785894,0.572767138481,0.628826737404,0.718990981579,0.642730414867,0.376099586487,0.160652205348,-0.042466226965,-0.199556544423,-0.366173237562,-0.604270815849,-0.778924822807,-0.869045615196,-0.847765266895,-0.754449605942,-0.529039561749,-0.217534273863,-0.083405241370,0.049451068044,0.219399720430,0.283572971821,0.397132039070,0.489202797413,0.486373126507,0.505932867527,0.508658766747,0.486516267061,0.452571004629,0.286139845848,0.024293433875,-0.259237080812,-0.512933015823,-0.561829984188,-0.524489521980,-0.499802500010,-0.410424113274,-0.394670248032,-0.402434319258,-0.288833439350,-0.167831152678,-0.129546597600,0.003569268156,0.203175589442,0.304092973471,0.502442836761,0.571943819523,0.453191369772,0.507367730141,0.484782159328,0.362059265375,0.249296665192,0.114258967340,0.029857171699,-0.110756345093,-0.227086454630,-0.344408661127,-0.465031713247,-0.504281163216,-0.586127460003,-0.609490871429,-0.561555385590,-0.422240167856,-0.100135020912,0.230530649424,0.479049444199,0.591592192650,0.586539506912,0.574824988842,0.531667709351,0.594102203846,0.734740674496,0.621417164803,0.488092541695,0.469501078129,0.233697190881,-0.039488598704,-0.250252336264,-0.461505562067,-0.557710468769,-0.628331840038,-0.650113761425,-0.626244962215,-0.522317647934,-0.383940875530,-0.488207042217,-0.498852223158,-0.249454587698,-0.104675695300,0.055060952902,0.242974936962,0.267651289701,0.318846225739,0.442909985781,0.468714028597,0.399813443422,0.323145836592,0.189224496484,-0.018646158278,-0.223471403122,-0.444559156895,-0.581443428993,-0.633699893951,-0.701209783554,-0.736011445522,-0.808655202389,-0.786805093288,-0.582942426205,-0.343028515577,-0.063292823732,0.208866730332,0.489232838154,0.696582734585,0.831499040127,0.982302784920,1.037273287773,1.086388230324,0.982104599476,0.822222709656,0.769904553890,0.442649573088,0.089370854199,-0.186701446772,-0.508149445057,-0.586005330086,-0.608458936214,-0.672380387783,-0.550155282021,-0.354948669672,-0.264664083719,-0.138398259878,-0.010235046037,0.010275885463,0.094596982002,0.180296212435,0.252235323191,0.329239308834,0.317034125328,0.203730016947,0.117201633751,0.173768520355,0.067938551307,-0.029062595218,-0.075556322932,-0.312643498182,-0.311684519053,-0.442386031151,-0.724613666534,-0.721560657024,-0.884771287441,-0.867291212082,-0.600757777691,-0.517580091953,-0.346929311752,-0.139250829816,-0.001697165542,0.110145993531,0.251678317785,0.345247894526,0.322852045298,0.423176079988,0.520823359489,0.546812295914,0.520255386829,0.369241237640,0.240911319852,0.075537078083,-0.122488416731,-0.267859667540,-0.371538221836,-0.329160541296,-0.182900443673,-0.158719852567,-0.228362455964,-0.194868147373,-0.145834207535,-0.149872153997,-0.188942700624,-0.155953288078,0.004093308002,0.141737252474,0.351779967546,0.509430527687,0.529770553112,0.505186975002,0.429892003536,0.482545077801,0.459164887667,0.386886656284,0.284880131483,0.006495787296,-0.072549693286,-0.166541993618,-0.378110021353,-0.554990589619,-0.716500461102,-0.650819480419,-0.604484736919,-0.480404466391,-0.206348940730,-0.082041732967,0.090658061206,0.177449032664,0.138587787747,0.253567367792,0.433970689774,0.553837895393,0.624193251133,0.634424328804,0.499266266823,0.339170694351,0.167346879840,-0.043903883547,-0.193873032928,-0.358652114868,-0.444462835789,-0.470604270697,-0.503046929836,-0.459090799093,-0.368430733681,-0.266488432884,-0.285098046064,-0.339864999056,-0.359930008650,-0.355392128229,-0.184955358505,-0.016453949735,0.083374038339,0.141261935234,0.164424061775,0.231162056327,0.147156685591,0.113302253187,0.202608928084,0.138669058681,0.131036609411,0.012859708630,-0.279336839914,-0.513951122761,-0.746431827545,-0.765529274940,-0.719250559807,-0.662658512592,-0.451276510954,-0.300739526749,-0.052788149565,0.201337814331,0.316559612751,0.436303824186,0.479697614908,0.524080276489,0.498789131641,0.449358075857,0.546750843525,0.545220851898,0.414251774549,0.221864327788,0.085378006101,0.055882204324,-0.122226260602,-0.167850077152,-0.045151166618,-0.208651334047,-0.322732448578,-0.206015706062,-0.153623402119,-0.148514017463,-0.297708332539,-0.438003003597,-0.241731539369,-0.071184344590,-0.055140592158,0.093996740878,0.222170129418,0.302780210972,0.362824857235,0.252029299736,0.273087054491,0.263267397881,0.015008106828,-0.009197417647,-0.088345356286,-0.345321685076,-0.455198854208,-0.639645755291,-0.800327837467,-0.803920209408,-0.788268804550,-0.689760386944,-0.525246500969,-0.405220180750,-0.298678427935,-0.168558105826,-0.056863769889,0.119685903192,0.278054296970,0.431052297354,0.679248571396,0.611855447292,0.452599406242,0.503156661987,0.336707293987,0.152809217572,0.034619260579,-0.133355423808,-0.217764109373,-0.322841256857,-0.283154189587,-0.240022182465,-0.294011175632,-0.247610241175,-0.290980726480,-0.222345337272,-0.029121447355,0.039373613894,0.196210697293,0.344316005707,0.387258082628,0.507144331932,0.646040797234,0.664638876915,0.604114651680,0.588882029057,0.473219990730,0.283591657877,0.237087339163,0.046897027642,-0.263429522514,-0.370857238770,-0.485506892204,-0.582030713558,-0.517546176910,-0.530244052410,-0.518273413181,-0.351348996162,-0.196852564812,-0.014384822920,0.119367755949,0.160416364670,0.215357378125,0.125315323472,0.092186473310,0.207972809672,0.172519326210,0.215634211898,0.228080883622,-0.014509039931,-0.170191287994,-0.264846116304,-0.372692257166,-0.434571385384,-0.450025200844,-0.488926112652,-0.527620136738,-0.355007231236,-0.283803731203,-0.263660937548,-0.156917423010,-0.254220426083,-0.231176108122,-0.236939504743,-0.188982665539,0.222634762526,0.347984761000,0.282591909170,0.215518131852,0.174239858985,0.229453667998,0.106950081885,0.123984329402,0.106990955770,-0.028222594410,-0.080648779869,-0.195956215262,-0.226140603423,-0.455651491880,-0.573692500591,-0.474178642035,-0.515573441982,-0.304834038019,-0.193221181631,-0.136199891567,0.031808290631,0.059417441487,0.256235241890,0.356138378382,0.373257905245,0.405807226896,0.427645623684,0.623682200909,0.596923172474,0.539128780365,0.453349739313,0.242495983839,0.232209414244,-0.027665868402,-0.319503724575,-0.302550166845,-0.238066732883,-0.170728132129,-0.184068351984,-0.099905341864,-0.102654978633,-0.234593048692,-0.197268992662,-0.212061330676,-0.182428270578,0.008145658299,0.181775629520,0.236258089542,0.244650676847,0.318211346865,0.366310566664,0.374061524868,0.196835249662,0.061409164220,0.111953921616,-0.018945638090,-0.115591205657,-0.259237766266,-0.509909689426,-0.566013574600,-0.664863467216,-0.685154259205,-0.583215475082,-0.505592048168,-0.322241872549,-0.159084588289,0.021822519600,0.239906698465,0.376586407423,0.418213039637,0.386243939400,0.355592399836,0.302676290274,0.310392260551,0.280965298414,0.163264930248,0.089750520885,-0.177224323153,-0.473364412785,-0.557727098465,-0.587774217129,-0.515700638294,-0.451535493135,-0.392556607723,-0.256134271622,-0.278135657310,-0.360049873590,-0.282759457827,-0.130673050880,0.012653503567,0.173591911793,0.343102276325,0.422056168318,0.476651430130,0.566653072834,0.490921795368,0.369065135717,0.428308665752,0.393524020910,0.187667474151,0.024314096197,-0.103988543153,-0.345347225666,-0.648493528366,-0.598988473415,-0.478139758110,-0.638814628124,-0.476848781109,-0.296105563641,-0.372401028872,0.083228707314,0.509084522724,0.294155061245,0.349899560213,0.652187466621,0.540550351143,0.585238873959,0.865202426910,0.678931832314,0.419715940952,0.420090943575,0.227142646909,-0.082357652485,-0.250547438860,-0.470041841269,-0.671798169613,-0.613333404064,-0.590732395649,-0.658318340778,-0.544992148876,-0.433014273643,-0.442287623882,-0.458649456501,-0.319389790297,-0.139257177711,-0.104220710695,0.016964716837,0.201672255993,0.411633551121,0.545993626118,0.478257328272,0.453130781651,0.367523729801,0.329853743315,0.294732838869,0.039990130812,-0.097546324134,-0.365451872349,-0.680629849434,-0.643744170666,-0.702461838722,-0.829971790314,-0.710997641087,-0.463263154030,-0.145680606365,0.199445381761,0.435103118420,0.583101928234,0.696305930614,0.709176421165,0.830848038197,0.994203388691,0.893015086651,0.806894719601,0.767187893391,0.545317471027,0.279005736113,0.013010565192,-0.254033088684,-0.507085323334,-0.624361932278,-0.490165442228,-0.454626172781,-0.528672039509,-0.431232571602,-0.371744364500,-0.296020686626,-0.127481713891,-0.097097411752,-0.033781167120,0.068338237703,0.128703907132,0.251250326633,0.291509658098,0.338457405567,0.361475527287,0.247840300202,0.235408157110,0.145171135664,-0.120024695992,-0.259693205357,-0.344417333603,-0.491342276335,-0.571368217468,-0.698109626770,-0.891036689281,-0.872502624989,-0.768063366413,-0.614478170872,-0.327952444553,0.001651819912,0.212227240205,0.105747297406,0.303507298231,0.567353785038,0.366925656796,0.523967564106,0.631212949753,0.442188531160,0.511404037476,0.527502417564,0.411977201700,0.171504572034,0.012423282489,-0.013261087239,-0.097389675677,-0.225205570459,-0.415486186743,-0.427942097187,-0.441203504801,-0.339166760445,-0.195444911718,-0.429673790932,-0.337453275919,-0.174578502774,-0.195639327168,0.164371579885,0.309451133013,0.340877830982,0.655354917049,0.679562270641,0.600068449974,0.669043898582,0.527175724506,0.437140315771,0.406751543283,0.123921804130,-0.059155818075,-0.290037810802,-0.557869315147,-0.554207563400,-0.660062074661,-0.726212799549,-0.602987706661,-0.483285546303,-0.277611315250,-0.091409921646,0.096809931099,0.289935946465,0.293233513832,0.243490546942,0.409575551748,0.604128062725,0.646078467369,0.734904348850,0.605194091797,0.318267345428,0.196748152375,-0.052965134382,-0.206149339676,-0.326566994190,-0.571155548096,-0.575726032257,-0.622967422009,-0.533989131451,-0.378835141659,-0.494411408901,-0.308552086353,-0.224483653903,-0.352451533079,-0.156411796808,0.007301773410,0.226714909077,0.421175450087,0.416269272566,0.454843699932,0.415301203728,0.422130733728,0.389332562685,0.262470573187,0.146485045552,-0.035912062973,-0.108694747090,-0.277840256691,-0.406554430723,-0.448423087597,-0.699435710907,-0.679733872414,-0.561860799789,-0.542104423046,-0.276528477669,0.011289282702,0.233134716749,0.377156853676,0.462981522083,0.512794554234,0.554748475552,0.780224382877,0.764420092106,0.556388080120,0.655067563057,0.565039396286,0.302665501833,0.266528755426,-0.012355767190,-0.324623018503,-0.327852189541,-0.387320578098,-0.286749690771,-0.147888511419,-0.215584337711,-0.191940039396,-0.260479718447,-0.315126448870,-0.290121376514,-0.284188300371,-0.079453594983,0.053387317806,0.071191184223,0.155475899577,0.212835565209,0.186062291265,0.292099207640,0.470863789320,0.300034224987,0.266283184290,0.259706288576,-0.115644179285,-0.266785323620,-0.463704466820,-0.691563129425,-0.751102387905,-0.972909808159,-0.935857832432,-0.783296406269,-0.704244911671,-0.403377473354,-0.154956638813,-0.026983130723,0.024320241064,0.094713807106,0.362668395042,0.483598560095,0.392598778009,0.491771638393,0.616002082825,0.457712590694,0.345828890800,0.314658969641,0.043117403984,-0.139166355133,-0.151368841529,-0.254405856133,-0.219841316342,-0.177281111479,-0.137550696731,0.082298323512,0.089210644364,0.053446579725,0.120416685939,0.073253370821,0.222071319818,0.407605201006,0.416200757027,0.528744459152,0.648515403271,0.661218166351,0.628222286701,0.528522729874,0.417623966932,0.384559005499,0.293633311987,0.088097222149,-0.022669862956,-0.204058557749,-0.435625344515,-0.463129669428,-0.487175196409,-0.435755610466,-0.316285341978,-0.294897824526,-0.178199693561,-0.031345088035,0.044750686735,0.095106944442,0.130105808377,0.221469163895,0.229806214571,0.126710698009,0.213691368699,0.268737852573,0.104850344360,0.191718816757,0.211320534348,-0.065640665591,-0.154486998916,-0.330903947353,-0.416189700365,-0.324458032846,-0.540150940418,-0.436656773090,-0.236033529043,-0.416499704123,-0.323875576258,-0.342956364155,-0.637677371502,-0.460924655199,-0.139373183250,-0.153248563409,-0.012632219121,0.276512145996,0.339074909687,0.532426059246,0.671266436577,0.461897730827,0.364300936460,0.284166306257,0.146221548319,0.222421616316,0.143808662891,-0.167011514306,-0.378954589367,-0.537238836288,-0.531499564648,-0.424752652645,-0.395286232233,-0.235263034701,-0.037543050945,0.035604231060,0.160351872444,0.344004660845,0.416932135820,0.465570151806,0.533823609352,0.612103581429,0.802744805813,0.775412499905,0.598785996437,0.613514959812,0.434951931238,0.128324002028,-0.053921014071,-0.233679562807,-0.277684569359,-0.262172371149,-0.271867126226,-0.246348649263,-0.197375953197,-0.092931330204,-0.082522131503,-0.164074406028,-0.186548724771,-0.123282402754,0.037246603519,0.254282534122,0.387878090143,0.411147892475,0.428860694170,0.292600035667,0.136155009270,0.120712891221,0.043121617287,-0.046608388424,-0.235956698656,-0.352124124765,-0.296941816807,-0.414063841105,-0.542643010616,-0.633235096931,-0.688339650631,-0.559932887554,-0.297070682049,-0.122319847345,-0.043825671077,0.209859624505,0.259553939104,0.223903194070,0.324397832155,0.264339447021,0.499136418104,0.603433012962,0.384904831648,0.542921781540,0.493330806494,0.123896546662,-0.039948571473,-0.166432067752,-0.419951379299,-0.552849411964,-0.489946573973,-0.552525997162,-0.390419304371,-0.103297956288,-0.103562414646,0.081307217479,0.064929738641,-0.141611158848,0.083795852959,0.184148848057,0.182768076658,0.443551570177,0.556962013245,0.340735584497,0.164936363697,0.232266053557,0.159509852529,0.066351279616,0.091029718518,-0.085613034666,-0.130570665002,-0.181996017694,-0.437170088291,-0.405663043261,-0.454639762640,-0.611108124256,-0.414499729872,-0.290864586830,-0.218772411346,-0.025966187939,0.005214382429,0.120214857161,0.310250401497,0.305031031370,0.300507247448,0.336289495230,0.332148253918,0.331081867218,0.278592526913,0.219299182296,0.229407191277,0.047485679388,-0.183561220765,-0.204088985920,-0.316562980413,-0.327789068222,-0.275844603777,-0.356742084026,-0.350916773081,-0.469341933727,-0.381914764643,-0.175375834107,-0.295667469501,-0.222587019205,-0.078008502722,-0.054101038724,0.027997225523,0.206332221627,0.448444068432,0.439206182957,0.371148437262,0.307716369629,0.258788734674,0.322565764189,0.130194187164,-0.046998806298,-0.134802594781,-0.337356120348,-0.413931846619,-0.438127130270,-0.406587898731,-0.328814953566,-0.201671242714,0.023959556594,0.192285239697,0.369814902544,0.502366483212,0.574479401112,0.681150376797,0.723328590393,0.756851136684,0.860670030117,0.901209652424,0.683696806431,0.372591167688,0.129897356033,-0.118185825646,-0.252567946911,-0.420559912920,-0.575107514858,-0.477406591177,-0.396932333708,-0.246092692018,-0.042784556746,-0.076368764043,-0.142902940512,-0.229171618819,-0.256590694189,-0.136507332325,-0.125441849232,-0.091414757073,0.053468614817,0.079370908439,0.006371292286,0.043470196426,0.123855434358,0.113487459719,0.122914634645,0.113661170006,0.012250673957,-0.185453176498,-0.318019211292,-0.357334583998,-0.565041124821,-0.716038525105,-0.807734310627,-0.888587951660,-0.684118807316,-0.569026112556,-0.553086519241,-0.346537142992,-0.162509828806,0.011766480282,0.171470269561,0.224565237761,0.334139943123,0.507160663605,0.524031043053,0.574142217636,0.678953886032,0.480469167233,0.363694220781,0.290148913860,-0.016049051657,-0.110281601548,-0.240533873439,-0.394208520651,-0.292853415012,-0.334886372089,-0.327868729830,-0.200466111302,-0.234475031495,-0.240503072739,-0.174402087927,-0.066757440567,0.062004506588,0.192486375570,0.424856901169,0.638268828392,0.723053991795,0.725697278976,0.699525058270,0.617875695229,0.526705026627,0.492201566696,0.287514656782,0.060205273330,-0.099465712905,-0.386285543442,-0.471683442593,-0.487654834986,-0.579080939293,-0.486952841282,-0.451116204262,-0.358254045248,-0.114491365850,0.018216848373,0.162607729435,0.330673426390,0.439065307379,0.503000736237,0.508790850639,0.503212571144,0.530168235302,0.485188603401,0.363340944052,0.267288863659,-0.022042734548,-0.274113535881,-0.364146471024,-0.606576919556,-0.587116479874,-0.524113178253,-0.642456769943,-0.556383848190,-0.569885730743,-0.523616790771,-0.408454179764,-0.321414291859,-0.071120269597,-0.014399428852,0.174215883017,0.383745282888,0.338640987873,0.483454585075,0.412095397711,0.309678614140,0.395606309175,0.265255182981,0.192374482751,-0.035736992955,-0.374145627022,-0.482869088650,-0.608244180679,-0.625883221626,-0.690728843212,-0.852051734924,-0.716606795788,-0.489372253418,-0.251468598843,0.068871393800,0.227074325085,0.285512864590,0.368769228458,0.368826597929,0.429092437029,0.602605760098,0.649184465408,0.613495290279,0.550698637962,0.424536049366,0.294779628515,0.131728261709,0.070537589490,-0.005542481784,-0.257193386555,-0.272262424231,-0.243791684508,-0.375034123659,-0.277807414532,-0.249033048749,-0.314413845539,-0.251606732607,-0.319737255573,-0.353621244431,-0.293234378099,-0.220572412014,-0.012283671647,0.198521941900,0.285659432411,0.246535360813,0.188556268811,0.273856163025,0.366620212793,0.295276194811,0.207804054022,0.043519712985,-0.185937494040,-0.270728379488,-0.361374706030,-0.446679115295,-0.637548625469,-0.782767117023,-0.636962652206,-0.588040530682,-0.359012037516,-0.160489037633,-0.221047118306,0.094444274902,0.260477185249,0.241361454129,0.404765635729,0.475864797831,0.665243446827,0.737950801849,0.585056722164,0.405951112509,0.121541455388,-0.098188057542,-0.232466518879,-0.265795201063,-0.252962708473,-0.238467752934,-0.179456979036,-0.193720668554,-0.165028825402,-0.087241396308,0.018769197166,0.104057222605,0.039506725967,0.115124441683,0.268251001835,0.277370572090,0.368428647518,0.427429586649,0.380278050900,0.400069743395,0.330398499966,0.267806351185,0.268702954054,0.149405777454,0.025555133820,-0.153449192643,-0.269288480282,-0.315731346607,-0.489138692617,-0.515292227268,-0.497172355652,-0.491666018963,-0.447729796171,-0.411439299583,-0.199124947190,-0.096303068101,-0.054232444614,0.004320759326,0.012341413647,0.181186392903,0.211471498013,0.292548507452,0.390820682049,0.257292419672,0.285915672779,0.146764174104,0.026864819229,0.058400601149,-0.243459910154,-0.333232730627,-0.326249659061,-0.407824128866,-0.298777431250,-0.364086240530,-0.380288958549,-0.363758057356,-0.416076928377,-0.399244934320,-0.515736818314,-0.367193758488,-0.229086741805,-0.248892918229,-0.048252213746,-0.009649134241,0.161023393273,0.384520053864,0.389392316341,0.458585083485,0.371963381767,0.373888403177,0.363559067249,0.138397887349,0.002447372535,-0.232746839523,-0.429143935442,-0.531495094299,-0.567096769810,-0.423178374767,-0.326506644487,-0.162713438272,-0.017380060628,0.051416635513,0.223432317376,0.231607824564,0.249522924423,0.480643868446,0.556195914745,0.509922623634,0.541485786438,0.549759745598,0.540537655354,0.497307300568,0.301000624895,0.033798228949,-0.167947605252,-0.243142992258,-0.206351935863,-0.230136662722,-0.276643246412,-0.209610730410,-0.267800420523,-0.314691066742,-0.243815287948,-0.394106894732,-0.367049485445,-0.141952291131,-0.066338464618,0.106025427580,0.134471595287,0.118223913014,0.267032116652,0.215647399426,0.091502301395,-0.012105148286,-0.090642705560,-0.172116607428,-0.335073351860,-0.331914067268,-0.359930127859,-0.559548437595,-0.620013594627,-0.616828799248,-0.653676867485,-0.590486764908,-0.390438973904,-0.134785130620,-0.003141604830,0.036805585027,0.153233975172,0.267599284649,0.348997533321,0.367609322071,0.353349775076,0.339196652174,0.254619956017,0.275161385536,0.239178076386,0.057811681181,-0.109578758478,-0.392574042082,-0.465912401676,-0.311735510826,-0.274876922369,-0.170450910926,-0.023186247796,0.021424742416,-0.028459699824,-0.138204887509,-0.212473601103,-0.156261399388,-0.026858400553,-0.002284581773,0.105788007379,0.259108483791,0.292003899813,0.412872105837,0.359758228064,0.207056924701,0.291665107012,0.262721210718,0.230778306723,0.151599138975,-0.186470225453,-0.284220427275,-0.410483896732,-0.599808156490,-0.500416874886,-0.611513733864,-0.578853487968,-0.271117448807,-0.170109644532,-0.016411358491,0.082040295005,0.120521441102,0.152745947242,0.189466744661,0.403818607330,0.373627692461,0.254763066769,0.242105960846,0.177674829960,0.240418821573,0.163113996387,-0.064819701016,-0.302079141140,-0.521706998348,-0.581405937672,-0.608113467693,-0.527981519699,-0.416939944029,-0.308908820152,-0.223303675652,-0.258419573307,-0.228225544095,-0.297269463539,-0.225568786263,-0.020697075874,0.074616491795,0.326878726482,0.289948910475,0.257064223289,0.439015239477,0.230836585164,0.085941582918,0.044905781746,-0.097476981580,-0.173789054155,-0.200541511178,-0.244291901588,-0.431903332472,-0.374672949314,-0.260764300823,-0.269784986973,0.043564558029,0.243616148829,0.315364539623,0.502292454243,0.501615285873,0.538673520088,0.688974857330,0.658250570297,0.637404441833,0.690553188324,0.535422801971,0.510151445866,0.541902482510,0.281763762236,0.125085309148,-0.108651772141,-0.347857445478,-0.405063778162,-0.562203645706,-0.510590434074,-0.504557430744,-0.503059625626,-0.208162143826,-0.142622709274,-0.194747596979,-0.298858463764,-0.349927067757,-0.212816119194,-0.217765882611,-0.159809947014,-0.100700967014,-0.042510505766,0.134035348892,0.196021765471,0.201000064611,0.133154794574,0.087095312774,-0.016089957207,-0.077285900712,-0.036078691483,-0.255267858505,-0.357725292444,-0.494970768690,-0.697735846043,-0.656831443310,-0.754921257496,-0.569893836975,-0.322596818209,-0.310306042433,-0.089725382626,-0.030772820115,0.044019252062,0.253008306026,0.421813607216,0.586530864239,0.575053691864,0.615499973297,0.600151956081,0.546450078487,0.516124486923,0.313358902931,0.153403460979,-0.027793575078,-0.084545336664,-0.065535597503,-0.149037986994,-0.136702284217,-0.192713558674,-0.164421930909,-0.210013315082,-0.361699312925,-0.189171850681,-0.103245511651,0.013193453662,0.233524590731,0.213848918676,0.366257786751,0.456920832396,0.359421849251,0.513277292252,0.506055295467,0.332645118237,0.282759904861,0.024911057204,-0.201469108462,-0.268545567989,-0.532121121883,-0.614178895950,-0.496094435453,-0.648749232292,-0.602392077446,-0.313627243042,-0.394194751978,-0.284472227097,0.154577091336,0.180953502655,0.299068272114,0.582788646221,0.388044923544,0.357356399298,0.554295420647,0.488346308470,0.541591882706,0.530339241028,0.295373857021,0.141131803393,-0.088178850710,-0.289562880993,-0.335573017597,-0.404547691345,-0.484068423510,-0.523941516876,-0.465051472187,-0.350962311029,-0.294183611870,-0.305395692587,-0.372845679522,-0.385509401560,-0.267509311438,-0.131356015801,-0.018047887832,0.134042307734,0.178790017962,0.230298072100,0.410415500402,0.361510604620,0.358891069889,0.422578752041,0.132052600384,-0.064766198397,-0.232941374183,-0.439228862524,-0.446011275053,-0.605471849442,-0.683160126209,-0.637124657631,-0.665046453476,-0.510523617268,-0.285969763994,-0.119830265641,0.039377633482,0.222591474652,0.306697517633,0.382806390524,0.516490936279,0.510692477226,0.629998803139,0.672928750515,0.507902562618,0.504207491875,0.414306014776,0.238066732883,0.060150545090,-0.135426849127,-0.224127799273,-0.303070276976,-0.254903852940,-0.146277442575,-0.112257525325,-0.169081121683,-0.334151208401,-0.366844147444,-0.265576332808,-0.087288849056,-0.025937011465,-0.073336631060,0.134440004826,0.344810724258,0.434013992548,0.464451551437,0.467318534851,0.463746279478,0.295825660229,0.277055829763,0.097673103213,-0.401212722063,-0.500784277916,-0.465903371572,-0.660997807980,-0.875318348408,-0.904904544353,-0.939004659653,-0.895613372326,-0.393031209707,-0.164024606347,-0.090602762997,0.174238726497,0.278208494186,0.582553505898,0.576276838779,0.414978653193,0.488565295935,0.326888382435,0.365448921919,0.297262609005,0.121972300112,0.036776226014,-0.209606364369,-0.259656518698,-0.421517074108,-0.410303235054,-0.347894191742,-0.420249283314,-0.034003194422,-0.028646430001,-0.025077294558,0.264975845814,0.069688841701,0.166112884879,0.399133145809,0.432745784521,0.622242629528,0.578973650932,0.503513038158,0.588591456413,0.509967088699,0.419637620449,0.386719375849,0.199550136924,-0.009563495405,-0.063311159611,-0.120428092778,-0.235488086939,-0.333449006081,-0.404024869204,-0.367681652308,-0.380638629198,-0.382128000259,-0.080131836236,0.016588700935,-0.026858367026,0.164639979601,0.159544825554,0.180715680122,0.141790598631,0.064858458936,0.291266292334,0.239212721586,0.252303242683,0.303527325392,0.027458801866,0.048499409109,-0.012909970246,-0.228596061468,-0.214836806059,-0.281329691410,-0.376199215651,-0.345403522253,-0.248680546880,-0.223593890667,-0.232218340039,-0.298840433359,-0.411649882793,-0.355999112129,-0.294650107622,-0.166742622852,0.014181300066,0.114248767495,0.276509135962,0.350992888212,0.367006599903,0.365692734718,0.314278304577,0.272930324078,0.223271131516,0.184920370579,0.078067392111,-0.008727991953,-0.169953957200,-0.378493964672,-0.436639755964,-0.469805330038,-0.311410158873,-0.111187256873,-0.073946408927,-0.027204781771,0.097642779350,0.282746434212,0.287189334631,0.358399897814,0.547305703163,0.512552440166,0.483872592449,0.610197663307,0.715705037117,0.513903975487,0.424921125174,0.384737700224,-0.082053929567,-0.186979949474,-0.232482001185,-0.438490808010,-0.347926199436,-0.404624015093,-0.325285345316,-0.209369197488,-0.204402521253,-0.193929076195,-0.317288637161,-0.106456473470,-0.080737963319,-0.161356881261,0.222987741232,0.324868410826,0.333157628775,0.429050058126,0.356345415115,0.322930663824,0.221725776792,0.140444800258,0.040592771024,-0.064621612430,-0.165954932570,-0.380224764347,-0.371034860611,-0.489772707224,-0.699819207191,-0.566053926945,-0.497305452824,-0.364087283611,-0.180739924312,-0.054008737206,0.102299451828,0.064312353730,0.179224893451,0.255015313625,0.205838516355,0.381664901972,0.428342610598,0.540945410728,0.555706918240,0.319090366364,0.289075374603,0.112247586250,-0.085139982402,-0.166009113193,-0.302150100470,-0.269205600023,-0.264912694693,-0.233861923218,-0.168343946338,-0.211783468723,-0.241491869092,-0.253821402788,-0.185319766402,-0.149203807116,-0.058659322560,0.040307722986,0.052641019225,0.230911165476,0.279266893864,0.308639556170,0.481371372938,0.415155798197,0.276259690523,0.171894654632,0.117614343762,0.016090679914,-0.159545853734,-0.134492427111,-0.365038722754,-0.702434122562,-0.515059113503,-0.405590504408,-0.509470462799,-0.286973774433,-0.026007650420,-0.016211502254,0.124606937170,0.358617484570,0.248737826943,0.265909105539,0.519624590874,0.507575094700,0.576830923557,0.432573586702,0.091523535550,0.297340959311,0.099030405283,-0.430566996336,-0.341758847237,-0.451733410358,-0.610777139664,-0.371105879545,-0.404819548130,-0.514721393585,-0.382982194424,-0.320907473564,-0.367337763309,-0.318355470896,-0.269554853439,-0.197283729911,0.104191623628,0.364535808563,0.515132308006,0.597596824169,0.457019835711,0.345467478037,0.349167138338,0.231810569763,0.100625060499,0.099142432213,0.056547738612,-0.022153064609,-0.122655294836,-0.341067999601,-0.447920203209,-0.338203668594,-0.126801267266,0.037974502891,0.182699292898,0.394068390131,0.421323359013,0.463632762432,0.654604375362,0.659087300301,0.619341194630,0.645914673805,0.583813965321,0.492051512003,0.511116206646,0.375398635864,0.128715470433,0.110592320561,-0.080163784325,-0.246625930071,-0.198372647166,-0.345524162054,-0.363700687885,-0.303705006838,-0.303943067789,-0.290306001902,-0.353505462408,-0.358564883471,-0.466223478317,-0.429824024439,-0.328718245029,-0.416970282793,-0.188991039991,-0.043377760798,0.001391220256,0.158121854067,0.076150506735,0.224367320538,0.311989039183,0.118651852012,0.012005669996,-0.278790742159,-0.449795275927,-0.439017981291,-0.534883975983,-0.657610297203,-0.660280764103,-0.511632204056,-0.554706573486,-0.418919265270,-0.103704147041,-0.060942552984,0.174802511930,0.343489199877,0.333453565836,0.487827628851,0.477967053652,0.482118844986,0.554297089577,0.511065840721,0.534639596939,0.543493807316,0.411753207445,0.205631971359,0.074389517307,-0.046570539474,-0.248291760683,-0.372776776552,-0.316352009773,-0.106467314065,-0.013000979088,-0.133894085884,-0.137149915099,-0.023306732997,0.008421747014,0.152523666620,0.344937086105,0.417041033506,0.511786043644,0.516599476337,0.526967644691,0.579249858856,0.520343661308,0.498838275671,0.318591088057,0.076005958021,-0.128211334348,-0.412097841501,-0.486607551575,-0.661666989326,-0.823105871677,-0.655377805233,-0.608323991299,-0.520492136478,-0.353694051504,-0.219759389758,0.019022835419,0.147622302175,0.220914170146,0.339716702700,0.412944197655,0.475437194109,0.539347767830,0.451620221138,0.386187523603,0.472760111094,0.305655330420,0.189772695303,0.145079553127,-0.207962483168,-0.369898438454,-0.406540483236,-0.485906273127,-0.437655806541,-0.408672243357,-0.358971923590,-0.265489786863,-0.257735908031,-0.316896885633,-0.133683860302,-0.033928986639,-0.175610303879,0.026363909245,0.210274636745,0.300438314676,0.373022913933,0.204487428069,0.281385928392,0.332837462425,0.232473924756,0.210724130273,0.034785784781,-0.032146904618,-0.109745956957,-0.222197562456,-0.280281543732,-0.510868310928,-0.551217377186,-0.483681768179,-0.435783535242,-0.274903446436,-0.110947206616,0.151555478573,0.289598733187,0.291075885296,0.345284342766,0.459191411734,0.575327455997,0.496228694916,0.552230536938,0.580491542816,0.374548852444,0.309249311686,0.092240013182,-0.106772489846,-0.184608668089,-0.353839576244,-0.291948854923,-0.322498142719,-0.516664147377,-0.503276109695,-0.335830897093,-0.284558087587,-0.440133482218,-0.368320435286,-0.165886580944,-0.003007159801,0.158219754696,0.210782006383,0.388046503067,0.438012748957,0.409427195787,0.542643189430,0.538698077202,0.465597212315,0.215027853847,-0.105565801263,-0.325749367476,-0.471592873335,-0.431686371565,-0.648297905922,-0.837452352047,-0.717517971992,-0.721612989902,-0.572242200375,-0.396980971098,-0.292194128036,-0.026592938229,0.168487772346,0.337619900703,0.448771923780,0.568661749363,0.687802851200,0.665027260780,0.694998025894,0.625094234943,0.563207566738,0.487429648638,0.163837715983,-0.053581107408,-0.221048787236,-0.322042971849,-0.229414045811,-0.182916343212,-0.124859757721,-0.030905108899,0.030916757882,0.026777969673,0.008823337965,-0.017907302827,-0.071299292147,0.007021818776,0.051230352372,0.088940903544,0.241838827729,0.326404333115,0.449688553810,0.492435097694,0.382706522942,0.379806786776,0.322518885136,0.158920630813,-0.012446985580,-0.289933413267,-0.464268535376,-0.454640030861,-0.593130767345,-0.800367116928,-0.798745572567,-0.721176683903,-0.647772312164,-0.478496402502,-0.272967964411,-0.146738499403,-0.012977219187,0.190767124295,0.266146540642,0.269332408905,0.305933892727,0.291414797306,0.327364444733,0.290927082300,0.169498577714,0.123286657035,-0.061690654606,-0.310722142458,-0.355312645435,-0.277564257383,-0.340825766325,-0.518930137157,-0.485510975122,-0.327053844929,-0.252619653940,-0.302616477013,-0.438713848591,-0.375384330750,-0.105340994895,0.093287922442,0.178836837411,0.309925317764,0.480589091778,0.555685937405,0.515928268433,0.428969860077,0.416974455118,0.371250540018,0.268053919077,0.161051988602,-0.057110849768,-0.236493110657,-0.347221940756,-0.406207889318,-0.424685657024,-0.484233647585,-0.484765201807,-0.401229947805,-0.174372330308,0.061209309846,0.249303877354,0.473339766264,0.561222493649,0.599780261517,0.649591922760,0.687572777271,0.700309932232,0.671507358551,0.601236879826,0.373864382505,0.251211017370,0.164255350828,-0.008981361985,-0.139589518309,-0.439760506153,-0.485211014748,-0.365166425705,-0.398292571306,-0.190263375640,-0.157083049417,-0.232676073909,-0.227123633027,-0.357746779919,-0.211808189750,-0.033930189908,0.027622779831,0.059340965003,-0.021405104548,0.078997418284,0.147399321198,0.138868227601,0.061078730971,-0.101346157491,-0.003356417641,-0.021835315973,-0.214112982154,-0.278080821037,-0.421435892582,-0.610181510448,-0.635402500629,-0.559269905090,-0.595133423805,-0.489333122969,-0.251305878162,-0.183152869344,-0.063315391541,-0.059814285487,-0.059023644775,0.109342746437,0.008399765939,0.038114175200,0.248464331031,0.188193187118,0.204678863287,0.258607894182,0.223367080092,0.244333088398,0.181574389338,0.028105875477,-0.113930761814,-0.088480383158,-0.071592316031,-0.121551856399,-0.033991437405,-0.025366958231,0.035842157900,0.049327194691,-0.105647452176,-0.098823904991,-0.067223064601,0.121799401939,0.238813981414,0.211576089263,0.386350691319,0.284014731646,0.278194516897,0.392883896828,0.231618970633,0.268444865942,0.172307565808,0.078391894698,0.082562178373,-0.156776621938,-0.211991623044,-0.282546579838,-0.410245627165,-0.451663166285,-0.480072915554,-0.300761908293,-0.134578928351,-0.039831873029,-0.030816808343,0.017112577334,0.223609283566,0.260246574879,0.318581700325,0.414461076260,0.449512779713,0.476043820381,0.281450122595,0.104331441224,0.034423988312,-0.053668059409,-0.203480601311,-0.401397764683,-0.433923929930,-0.407709419727,-0.334731608629,-0.298145651817,-0.354457259178,-0.331394463778,-0.383583873510,-0.404974758625,-0.365194886923,-0.270859330893,-0.141357287765,-0.108951032162,0.112465888262,0.225941210985,0.242422029376,0.360665768385,0.221369892359,0.266874402761,0.365153640509,0.281520426273,0.301944375038,0.142473652959,0.060020491481,0.021302325651,-0.152003690600,-0.190895617008,-0.220623835921,-0.160619840026,-0.067353822291,0.060098610818,0.196864694357,0.147331535816,0.129239201546,0.134560659528,0.224464833736,0.251265376806,0.200980469584,0.400465428829,0.476644635201,0.463528603315,0.382689803839,0.198765292764,0.232199281454,0.086978629231,-0.074321538210,-0.122041866183,-0.322559654713,-0.304760009050,-0.307396471500,-0.411646902561,-0.398902744055,-0.402390420437,-0.365316361189,-0.405751019716,-0.382973849773,-0.321808099747,-0.309683948755,-0.109701938927,0.022259766236,0.096871487796,0.112629927695,0.089685469866,0.203801274300,0.140749365091,0.117160372436,0.116264484823,-0.030378933996,-0.060413412750,-0.233221381903,-0.494703084230,-0.696433901787,-0.750782907009,-0.624409735203,-0.566280126572,-0.424824535847,-0.373403638601,-0.264822423458,0.070837721229,0.237532272935,0.439778834581,0.488016039133,0.489682286978,0.728817403316,0.715931713581,0.647525131702,0.540827274323,0.329104661942,0.260248273611,0.125486075878,-0.022182928398,-0.168879479170,-0.294989049435,-0.266152560711,-0.259693115950,-0.292805135250,-0.242253005505,-0.142009839416,-0.063086345792,0.016400596127,0.037060961127,0.020690236241,0.066305778921,0.247459098697,0.448361486197,0.416493028402,0.466682314873,0.507498681545,0.374026536942,0.373311638832,0.198221951723,0.078166864812,0.052411157638,-0.187334492803,-0.234660416842,-0.391200006008,-0.572725832462,-0.509956657887,-0.562157094479,-0.491547882557,-0.377841353416,-0.255665332079,0.001612453489,0.096914187074,0.131744652987,0.151960968971,0.208342358470,0.360487431288,0.393606036901,0.350166022778,0.294525802135,0.295601218939,0.300633102655,0.152214750648,-0.039584729820,-0.214243203402,-0.287409693003,-0.327649384737,-0.414466261864,-0.363855749369,-0.371388763189,-0.411363512278,-0.298609942198,-0.302098840475,-0.344560116529,-0.339606761932,-0.345727562904,-0.285568922758,-0.159672066569,0.074695579708,0.171467646956,0.112095229328,0.166374683380,0.293092787266,0.448300063610,0.466273128986,0.374579250813,0.220234379172,-0.040746327490,-0.149829685688,-0.219946920872,-0.342126846313,-0.456810802221,-0.587841868401,-0.576317131519,-0.487673223019,-0.346377611160,-0.180233642459,0.019149530679,0.330601215363,0.525399267673,0.549368441105,0.484780579805,0.541810691357,0.680713891983,0.690124034882,0.751042962074,0.627183437347,0.351999551058,0.253179788589,0.060065090656,-0.183562248945,-0.325587540865,-0.390221238136,-0.348323076963,-0.360606759787,-0.411548018456,-0.394194543362,-0.432694941759,-0.465990275145,-0.377901703119,-0.355898797512,-0.255001395941,0.007588821929,0.149755746126,0.326944470406,0.500717937946,0.532936871052,0.538479387760,0.455988466740,0.380054533482,0.263700693846,0.035758860409,-0.172600254416,-0.339463055134,-0.529057204723,-0.776471257210,-0.823680222034,-0.760107696056,-0.729470372200,-0.585532128811,-0.546101570129,-0.412918865681,-0.118254356086,0.031366180629,0.275684535503,0.457445681095,0.448593080044,0.508101701736,0.503497540951,0.568311572075,0.708023130894,0.598130881786,0.443469613791,0.387678205967,0.333869904280,0.304032653570,0.213282123208,0.013956986368,-0.137224212289,-0.103086285293,-0.044295236468,-0.106737911701,-0.155964434147,-0.214078277349,-0.355258345604,-0.307905703783,-0.016415523365,0.123182207346,0.133845776320,0.193020612001,0.171124875546,0.294759392738,0.498431712389,0.441218137741,0.463526159525,0.415556639433,0.133301720023,0.144967794418,0.030822494999,-0.257137715816,-0.271238356829,-0.596211194992,-0.872605741024,-0.754724204540,-0.884394764900,-0.848166704178,-0.600437223911,-0.531260132790,-0.279407531023,-0.061845853925,-0.037196908146,0.166246145964,0.466279715300,0.592271327972,0.570144534111,0.558605074883,0.446781247854,0.286943852901,0.263356506824,0.143523886800,-0.122007369995,-0.361242234707,-0.487118989229,-0.502945303917,-0.520007610321,-0.538267612457,-0.568116843700,-0.517063379288,-0.408333212137,-0.303083240986,-0.084565982223,-0.041849870235,-0.023339519277,0.246480241418,0.435400754213,0.624124526978,0.686755597591,0.616912007332,0.661350965500,0.501033306122,0.454172462225,0.495584428310,0.205663397908,0.099166870117,0.014069674537,-0.300215929747,-0.471699118614,-0.553562223911,-0.555436670780,-0.498532354832,-0.393422335386,-0.195193722844,0.003230643924,0.205540239811,0.295951694250,0.396991342306,0.489416509867,0.395574122667,0.465396672487,0.632341265678,0.668360710144,0.582915008068,0.421027481556,0.334653615952,0.109253540635,-0.045268889517,-0.079237528145,-0.338712096214,-0.435378462076,-0.461150914431,-0.475842624903,-0.323486566544,-0.313523173332,-0.180603981018,-0.090350143611,-0.295009791851,-0.298244655132,-0.139675661922,-0.079880557954,0.004376494326,0.197485566139,0.184531047940,0.189852699637,0.388281315565,0.160453617573,0.111820280552,0.266598969698,-0.068359240890,-0.054284919053,-0.080976873636,-0.394686549902,-0.339535772800,-0.591548323631,-0.696204781532,-0.554612457752,-0.706119298935,-0.435821771622,-0.205272659659,-0.136954724789,0.103077039123,0.049548503011,0.064416386187,0.203528225422,0.275194138288,0.401364684105,0.546476900578,0.557259619236,0.352854877710,0.418927133083,0.433480739594,0.109691858292,0.023477384821,-0.072069063783,-0.168622806668,-0.146039426327,-0.244962319732,-0.240282282233,-0.271998316050,-0.345129460096,-0.292498975992,-0.278009563684,-0.250664919615,-0.176266193390,0.057910941541,0.384807437658,0.521010160446,0.506936728954,0.512331068516,0.608384728432,0.631047904491,0.621199131012,0.615267097950,0.389185369015,0.128968223929,0.021006502211,-0.092847704887,-0.357704788446,-0.569148719311,-0.615431666374,-0.743011891842,-0.715672492981,-0.513898432255,-0.412137776613,-0.211356148124,0.049338124692,0.177841842175,0.179217785597,0.365715265274,0.623058617115,0.528422653675,0.482356905937,0.410688251257,0.285011112690,0.365610271692,0.187006562948,-0.010584820062,-0.167396962643,-0.431698262691,-0.439742177725,-0.434015393257,-0.420914053917,-0.390172183514,-0.386031270027,-0.283888489008,-0.308787167072,-0.286788910627,-0.284392446280,-0.318814814091,-0.080166980624,0.022451343015,0.010018290021,0.241794243455,0.363461047411,0.227668166161,0.270798474550,0.448900610209,0.408956795931,0.344931364059,0.283439517021,0.143296837807,-0.021516313776,-0.218165203929,-0.213799163699,-0.108331315219,-0.096747562289,-0.094183005393,-0.016129320487,0.076605610549,0.060365065932,0.255561262369,0.362846493721,0.163808956742,0.283020943403,0.351575344801,0.287798464298,0.439080655575,0.465253919363,0.454690456390,0.447044104338,0.318965017796,0.149203613400,0.028956484050,-0.016534246504,-0.154113024473,-0.285362124443,-0.301232546568,-0.318804144859,-0.373133450747,-0.360082417727,-0.315125703812,-0.418792545795,-0.449285894632,-0.429841279984,-0.471491843462,-0.230678528547,-0.047369949520,-0.050457786769,0.130607292056,0.189854621887,0.200312778354,0.259222030640,0.148527964950,0.009034795687,-0.163713917136,-0.176979199052,-0.164996549487,-0.336846798658,-0.363551229239,-0.498457312584,-0.663601398468,-0.579215109348,-0.549151241779,-0.414655506611,-0.157459676266,-0.045521561056,0.059195246547,0.224161282182,0.332758367062,0.414421766996,0.495156496763,0.505007743835,0.562932610512,0.559570908546,0.493167668581,0.611911058426,0.441141456366,0.107109077275,0.110066264868,-0.014325332828,-0.179907649755,-0.173706069589,-0.232889547944,-0.207920551300,-0.136385574937,-0.112747304142,-0.018885634840,-0.024099718779,-0.139199793339,0.023092497140,0.213694393635,0.184898495674,0.336907267570,0.431414127350,0.350481599569,0.385204881430,0.428175479174,0.370064675808,0.156289562583,0.124180994928,0.158627882600,-0.043088614941,-0.100827634335,-0.225878208876,-0.402253568172,-0.470307707787,-0.534363865852,-0.374587297440,-0.350009679794,-0.364369601011,-0.184607684612,-0.070670105517,0.049532145262,0.110364601016,0.187568634748,0.147047132254,0.131320983171,0.281034141779,0.183155655861,0.240121245384,0.229332432151,0.075242772698,0.235230118036,0.028441967443,-0.221197113395,-0.220107346773,-0.401914119720,-0.403073728085,-0.324273675680,-0.320540100336,-0.294057756662,-0.220364391804,-0.211051478982,-0.313907444477,-0.196871146560,-0.214964345098,-0.256679832935,-0.007876696996,0.147123366594,0.374289244413,0.458841800690,0.348516613245,0.391026973724,0.377725124359,0.341096162796,0.251322180033,0.038876648992,-0.172403767705,-0.311253517866,-0.381276071072,-0.487108975649,-0.584349155426,-0.604143023491,-0.473727911711,-0.280569970608,-0.105385236442,0.067096918821,0.113497570157,0.165784105659,0.290632426739,0.456614762545,0.579892396927,0.520305991173,0.576880872250,0.709589898586,0.658978641033,0.532017886639,0.266834914684,-0.020461315289,-0.132650822401,-0.259377986193,-0.365187436342,-0.339156538248,-0.365332424641,-0.333239078522,-0.233555123210,-0.301366776228,-0.357297986746,-0.369997411966,-0.381885588169,-0.235626772046,-0.073986537755,-0.007421940565,0.101583369076,0.230499953032,0.258897513151,0.342666476965,0.417873114347,0.321629494429,0.246841654181,0.041452668607,-0.224753633142,-0.265790641308,-0.345656692982,-0.466207116842,-0.560340106487,-0.694082677364,-0.721097588539,-0.620540857315,-0.400449812412,-0.195951864123,-0.044446896762,0.168400645256,0.336997121572,0.545053362846,0.635704934597,0.511946618557,0.533377110958,0.508169233799,0.447639256716,0.455154448748,0.331031322479,0.311605602503,0.195817872882,-0.033003292978,-0.072973750532,-0.160802379251,-0.188526779413,-0.131674870849,-0.145791456103,-0.068025082350,0.071757942438,0.031064763665,-0.069585315883,0.049667391926,0.097956292331,0.089356891811,0.232997924089,0.284467309713,0.306835800409,0.352134883404,0.322872012854,0.260926216841,0.246460154653,0.217148214579,0.097147926688,0.010366323404,-0.202665805817,-0.423099815845,-0.425956219435,-0.562252104282,-0.769950926304,-0.783295452595,-0.702228605747,-0.655110955238,-0.538470089436,-0.260765224695,-0.090124309063,-0.003057593480,0.136671185493,0.250532120466,0.325834959745,0.314392477274,0.287786602974,0.261031299829,0.292562425137,0.281393617392,0.121843166649,0.064973764122,-0.108365461230,-0.356791794300,-0.483585178852,-0.570180177689,-0.448647886515,-0.424617677927,-0.372688382864,-0.200606286526,-0.303774833679,-0.276987224817,-0.216106086969,-0.168538406491,0.125595897436,0.284156203270,0.388006091118,0.522765219212,0.611319243908,0.576267778873,0.510495364666,0.612997531891,0.466754168272,0.302483767271,0.264903038740,0.025140469894,-0.106748849154,-0.229664295912,-0.392082393169,-0.437944203615,-0.445471674204,-0.386178344488,-0.323397487402,-0.188542604446,-0.083830699325,0.036269035190,0.221360698342,0.224171161652,0.264443546534,0.293135374784,0.298840790987,0.411954164505,0.359524756670,0.303725779057,0.291077762842,0.237217038870,0.168235912919,-0.044617541134,-0.204210266471,-0.311195909977,-0.434268802404,-0.434187412262,-0.414378494024,-0.384219557047,-0.347961843014,-0.355145096779,-0.342548519373,-0.357499748468,-0.378524243832,-0.332876801491,-0.241304710507,-0.095108218491,0.021229520440,0.061427664012,0.213087156415,0.376387834549,0.309512853622,0.226859301329,0.175096139312,0.034006617963,-0.064683482051,-0.187246114016,-0.359283298254,-0.457745581865,-0.529001176357,-0.609341263771,-0.612043738365,-0.536583244801,-0.480532258749,-0.324398279190,-0.096638597548,0.033223453909,0.147876068950,0.196474969387,0.217399835587,0.343146324158,0.455147773027,0.521163284779,0.567172169685,0.573647022247,0.544865548611,0.486635535955,0.333625674248,0.087441265583,-0.091120757163,-0.209332525730,-0.266317188740,-0.266899675131,-0.314976722002,-0.320285677910,-0.261168628931,-0.190263077617,-0.215275168419,-0.321408301592,-0.218073874712,-0.127036124468,-0.158718809485,0.078178018332,0.229512020946,0.199419885874,0.428709387779,0.501815021038,0.386342376471,0.423218756914,0.356392711401,0.269876301289,0.189317971468,-0.032036881894,-0.233907803893,-0.420077890158,-0.600541710854,-0.674827635288,-0.583317101002,-0.465055376291,-0.433577656746,-0.347537457943,-0.203570127487,-0.062364395708,0.052136883140,0.217198655009,0.319033801556,0.278881609440,0.401782274246,0.395680963993,0.267168343067,0.348860621452,0.232188165188,0.043868929148,-0.044758908451,-0.215957537293,-0.322189480066,-0.400214016438,-0.480867445469,-0.501156091690,-0.400767475367,-0.304950535297,-0.303438365459,-0.224969536066,-0.213542506099,-0.128233402967,0.049555350095,0.055450245738,0.182179138064,0.227659121156,0.168120175600,0.379712134600,0.453378885984,0.355931550264,0.276291638613,0.204958051443,0.317125856876,0.300927996635,0.121946163476,0.080832988024,-0.013581901789,-0.144325897098,-0.246685221791,-0.310657620430,-0.214372232556,-0.184103593230,-0.158801198006,-0.009241431020,0.032764308155,0.099469073117,0.211378633976,0.243574365973,0.345332592726,0.435429096222,0.486187875271,0.584959089756,0.572388589382,0.425864845514,0.250872254372,0.062096342444,-0.086858168244,-0.222688853741,-0.396286964417,-0.498168706894,-0.546370327473,-0.566907167435,-0.500137090683,-0.480791598558,-0.491549611092,-0.490390270948,-0.502191841602,-0.404016852379,-0.303596794605,-0.173757731915,0.009803243913,0.054051842541,0.193824529648,0.406990498304,0.431431293488,0.364863067865,0.248317882419,0.161547869444,0.047724798322,-0.133593171835,-0.263353884220,-0.435428678989,-0.558199882507,-0.594804048538,-0.634516417980,-0.573040485382,-0.440643548965,-0.346348732710,-0.199005633593,0.009122021496,0.057315725833,0.195170283318,0.457177132368,0.504177153111,0.589263141155,0.606583356857,0.502800226212,0.498408198357,0.423200726509,0.424115568399,0.360009640455,0.146121338010,-0.013828471303,-0.237224131823,-0.255152314901,-0.168530911207,-0.213894918561,-0.165055483580,-0.129886955023,-0.130412220955,-0.171393737197,-0.214216738939,-0.131776168942,-0.052641600370,-0.038053732365,-0.045872297138,0.097398854792,0.244330123067,0.327486574650,0.445165157318,0.303235888481,0.223245009780,0.224571064115,-0.029472792521,-0.143287628889,-0.231346368790,-0.389706343412,-0.462470829487,-0.570031225681,-0.603544890881,-0.569336712360,-0.466452866793,-0.375521957874,-0.294747382402,-0.128331989050,-0.036868106574,0.098713248968,0.170250475407,0.200413450599,0.347578287125,0.352978974581,0.368766784668,0.343343019485,0.277869403362,0.275143951178,0.106629081070,0.029330631718,-0.150923103094,-0.427419245243,-0.352522343397,-0.311755567789,-0.356142610312,-0.364950031042,-0.351660579443,-0.227172613144,-0.205244883895,-0.247990891337,-0.284516006708,-0.241304636002,-0.110026471317,-0.066461771727,0.056746907532,0.218899801373,0.326948285103,0.401974976063,0.376204639673,0.394083410501,0.313437014818,0.173537090421,0.205135032535,0.093661442399,-0.113941572607,-0.221841499209,-0.364805340767,-0.417871922255,-0.375107973814,-0.377650976181,-0.338488548994,-0.157581225038,0.040601890534,0.116172485054,0.274393737316,0.462738335133,0.383307546377,0.314677804708,0.423404514790,0.439300954342,0.461390078068,0.527792334557,0.408464193344,0.230801552534,0.094481877983,-0.066027805209,-0.283784925938,-0.456685513258,-0.411200642586,-0.412547320127,-0.433283686638,-0.286222100258,-0.232920214534,-0.226811170578,-0.243316963315,-0.233761623502,-0.108231961727,-0.067984707654,-0.007627001964,0.103612162173,0.095571815968,-0.002181555843,-0.022846993059,0.071211665869,0.088923744857,0.028725836426,-0.101112991571,-0.292064011097,-0.359110116959,-0.332058697939,-0.409419208765,-0.543763518333,-0.560204148293,-0.573650598526,-0.565992176533,-0.403541922569,-0.241168931127,-0.066266760230,0.142994523048,0.287418633699,0.384046554565,0.447735756636,0.513727068901,0.551656663418,0.578527927399,0.606152772903,0.596718609333,0.572258114815,0.495668113232,0.460154622793,0.333349704742,0.038336474448,-0.113151788712,-0.167325988412,-0.150315448642,-0.065326154232,-0.045869983733,-0.010200484656,-0.016040900722,-0.027644177899,0.045786082745,0.066728092730,0.016503652558,0.043596848845,0.179709821939,0.310955703259,0.489601880312,0.673608601093,0.680277347565,0.545272886753,0.319389909506,0.129234969616,0.040229991078,-0.120998367667,-0.355628192425,-0.557104945183,-0.679632663727,-0.751550674438,-0.813552975655,-0.810231029987,-0.751654028893,-0.632982850075,-0.447129279375,-0.253417253494,-0.088887132704,0.023046610877,0.070571593940,0.215092062950,0.473326981068,0.479854494333,0.590312421322,0.774929821491,0.366519868374,0.187122061849,0.249011069536,-0.204271927476,-0.385553181171,-0.326517105103,-0.576772212982,-0.566105663776,-0.357716262341,-0.480976521969,-0.479428201914,-0.187455520034,-0.115219160914,-0.083629265428,0.066440023482,0.071182936430,0.092592917383,0.282457619905,0.388776779175,0.362602800131,0.419401079416,0.538568019867,0.576793134212,0.476368248463,0.375102102757,0.310874789953,0.121376819909,-0.049382694066,-0.231311634183,-0.401155203581,-0.438618749380,-0.570742368698,-0.574079811573,-0.477117687464,-0.417716354132,-0.165535122156,0.005103508942,0.209372326732,0.468671560287,0.478124648333,0.585079371929,0.665998935699,0.550671577454,0.544578731060,0.552135765553,0.465079903603,0.351852118969,0.260681897402,0.117309704423,-0.068710401654,-0.244305655360,-0.466525465250,-0.491941243410,-0.465822756290,-0.526732981205,-0.388478577137,-0.313926488161,-0.298290282488,-0.242567792535,-0.269089937210,-0.144210115075,0.050827167928,0.207722708583,0.294019192457,0.355370610952,0.484360545874,0.517709910870,0.600236892700,0.494870245457,0.220607846975,0.215037763119,0.017437800765,-0.195423185825,-0.304719150066,-0.623720407486,-0.734772801399,-0.885819435120,-0.940197765827,-0.724472641945,-0.709635674953,-0.485511660576,-0.225143641233,-0.142717108130,0.086020879447,0.207965970039,0.315357744694,0.499325990677,0.587589323521,0.605753660202,0.615201532841,0.555848181248,0.478481054306,0.452987521887,0.111591048539,-0.042327724397,0.060235619545,-0.339757651091,-0.379532545805,-0.241659492254,-0.503420233727,-0.291789025068,-0.139016076922,-0.236343339086,-0.102183602750,-0.129464879632,-0.072288960218,0.110308855772,0.196795925498,0.405876666307,0.528762876987,0.465838491917,0.522843539715,0.670303881168,0.602207720280,0.587419688702,0.626282095909,0.270340681076,0.080283120275,-0.098763436079,-0.523279130459,-0.506375968456,-0.634660184383,-0.722755551338,-0.432578474283,-0.560063242912,-0.469115346670,-0.192488357425,-0.149618551135,0.105721965432,0.148434668779,0.297291994095,0.671019792557,0.537405550480,0.450769454241,0.481938213110,0.285055786371,0.330781072378,0.357332199812,0.126659393311,-0.032512214035,-0.334746450186,-0.656707048416,-0.590841352940,-0.575742781162,-0.719915688038,-0.619858980179,-0.495681405067,-0.405087858438,-0.319701403379,-0.340208232403,-0.183151513338,-0.034707155079,0.075623832643,0.352893531322,0.434321343899,0.518690824509,0.678236961365,0.637794613838,0.706655383110,0.685477077961,0.452483713627,0.431552946568,0.333511829376,0.067269802094,-0.018793120980,-0.204965263605,-0.443994283676,-0.430372387171,-0.427240639925,-0.395944297314,-0.252416133881,-0.136949703097,0.034198090434,0.154749393463,0.220932543278,0.382427453995,0.497434288263,0.473729461432,0.502320528030,0.652923941612,0.637205600739,0.564700603485,0.539654910564,0.301443487406,0.072693429887,-0.134644880891,-0.342491894960,-0.390132635832,-0.427580475807,-0.454104393721,-0.565089046955,-0.590462863445,-0.559281051159,-0.602390289307,-0.414890885353,-0.449703037739,-0.546111643314,-0.354144304991,-0.264553546906,-0.033301223069,0.162876784801,0.247550204396,0.320960789919,0.255063593388,0.404942482710,0.367259949446,0.162533611059,0.174669191241,0.052869305015,-0.091322183609,-0.219448119402,-0.445281237364,-0.764874756336,-0.770941615105,-0.546048045158,-0.618923604488,-0.274694025517,0.096955917776,0.040237456560,0.335825920105,0.428869515657,0.396705776453,0.603830635548,0.525340616703,0.620021820068,0.789615631104,0.677528798580,0.641407072544,0.472843647003,0.304993033409,0.246206715703,0.058100722730,-0.053562197834,-0.192522495985,-0.345416933298,-0.285766571760,-0.129785910249,-0.126729130745,-0.165746971965,-0.049250066280,-0.179672062397,-0.248211652040,0.025902971625,0.120440527797,0.155021712184,0.218944847584,0.414608627558,0.542478561401,0.328472822905,0.341700762510,0.253471881151,-0.012187943794,0.001267892891,-0.149114146829,-0.290896087885,-0.367221534252,-0.502348303795,-0.448878943920,-0.597755551338,-0.732444286346,-0.588431894779,-0.512566864491,-0.303529024124,-0.098506815732,-0.093196824193,-0.013995839283,0.136214211583,0.323262572289,0.434872746468,0.482592731714,0.508836984634,0.408679306507,0.453531742096,0.488494306803,0.269783288240,0.076181776822,-0.045820552856,-0.166443631053,-0.412115514278,-0.444442421198,-0.184867024422,-0.246458053589,-0.260788083076,-0.117923490703,-0.223344072700,-0.252421766520,-0.244002923369,-0.249796628952,-0.130508214235,-0.126137703657,-0.068427033722,0.259954094887,0.419728279114,0.353657066822,0.497722685337,0.470619231462,0.256233125925,0.403321504593,0.268831133842,0.008385646157,0.103256389499,-0.198861688375,-0.493488639593,-0.512357115746,-0.647296607494,-0.613711893559,-0.498958408833,-0.322229027748,-0.184100300074,-0.042601730675,0.234832152724,0.251894831657,0.339752018452,0.524345815182,0.496660798788,0.549389183521,0.585177481174,0.628883421421,0.639648079872,0.459708899260,0.298207730055,0.059101320803,-0.195307180285,-0.334230244160,-0.449741095304,-0.452950775623,-0.371137022972,-0.326627820730,-0.327982932329,-0.302767187357,-0.338494688272,-0.386850327253,-0.224647402763,-0.046552561224,0.067796640098,0.228693872690,0.386712342501,0.461562544107,0.397496104240,0.380220711231,0.405570179224,0.265704929829,0.173258855939,0.117191344500,-0.198385402560,-0.422656416893,-0.522179365158,-0.741566717625,-0.736170530319,-0.693730533123,-0.749308347702,-0.639757156372,-0.386673450470,-0.027839355171,0.155629947782,0.234338447452,0.390298962593,0.511214852333,0.624633789063,0.636556446552,0.611015379429,0.585965394974,0.614726126194,0.646170139313,0.518597960472,0.495825111866,0.419683724642,0.156115457416,-0.162482246757,-0.358841925859,-0.173781096935,-0.173042342067,-0.272182226181,0.020489303395,0.038506608456,-0.217551082373,-0.144050464034,-0.112376704812,-0.291688084602,-0.059583861381,0.278525888920,0.378310859203,0.584039986134,0.515334546566,0.385798364878,0.468602061272,0.273128151894,0.156793162227,0.135428547859,-0.148803874850,-0.337899267673,-0.368646293879,-0.555610895157,-0.819002270699,-0.850413918495,-0.827762842178,-0.767215490341,-0.513049185276,-0.407776236534,-0.215164288878,0.126272529364,0.132502868772,0.160242125392,0.277859151363,0.268248021603,0.368374496698,0.371657073498,0.276931971312,0.344865918159,0.313953846693,0.085479445755,-0.197680830956,-0.428090572357,-0.503235995770,-0.539054095745,-0.521325230598,-0.392580389977,-0.302574574947,-0.261483222246,-0.202818110585,-0.123567782342,-0.072351343930,0.019007781520,0.105754256248,0.180044129491,0.382770508528,0.416422605515,0.474926620722,0.678008139133,0.587477028370,0.585179507732,0.612945020199,0.374114304781,0.202052652836,0.009243172593,-0.195520639420,-0.292751222849,-0.362479001284,-0.442582309246,-0.501769363880,-0.434214085340,-0.337363123894,-0.254033803940,-0.113518603146,0.093003444374,0.261148601770,0.319791287184,0.363613337278,0.398689746857,0.435299873352,0.403020709753,0.417189478874,0.568057417870,0.503195524216,0.352473050356,0.369601726532,0.286698698997,0.000874994264,-0.312540143728,-0.529510855675,-0.578387558460,-0.523805499077,-0.555362105370,-0.554119467735,-0.486405044794,-0.504631638527,-0.456431955099,-0.458968162537,-0.514505743980,-0.400724679232,-0.284780859947,-0.040474992245,0.209819614887,0.217150688171,0.316920399666,0.383072912693,0.300656676292,0.233612939715,0.163259595633,0.112492904067,-0.039434116334,-0.223799198866,-0.426052331924,-0.622840762138,-0.673748910427,-0.777291536331,-0.807223320007,-0.739818871021,-0.610090494156,-0.310677319765,-0.146774977446,0.018337244168,0.184608504176,0.209983304143,0.326185792685,0.449445307255,0.610211491585,0.665309190750,0.680199503899,0.763074755669,0.579751133919,0.457952588797,0.338553041220,0.066654279828,-0.049448989332,-0.243717446923,-0.432969450951,-0.447200387716,-0.370076417923,-0.249934464693,-0.267652809620,-0.381873875856,-0.384330332279,-0.186391562223,-0.023815881461,0.052116118371,0.221100211143,0.416713595390,0.601119816303,0.658826470375,0.602690219879,0.551645934582,0.443463653326,0.339483797550,0.231854692101,0.036041744053,-0.198991432786,-0.357933044434,-0.434749156237,-0.601975440979,-0.760082960129,-0.783009052277,-0.801757991314,-0.621484339237,-0.350918114185,-0.276448696852,-0.048468593508,0.181688532233,0.254914879799,0.449376314878,0.542105317116,0.562319517136,0.589142739773,0.530022740364,0.516582310200,0.452097773552,0.294874250889,0.043652310967,-0.263795465231,-0.430316954851,-0.549849629402,-0.618390560150,-0.476626306772,-0.406026214361,-0.518871307373,-0.537669479847,-0.539107203484,-0.495542734861,-0.355058848858,-0.319791555405,-0.191363722086,0.016561191529,0.188766524196,0.388099640608,0.489863902330,0.640399098396,0.732183754444,0.685736477375,0.683074235916,0.539498448372,0.379372179508,0.229671418667,-0.037641424686,-0.186034381390,-0.301578521729,-0.516796946526,-0.637270092964,-0.566942453384,-0.454463362694,-0.353072136641,-0.167705789208,0.019072463736,0.128982543945,0.224856942892,0.347621530294,0.415804475546,0.470588982105,0.566240191460,0.570666670799,0.610073924065,0.598404824734,0.413101434708,0.188316076994,-0.179089054465,-0.411973059177,-0.511317193508,-0.655801415443,-0.656028985977,-0.726712584496,-0.686619579792,-0.506051659584,-0.485247135162,-0.471822112799,-0.502295792103,-0.467806786299,-0.307278633118,-0.109497830272,0.126671358943,0.239779964089,0.276211559772,0.352969199419,0.421001613140,0.347294658422,0.199646279216,0.072986528277,-0.113118149340,-0.236528769135,-0.337986975908,-0.502890467644,-0.608669877052,-0.690130770206,-0.719895899296,-0.607851088047,-0.509388506413,-0.437312871218,-0.212917655706,0.019874097779,0.234057977796,0.407469600439,0.456616491079,0.508253097534,0.483233481646,0.598365843296,0.721236050129,0.654621660709,0.691877126694,0.520776033401,0.333119988441,0.254312247038,-0.006991184782,-0.172397568822,-0.297673225403,-0.310742408037,-0.246192961931,-0.238194093108,-0.158410862088,-0.140936523676,-0.135362595320,-0.236719325185,-0.284356147051,-0.190931528807,-0.101966090500,0.140625774860,0.194476842880,0.271496087313,0.383660823107,0.262952148914,0.346076577902,0.278304100037,0.103233821690,0.064371481538,0.029787983745,0.017436591908,-0.273348718882,-0.468621850014,-0.606903851032,-0.772528529167,-0.593606472015,-0.635235130787,-0.719194412231,-0.506236076355,-0.356804192066,-0.221942692995,-0.116683043540,-0.045002676547,0.048514652997,0.179888457060,0.214755252004,0.207564681768,0.401562333107,0.474102497101,0.505493462086,0.478749394417,0.233309641480,0.155814588070,-0.062479186803,-0.251143783331,-0.198327481747,-0.395707398653,-0.402428269386,-0.325469732285,-0.479877293110,-0.438311249018,-0.471411347389,-0.577601790428,-0.445647269487,-0.260567158461,-0.086430385709,0.079441122711,0.296763330698,0.434122771025,0.411778658628,0.430663406849,0.350899606943,0.301619619131,0.378212422132,0.274897068739,0.157282456756,0.028658736497,-0.214544996619,-0.356956690550,-0.478492617607,-0.595397710800,-0.612125337124,-0.542130112648,-0.368818134069,-0.254238784313,-0.153347536922,0.032582283020,0.077178217471,0.103713482618,0.234088569880,0.327745497227,0.506296455860,0.628939270973,0.496428459883,0.386050969362,0.396842986345,0.328530490398,0.091485209763,-0.197426348925,-0.365156203508,-0.423502296209,-0.463879108429,-0.400275826454,-0.269573628902,-0.262427628040,-0.279902100563,-0.322072952986,-0.397760540247,-0.405965507030,-0.433765500784,-0.258707940578,0.035269677639,0.122601427138,0.243359088898,0.314000129700,0.251351296902,0.309682995081,0.327427446842,0.303941726685,0.255711823702,-0.013033130206,-0.202995121479,-0.272009044886,-0.386053234339,-0.422148376703,-0.492706567049,-0.500566661358,-0.407854706049,-0.319873362780,-0.137930929661,-0.023452728987,0.015691418201,0.052312575281,0.164056211710,0.312245517969,0.351077795029,0.509836852551,0.545069456100,0.584419786930,0.829758703709,0.701801955700,0.526064515114,0.378721535206,0.157136440277,0.127171099186,-0.057652294636,-0.107495404780,-0.071897625923,-0.237592652440,-0.166080206633,-0.058611854911,-0.069323047996,-0.163378223777,-0.302775502205,-0.232137084007,-0.071722298861,0.034603200853,0.022069906816,0.102237187326,0.243524134159,0.147044524550,0.190309554338,0.212193310261,0.081183046103,0.095121249557,-0.060125309974,-0.170384302735,-0.248870968819,-0.443082362413,-0.454799830914,-0.708829104900,-0.938884139061,-0.804592251778,-0.721703529358,-0.561539947987,-0.369016408920,-0.175844505429,0.038852028549,0.133759945631,0.193850457668,0.203971654177,0.321230679750,0.417521297932,0.434597074986,0.463888019323,0.272347211838,0.202830865979,0.150631606579,-0.104093439877,-0.244124501944,-0.412381380796,-0.495194613934,-0.476233720779,-0.436246752739,-0.330432146788,-0.305002838373,-0.207558140159,-0.154915660620,-0.125227719545,0.037595361471,0.156673103571,0.251849502325,0.359975457191,0.554322421551,0.640471458435,0.616495966911,0.646266818047,0.535803854465,0.514816939831,0.451474398375,0.163919448853,-0.020873479545,-0.198367640376,-0.335398167372,-0.351752161980,-0.430228233337,-0.573979735374,-0.566612720490,-0.437888711691,-0.327669888735,-0.083182752132,0.072872534394,0.152810648084,0.313049703836,0.286390960217,0.261556804180,0.372341394424,0.519739747047,0.562538981438,0.555981040001,0.566579937935,0.304441541433,0.121354937553,-0.011050874367,-0.267741113901,-0.265209466219,-0.349209219217,-0.455945193768,-0.372568070889,-0.354942649603,-0.247590944171,-0.175947710872,-0.285603523254,-0.318116486073,-0.217868596315,-0.180189564824,-0.152768418193,-0.024909276515,0.100290484726,0.236278533936,0.238814681768,0.193647071719,0.288408935070,0.280311256647,0.230870828032,0.158844038844,-0.028431612998,-0.195276662707,-0.384589970112,-0.499971151352,-0.545979976654,-0.642716586590,-0.604947149754,-0.512948155403,-0.417341530323,-0.241511121392,-0.126744717360,0.003216109239,0.099417552352,0.160644769669,0.298172116280,0.286486446857,0.315484464169,0.503847897053,0.562749326229,0.535612463951,0.442652046680,0.284994125366,0.095237776637,-0.117206491530,-0.291733235121,-0.452182412148,-0.460064202547,-0.384613037109,-0.401441127062,-0.356048047543,-0.329431295395,-0.365950793028,-0.328078478575,-0.297289669514,-0.156498834491,0.081688769162,0.228653445840,0.503944993019,0.730822443962,0.674432635307,0.628786563873,0.583300471306,0.599995374680,0.596372127533,0.368989020586,0.098421081901,-0.250124573708,-0.416489303112,-0.526466667652,-0.785243809223,-0.812071919441,-0.976076304913,-0.932886958122,-0.473556727171,-0.340825051069,-0.170768275857,0.060627963394,0.160941898823,0.407895922661,0.543478667736,0.489562153816,0.576998353004,0.699518203735,0.508391082287,0.522429585457,0.582497000694,0.220225080848,0.145672813058,-0.054191675037,-0.416510373354,-0.389936774969,-0.555372059345,-0.590747952461,-0.462038427591,-0.416582047939,-0.175137311220,-0.152191817760,-0.175560921431,-0.118246980011,-0.096946701407,0.142700314522,0.281470894814,0.396344244480,0.561658799648,0.517842829227,0.603406846523,0.752746343613,0.676399946213,0.604171216488,0.579073607922,0.403256565332,0.224192827940,0.119908355176,-0.119714371860,-0.279899924994,-0.374903917313,-0.557900905609,-0.497432738543,-0.417025595903,-0.370721429586,-0.146965622902,-0.074552454054,0.072472497821,0.306058257818,0.324032872915,0.387838900089,0.438908010721,0.577285110950,0.842713594437,0.803693711758,0.575774490833,0.393974274397,0.124966979027,-0.219010442495,-0.397519320250,-0.590471029282,-0.820612072945,-0.753625869751,-0.723158836365,-0.784278810024,-0.706906914711,-0.677366197109,-0.639804005623,-0.530140459538,-0.414922326803,-0.297394990921,-0.134191051126,0.079307712615,0.253366380930,0.328639835119,0.378578782082,0.468094557524,0.373665422201,0.265588343143,0.258710622787,0.045680526644,-0.010630912147,-0.015264839865,-0.304685115814,-0.498254656792,-0.689703285694,-0.783291280270,-0.762922406197,-0.786601841450,-0.466010361910,-0.291246384382,-0.252364814281,0.195664942265,0.381843954325,0.425635516644,0.671532213688,0.727041244507,0.777273356915,0.904958844185,0.937789440155,0.905187606812,0.842282593250,0.663710355759,0.398074805737,0.184728682041,-0.079044111073,-0.224714145064,-0.180419415236,-0.166670292616,-0.138368189335,-0.186329394579,-0.269468426704,-0.231794863939,-0.222478941083,-0.248489335179,-0.156740009785,-0.051974095404,0.059136942029,0.338607639074,0.442846387625,0.421375840902,0.653777003288,0.708578109741,0.566675662994,0.551475048065,0.385777533054,0.158708900213,0.035267561674,-0.201897844672,-0.385433286428,-0.550105333328,-0.812057971954,-0.766512989998,-0.644931852818,-0.639328062534,-0.381113320589,-0.192036554217,-0.075134918094,0.158732131124,0.150663480163,0.269491046667,0.461345672607,0.370386213064,0.491443425417,0.467199921608,0.305129885674,0.458895772696,0.354873716831,0.218388795853,0.098189689219,-0.250405818224,-0.326384842396,-0.428535699844,-0.517736077309,-0.369521677494,-0.419604003429,-0.377928733826,-0.247963756323,-0.419205904007,-0.434388875961,-0.207695409656,-0.171719700098,-0.010821697302,0.275320082903,0.295517414808,0.373640418053,0.458523631096,0.439085185528,0.495768040419,0.379538267851,0.246419131756,0.222068414092,0.067961305380,-0.102657802403,-0.269168972969,-0.512548446655,-0.701622724533,-0.715343117714,-0.686823070049,-0.637209951878,-0.416209250689,-0.164160683751,0.034595496953,0.146587431431,0.309695333242,0.526472151279,0.485142409801,0.559654176235,0.733199059963,0.675992369652,0.642418622971,0.584938526154,0.556378483772,0.435252904892,0.156406253576,0.022829299793,-0.189051523805,-0.412864655256,-0.339985579252,-0.159630998969,-0.288076370955,-0.376112878323,-0.198787719011,-0.425417900085,-0.416305780411,-0.168909147382,-0.354606986046,-0.218057021499,-0.040154285729,0.042673718184,0.233438566327,0.237138286233,0.431181937456,0.481211692095,0.390455961227,0.407587945461,0.181472465396,0.072557896376,-0.065906040370,-0.328347295523,-0.319241017103,-0.444873571396,-0.580890417099,-0.471653103828,-0.456946521997,-0.370803415775,-0.210584089160,-0.061864543706,0.082048282027,0.135049939156,0.318692058325,0.431821256876,0.497890442610,0.661876618862,0.670981287956,0.706536889076,0.722189843655,0.689346194267,0.609734475613,0.430824160576,0.355811268091,0.154836103320,-0.054952632636,-0.174127161503,-0.211482390761,-0.087916471064,-0.284549087286,-0.316177338362,-0.092923596501,-0.247764363885,-0.190783098340,-0.025847401470,-0.022576874122,0.154035165906,0.211753383279,0.267444074154,0.492533385754,0.559438228607,0.462432831526,0.325383335352,0.178227022290,0.055595453829,-0.057495843619,-0.266616463661,-0.514425098896,-0.590059340000,-0.647809445858,-0.771930813789,-0.828127443790,-0.854488313198,-0.660587966442,-0.374684184790,-0.242634758353,-0.093316175044,0.003504142864,-0.012911048718,-0.129519820213,0.030538218096,0.353733927011,0.212761536241,0.271520972252,0.478637427092,0.263721048832,0.253922909498,0.321511894464,0.012092249468,-0.270906418562,-0.227164775133,-0.228312298656,-0.269427239895,-0.205571621656,-0.397353261709,-0.287464261055,-0.054172329605,-0.264352440834,-0.081374295056,-0.063956901431,-0.355657488108,-0.027333032340,0.164948329329,0.211106106639,0.453131884336,0.482638239861,0.576754689217,0.689118623734,0.642672479153,0.598503768444,0.478837668896,0.262309044600,0.135403141379,0.049008578062,-0.221238642931,-0.354653030634,-0.279181867838,-0.378491431475,-0.399594664574,-0.228453353047,-0.118315130472,0.020085560158,0.180741742253,0.241797626019,0.246092036366,0.320062786341,0.454486638308,0.469301193953,0.509406745434,0.645831406116,0.546526908875,0.354512661695,0.270430803299,0.055909678340,-0.126472383738,-0.165749102831,-0.312864989042,-0.420803010464,-0.364688366652,-0.328203380108,-0.313594698906,-0.211878284812,-0.230664744973,-0.430977791548,-0.351841688156,-0.177484884858,-0.226852118969,-0.039769250900,0.210740521550,0.239738404751,0.328336119652,0.349438756704,0.298769384623,0.278804898262,0.219223678112,0.120933927596,-0.073299862444,-0.237815544009,-0.376193672419,-0.501900732517,-0.597918093204,-0.754587292671,-0.774488151073,-0.732802093029,-0.648289263248,-0.418313801289,-0.262375622988,-0.027737954631,0.218088090420,0.285150706768,0.472612440586,0.612032890320,0.570753514767,0.658495366573,0.660503149033,0.499353319407,0.477439373732,0.399453848600,0.186060637236,0.026128834113,-0.149673834443,-0.371706545353,-0.520064353943,-0.535550236702,-0.530497550964,-0.486649900675,-0.383821398020,-0.341529339552,-0.270211219788,-0.159085258842,-0.105469852686,-0.039389636368,0.172776192427,0.386925876141,0.458600819111,0.555079400539,0.581397712231,0.529092729092,0.520484447479,0.411732107401,0.220587298274,-0.016739793122,-0.240943416953,-0.384862244129,-0.543609261513,-0.703105747700,-0.726611495018,-0.587183237076,-0.544554352760,-0.565878570080,-0.375975698233,-0.094343893230,0.156659260392,0.240092858672,0.224886119366,0.344277858734,0.385598123074,0.463578581810,0.626400351524,0.529589772224,0.503683209419,0.548611640930,0.292743235826,0.081677652895,-0.157700851560,-0.508290290833,-0.492756128311,-0.422709584236,-0.446568608284,-0.368909001350,-0.483468115330,-0.482074350119,-0.241580113769,-0.190224498510,-0.151634052396,-0.010499064811,0.074971199036,0.220091477036,0.478134781122,0.646797239780,0.683221340179,0.674596011639,0.671986758709,0.713645040989,0.633190929890,0.426636457443,0.205670088530,-0.062624037266,-0.236033543944,-0.314548462629,-0.468865364790,-0.638647496700,-0.660198152065,-0.581552386284,-0.520856857300,-0.383132725954,-0.137870371342,0.054795388132,0.107331976295,0.226209715009,0.359102040529,0.380958378315,0.508615195751,0.481763064861,0.457527607679,0.617917835712,0.461192250252,0.246233567595,0.002845785581,-0.334241956472,-0.490837603807,-0.696377813816,-0.774166524410,-0.725009322166,-0.748237729073,-0.680285155773,-0.578882992268,-0.475097805262,-0.476945012808,-0.461387962103,-0.309949755669,-0.201106369495,-0.002202607226,0.214827910066,0.315089821815,0.352166444063,0.337396681309,0.296875119209,0.249406933784,0.288169831038,0.208615779877,0.036504946649,-0.054756846279,-0.280125558376,-0.423951953650,-0.519941031933,-0.723926603794,-0.700530648232,-0.651930570602,-0.609545826912,-0.363850027323,-0.131439283490,0.092308916152,0.199843853712,0.270195126534,0.509134352207,0.551144897938,0.553766667843,0.619818568230,0.502753019333,0.641389548779,0.793129861355,0.545569241047,0.432747930288,0.355981320143,0.095635078847,-0.011152805761,-0.121686123312,-0.296327918768,-0.272112041712,-0.183345496655,-0.197169616818,-0.261669695377,-0.273781150579,-0.293063998222,-0.306863933802,-0.118170782924,0.000959430297,-0.039789967239,0.145253866911,0.370747804642,0.407498687506,0.462280511856,0.450560599566,0.329423487186,0.333207815886,0.299561083317,0.107298731804,-0.089401401579,-0.262966662645,-0.394535094500,-0.584422349930,-0.751797020435,-0.764238953590,-0.726575791836,-0.609809160233,-0.503427267075,-0.429870098829,-0.247868716717,-0.111634247005,-0.058686450124,0.124462381005,0.255963474512,0.273260384798,0.482462406158,0.600196897984,0.567354202271,0.604835629463,0.460368186235,0.271652847528,0.037365343422,-0.277142822742,-0.436642646790,-0.590080440044,-0.579792082310,-0.537973761559,-0.596662163734,-0.510447740555,-0.573047161102,-0.520752966404,-0.383101731539,-0.517182767391,-0.385634720325,-0.095889046788,0.119780816138,0.381768494844,0.548632442951,0.607890248299,0.590928971767,0.599510729313,0.586266219616,0.553659379482,0.427035629749,0.171454221010,0.039781585336,-0.209158822894,-0.500914394855,-0.579751312733,-0.644472479820,-0.722841084003,-0.715768933296,-0.488309800625,-0.352696746588,-0.299357503653,-0.043142542243,0.095236971974,0.238809898496,0.349326223135,0.343939989805,0.469164997339,0.562870502472,0.697724103928,0.669536292553,0.443642437458,0.348480612040,0.149465918541,-0.071180067956,-0.241213038564,-0.414289951324,-0.444572180510,-0.473711192608,-0.538376629353,-0.544742524624,-0.526427626610,-0.598171830177,-0.660572230816,-0.552994608879,-0.388229578733,-0.208444714546,-0.070520959795,0.024295080453,0.161500781775,0.257377445698,0.321886897087,0.357827275991,0.284172356129,0.196611121297,0.170284971595,0.089010156691,-0.073451541364,-0.163461118937,-0.235101163387,-0.455529093742,-0.641034781933,-0.733265578747,-0.783391058445,-0.638593792915,-0.473723918200,-0.246878683567,0.073223285377,0.165866941214,0.238040506840,0.382435679436,0.571625769138,0.799729168415,0.891859531403,0.965985357761,0.949116826057,0.842312633991,0.645990610123,0.384340137243,0.250742167234,-0.008407172747,-0.207106843591,-0.310060650110,-0.466958999634,-0.436295539141,-0.500733137131,-0.522071659565,-0.442704319954,-0.430357247591,-0.343504101038,-0.350704103708,-0.162822768092,-0.018900385126,-0.020125277340,0.281682223082,0.302764475346,0.247700110078,0.359834313393,0.258585393429,0.205272197723,0.066897213459,-0.061628263444,-0.064525485039,-0.273269087076,-0.562845110893,-0.760818839073,-0.784213423729,-0.747579634190,-0.689104914665,-0.620989680290,-0.555387198925,-0.290889799595,-0.188535153866,-0.158299490809,0.004222264513,-0.035879824311,0.109699487686,0.234604358673,0.109762929380,0.250871121883,0.245030209422,0.137013107538,0.328158497810,0.308351516724,0.115379564464,-0.031786069274,-0.264041870832,-0.241048231721,-0.053966309875,-0.071834146976,-0.059863135219,-0.077733390033,-0.153889656067,-0.114471718669,-0.148266479373,-0.174394965172,-0.130246222019,-0.071659378707,0.036078631878,0.128281667829,0.230985775590,0.288781613111,0.333930790424,0.380992442369,0.450100660324,0.435427278280,0.211623460054,0.184478566051,0.106489777565,-0.073282606900,-0.036265712231,-0.215414270759,-0.321956604719,-0.310028553009,-0.394608467817,-0.338990151882,-0.357975035906,-0.249450743198,-0.145946308970,-0.174017965794,-0.024011934176,0.011388313025,0.098885066807,0.281869381666,0.330362498760,0.396181702614,0.409690529108,0.366883575916,0.277979016304,0.175960972905,-0.000601333450,-0.231222882867,-0.306349664927,-0.431534022093,-0.489438891411,-0.361491858959,-0.338215261698,-0.335875183344,-0.368987232447,-0.455005079508,-0.396180331707,-0.300428450108,-0.262844860554,-0.175471693277,-0.010243254714,0.173444435000,0.317720502615,0.375657439232,0.378332585096,0.382790654898,0.307349294424,0.167275086045,0.120294429362,0.056628104299,-0.146935269237,-0.335255384445,-0.491395682096,-0.625774145126,-0.628470301628,-0.593306481838,-0.550499677658,-0.418766319752,-0.276323735714,-0.133870586753,0.008365735412,0.118756473064,0.229626625776,0.243332087994,0.287803828716,0.465719223022,0.506553828716,0.505737960339,0.476439565420,0.356662094593,0.265677243471,0.089526891708,-0.007175358012,-0.177296474576,-0.382495671511,-0.363578140736,-0.466108053923,-0.346738934517,-0.172627449036,-0.304996997118,-0.284304916859,-0.305921614170,-0.288759797812,-0.169343888760,-0.088371276855,0.084915272892,0.151936486363,0.249041959643,0.275728106499,0.214144572616,0.261601299047,0.193891525269,0.260424792767,0.274538010359,0.013562274165,-0.155484274030,-0.317382097244,-0.420804858208,-0.527551114559,-0.663169384003,-0.623135447502,-0.572594761848,-0.443034946918,-0.288555711508,-0.160860255361,0.078549325466,0.255770474672,0.384487390518,0.444095402956,0.470027118921,0.575893342495,0.552276551723,0.463314384222,0.403890609741,0.309399366379,0.149408698082,-0.121280245483,-0.262299895287,-0.330425560474,-0.471302807331,-0.426382929087,-0.372688412666,-0.391654431820,-0.277897804976,-0.180283546448,-0.126573383808,-0.107444919646,-0.062177434564,0.067409172654,0.195036947727,0.416729003191,0.618524789810,0.760041475296,0.823661625385,0.693796396255,0.589966058731,0.437899559736,0.246425285935,0.102711565793,-0.142959743738,-0.343949884176,-0.484049528837,-0.604456484318,-0.720014512539,-0.739237308502,-0.634692788124,-0.653447687626,-0.587417244911,-0.398949116468,-0.168664947152,0.114055112004,0.168668404222,0.209923744202,0.296716302633,0.293332636356,0.424414128065,0.517890632153,0.374156534672,0.191126480699,0.107536092401,-0.035444583744,-0.189657852054,-0.274772524834,-0.460451543331,-0.569415152073,-0.593185722828,-0.560339570045,-0.392693608999,-0.325249582529,-0.247224211693,-0.129375144839,-0.129407733679,-0.129537403584,-0.060076668859,0.075458467007,0.126136228442,0.161059394479,0.238578692079,0.134133696556,0.153381198645,0.384588420391,0.382962316275,0.217553511262,0.091482505202,0.058629263192,0.066904827952,-0.081595599651,-0.237533882260,-0.305692553520,-0.404028385878,-0.414851248264,-0.378514230251,-0.355109006166,-0.195301592350,-0.038288574666,0.020576680079,0.177986681461,0.354940593243,0.387235760689,0.416421085596,0.461349695921,0.475909471512,0.624702870846,0.696972072124,0.507376194000,0.364007592201,0.234020069242,0.066970676184,-0.019068077207,-0.171768352389,-0.267998427153,-0.260150492191,-0.308021277189,-0.302290290594,-0.296961277723,-0.263416230679,-0.213815048337,-0.309908419847,-0.228261247277,-0.114355266094,-0.136420533061,0.134042471647,0.312062054873,0.360637784004,0.580994784832,0.425845712423,0.283624827862,0.450791954994,0.264200657606,0.029346330091,-0.034394323826,-0.289267003536,-0.493998855352,-0.532218635082,-0.649455130100,-0.653887271881,-0.644548058510,-0.751245141029,-0.509380638599,-0.350653171539,-0.308096826077,0.038729213178,0.043991375715,0.026896767318,0.294361412525,0.402762234211,0.554041445255,0.636060833931,0.585662007332,0.681699395180,0.713945150375,0.493775546551,0.308925479650,0.056106127799,-0.363015115261,-0.429838687181,-0.431970804930,-0.535927832127,-0.460882514715,-0.489757746458,-0.372652351856,-0.224407061934,-0.298892498016,-0.101004503667,0.129526674747,0.159554824233,0.306900858879,0.522035002708,0.575543463230,0.472807168961,0.394581496716,0.404334992170,0.399717807770,0.316048115492,0.278197377920,0.182574868202,-0.008208099753,-0.089049398899,-0.224310711026,-0.372558236122,-0.495222896338,-0.624221503735,-0.502211987972,-0.396398305893,-0.324691891670,-0.068225741386,0.038172613829,0.191895172000,0.461452871561,0.453803300858,0.495838433504,0.628549337387,0.595190346241,0.534068644047,0.381118863821,0.307787865400,0.297704309225,0.119890213013,-0.053977709264,-0.299760967493,-0.406925290823,-0.334276288748,-0.382486224174,-0.423402994871,-0.554765641689,-0.492361068726,-0.355213344097,-0.558643698692,-0.491535097361,-0.352359682322,-0.309027850628,-0.043970551342,0.118434965611,0.290103524923,0.403616547585,0.440354764462,0.561862170696,0.551496446133,0.462431430817,0.187346950173,0.084921784699,0.167792141438,-0.169637188315,-0.405685573816,-0.559356033802,-0.877574801445,-0.744324207306,-0.499369353056,-0.558990657330,-0.499140202999,-0.342559099197,-0.134830415249,0.218638643622,0.394595146179,0.518320262432,0.657855451107,0.785535871983,1.125494956970,1.215718746185,1.039259791374,0.957279264927,0.815791845322,0.616246163845,0.389679104090,0.025406625122,-0.328760832548,-0.350161939859,-0.434260427952,-0.565233290195,-0.354077339172,-0.344975054264,-0.359104305506,-0.265909403563,-0.313783824444,-0.235893666744,-0.233133122325,-0.144557729363,0.062694907188,0.148011714220,0.251296937466,0.229310512543,0.265784829855,0.313056975603,0.211830452085,0.169916883111,0.049076318741,-0.143490269780,-0.428808569908,-0.639032542706,-0.651269793510,-0.845354616642,-0.882350742817,-0.680930793285,-0.714556097984,-0.576962530613,-0.260852009058,-0.130148217082,0.065067008138,0.172151118517,0.255670577288,0.389686256647,0.288037389517,0.343853533268,0.377582639456,0.338567942381,0.552037417889,0.422247081995,0.210217386484,0.215523898602,0.099923163652,0.072559118271,0.024514904246,-0.071086339653,-0.107694871724,-0.101067811251,0.047690525651,0.152411356568,0.143568053842,0.066967874765,0.085129588842,0.142770320177,0.169914469123,0.364012122154,0.328051686287,0.279178559780,0.500309705734,0.476959288120,0.464086711407,0.507820487022,0.474083065987,0.479771405458,0.222271308303,0.079514093697,0.106276243925,-0.172367498279,-0.325096756220,-0.359677135944,-0.539697229862,-0.599667787552,-0.516465365887,-0.363168269396,-0.315830498934,-0.332789152861,-0.202074229717,-0.032742217183,0.028645928949,0.092559188604,0.378410488367,0.358648300171,0.140162363648,0.423693120480,0.473867356777,0.286466389894,0.281742572784,0.023698979989,-0.205488160253,-0.326713860035,-0.461113452911,-0.519220769405,-0.518311202526,-0.484971612692,-0.529220521450,-0.444373846054,-0.423549860716,-0.446663945913,-0.345197379589,-0.382616907358,-0.194872021675,0.040683642030,0.171446323395,0.453685075045,0.481724470854,0.520467042923,0.615819096565,0.443106234074,0.361311078072,0.211266815662,0.040747020394,0.090016327798,-0.099647395313,-0.385469943285,-0.407323777676,-0.370672166348,-0.404939353466,-0.390621960163,-0.233734786510,-0.008075729012,0.222965642810,0.309993535280,0.397984445095,0.545127391815,0.467103034258,0.494879245758,0.553393304348,0.443881094456,0.467901259661,0.409484297037,0.384055286646,0.370829343796,0.093413807452,-0.066187687218,-0.104255661368,-0.132332280278,-0.132341936231,-0.131311178207,-0.025326885283,0.025508711115,0.030632823706,0.016634512693,-0.149340271950,-0.299956530333,-0.276226639748,-0.256976217031,-0.274053156376,-0.061256624758,0.171522989869,0.243041396141,0.250200122595,0.204940855503,0.216766759753,0.134087294340,0.018369926140,-0.015254594386,-0.124928012490,-0.236755207181,-0.283224314451,-0.279951930046,-0.467160910368,-0.616021037102,-0.451092034578,-0.440746247768,-0.319888174534,-0.074308671057,-0.081883035600,0.124310024083,0.289932608604,0.266871601343,0.411386817694,0.393139839172,0.354880481958,0.481147050858,0.507044255733,0.427826702595,0.376548141241,0.353902071714,0.074334986508,-0.148863017559,-0.153240159154,-0.391878813505,-0.402295321226,-0.227299019694,-0.302768737078,-0.178260236979,-0.144602864981,-0.244264319539,-0.061293754727,0.039995215833,0.136074587703,0.241384565830,0.327866107225,0.573144316673,0.688151478767,0.770318746567,0.768849432468,0.619449377060,0.520469784737,0.374344170094,0.263828217983,0.083780214190,-0.109081260860,-0.274222880602,-0.460990995169,-0.418925583363,-0.446015834808,-0.464586883783,-0.346233069897,-0.331416875124,-0.189348042011,-0.064959511161,0.098006606102,0.322891891003,0.238962009549,0.219767019153,0.256013363600,0.151794195175,0.275664389133,0.333138704300,0.126979187131,0.083476342261,0.056466165930,-0.120418906212,-0.286753952503,-0.524055480957,-0.586588144302,-0.456004589796,-0.496584713459,-0.411507308483,-0.234520956874,-0.227916643023,-0.211027309299,-0.308647006750,-0.326031774282,-0.204099923372,-0.245920583606,-0.077250808477,0.101104788482,0.027044925839,0.163672819734,0.269516438246,0.230482041836,0.231297567487,0.138857915998,0.017408378422,-0.077224850655,-0.106481082737,-0.226026698947,-0.322394400835,-0.252467751503,-0.348834902048,-0.343054473400,-0.234958782792,-0.202436536551,-0.016464922577,0.089188106358,0.267794013023,0.531304359436,0.568691134453,0.607631683350,0.621901810169,0.623900353909,0.660721957684,0.628529489040,0.648595511913,0.646143257618,0.499070018530,0.272071748972,0.085273876786,-0.105664737523,-0.255733400583,-0.217308089137,-0.195417448878,-0.245339021087,-0.290169864893,-0.282557249069,-0.232873901725,-0.232934087515,-0.161815106869,-0.178406223655,-0.246038615704,-0.056446257979,0.136239543557,0.229032874107,0.356921523809,0.380687832832,0.286474198103,0.260436058044,0.176734626293,-0.053353477269,-0.165304273367,-0.261373519897,-0.427795857191,-0.534780025482,-0.663954257965,-0.744887888432,-0.742261052132,-0.706525862217,-0.560948371887,-0.354821234941,-0.255565583706,-0.180128321052,0.032323535532,0.253000706434,0.392502129078,0.350336074829,0.242674604058,0.294949352741,0.298138558865,0.319002121687,0.316376656294,0.062901705503,-0.051551662385,-0.056820508093,-0.238189339638,-0.296532452106,-0.304992377758,-0.430702358484,-0.356199502945,-0.193146705627,-0.158850759268,-0.138860493898,-0.169960826635,-0.138557389379,-0.000844456372,0.001003739424,-0.009412867017,0.168547704816,0.330663442612,0.377143412828,0.398620843887,0.364381283522,0.350190073252,0.348604112864,0.297798454762,0.184151157737,-0.064435936511,-0.192377641797,-0.268482059240,-0.399431318045,-0.375560760498,-0.492385089397,-0.581451475620,-0.446663916111,-0.324374854565,-0.078574590385,0.102902293205,0.217989847064,0.369559347630,0.385908603668,0.410004317760,0.424981474876,0.468429535627,0.510376572609,0.463410317898,0.465267866850,0.380289524794,0.234559237957,0.077160209417,-0.136141464114,-0.298618644476,-0.426775634289,-0.505173325539,-0.558136224747,-0.554472506046,-0.492325365543,-0.431756705046,-0.423219025135,-0.495768308640,-0.378761559725,-0.183880135417,-0.058835029602,0.091652691364,0.205155342817,0.389710307121,0.433171868324,0.352094441652,0.366449952126,0.327798664570,0.259205639362,0.074123360217,-0.137790411711,-0.234897509217,-0.288383752108,-0.366277843714,-0.539118528366,-0.572674095631,-0.449474096298,-0.328821718693,-0.226936087012,-0.099182337523,0.109602689743,0.326468855143,0.517141580582,0.571671843529,0.633588492870,0.676599383354,0.612095892429,0.778440237045,0.814246058464,0.640772879124,0.544770598412,0.296858698130,0.170774489641,0.070345200598,-0.241975545883,-0.325230032206,-0.358662486076,-0.431210875511,-0.256200879812,-0.190572604537,-0.196048974991,-0.121657043695,-0.182916700840,-0.029845751822,0.127920538187,-0.002339553786,0.081937156618,0.278185337782,0.300957083702,0.181203126907,0.024841304868,-0.097795955837,-0.127824410796,-0.073462687433,-0.197564408183,-0.274322688580,-0.357906669378,-0.523567557335,-0.495879828930,-0.636367678642,-0.643624722958,-0.571267306805,-0.685743212700,-0.454472362995,-0.362959265709,-0.338899284601,-0.140558227897,-0.149019017816,-0.019258063287,0.048670105636,0.067023880780,0.209816679358,0.172798484564,0.165897458792,0.202911153436,0.257755994797,0.210870742798,0.080263532698,0.062362994999,-0.120204560459,-0.143970772624,-0.071875132620,-0.179341644049,-0.108711615205,-0.128698915243,-0.092247702181,0.007149952929,-0.151467666030,-0.156746819615,-0.149490788579,-0.154750078917,0.003289121669,0.177649468184,0.331674247980,0.356424868107,0.496360003948,0.578737795353,0.510357737541,0.553057670593,0.376424491405,0.274854749441,0.258157134056,0.076274178922,0.070180900395,-0.148958072066,-0.412395477295,-0.367836028337,-0.418675243855,-0.369739592075,-0.242145255208,-0.172523796558,-0.038375362754,-0.036110870540,-0.027538193390,0.045365013182,0.107189662755,0.275993049145,0.356414288282,0.404471516609,0.508859097958,0.456997543573,0.366811096668,0.233553931117,-0.000539311732,-0.158539339900,-0.315647989511,-0.435438543558,-0.448507487774,-0.517242968082,-0.527653753757,-0.530708849430,-0.572993934155,-0.467513293028,-0.477387607098,-0.505057156086,-0.379446119070,-0.367682486773,-0.307710289955,-0.193940207362,-0.099351592362,0.068232409656,0.107264176011,0.090401068330,0.099555447698,0.094329789281,0.118286579847,-0.121708370745,-0.366163372993,-0.270779877901,-0.306532531977,-0.438985973597,-0.534549534321,-0.661898136139,-0.583971083164,-0.492532193661,-0.394527733326,-0.071310915053,0.181607797742,0.328560501337,0.427532970905,0.329464554787,0.242681398988,0.202582195401,0.176899045706,0.362282723188,0.518413722515,0.423157066107,0.252296775579,0.091271489859,-0.080441854894,-0.154406920075,-0.150294467807,-0.216591119766,-0.238777294755,-0.177140146494,-0.178588911891,-0.196311101317,-0.105757988989,-0.116335533559,-0.282976955175,-0.266638040543,-0.201916754246,-0.078258849680,0.240583285689,0.392503172159,0.434862762690,0.437022358179,0.445588290691,0.542004108429,0.426349014044,0.262384831905,0.148778751493,-0.005265833344,-0.143796816468,-0.334679275751,-0.467703521252,-0.595359683037,-0.692833125591,-0.664545059204,-0.558387041092,-0.404671430588,-0.297548025846,-0.130965203047,-0.020397057757,0.045621816069,0.166947230697,0.266280859709,0.442821443081,0.426829606295,0.398974388838,0.410697937012,0.235823228955,0.289585918188,0.177288338542,-0.086145177484,-0.139396950603,-0.288945704699,-0.330783635378,-0.404107540846,-0.402824640274,-0.213483080268,-0.177134335041,-0.094054073095,-0.199035555124,-0.282663971186,-0.078013457358,-0.026804443449,0.099902115762,0.270126044750,0.380340278149,0.550710976124,0.609134316444,0.575886547565,0.401357710361,0.348933875561,0.308402836323,-0.029170293361,-0.140290006995,-0.194783747196,-0.389440774918,-0.456941515207,-0.529490590096,-0.504579067230,-0.436352103949,-0.332724869251,-0.172541111708,-0.105690702796,0.019069598988,0.070833072066,0.138160094619,0.307971894741,0.273339301348,0.150831386447,0.082980789244,0.141551494598,0.135703697801,-0.026290714741,-0.031352136284,-0.128699347377,-0.308089017868,-0.303035855293,-0.425737202168,-0.604483127594,-0.472398340702,-0.308831632137,-0.364095807076,-0.277632296085,-0.223850622773,-0.366958022118,-0.309228926897,-0.281518757343,-0.318322956562,-0.197495430708,-0.054228384048,0.155467644334,0.303243070841,0.253826618195,0.147651210427,0.141250848770,0.191250264645,0.195895060897,0.202793031931,0.090595446527,-0.036933209747,-0.067348375916,-0.193338111043,-0.344436347485,-0.392712533474,-0.320646971464,-0.296898454428,-0.272575139999,-0.051300447434,0.104009151459,0.173568263650,0.328004419804,0.477332860231,0.451975345612,0.390278041363,0.493686765432,0.504717826843,0.488220632076,0.543956339359,0.589341461658,0.599422216415,0.397165805101,0.243069291115,0.072613306344,-0.230562612414,-0.264326632023,-0.233271330595,-0.305343121290,-0.344647467136,-0.319562703371,-0.263173639774,-0.290767997503,-0.307669490576,-0.284359723330,-0.160683736205,0.037571303546,0.176771342754,0.275399953127,0.264759004116,0.305202841759,0.346569716930,0.307996630669,0.348607629538,0.246238559484,0.093766368926,-0.050359532237,-0.249367460608,-0.330941885710,-0.531715393066,-0.737223863602,-0.750650882721,-0.725248038769,-0.589064598083,-0.447952747345,-0.276021659374,-0.073844909668,0.005644913763,0.233985662460,0.435849487782,0.343427658081,0.350458055735,0.470667392015,0.483255922794,0.416125267744,0.299656808376,0.198058545589,0.019801845774,-0.145112618804,-0.281388640404,-0.563888311386,-0.566622436047,-0.429921329021,-0.568645775318,-0.451773196459,-0.230451270938,-0.411876440048,-0.450574219227,-0.190753057599,-0.199290737510,-0.077411495149,0.300837963820,0.176821187139,0.156084910035,0.466100096703,0.406817436218,0.449489951134,0.551388561726,0.344312667847,0.236787378788,0.141938894987,-0.101299785078,-0.300813376904,-0.405435591936,-0.469631791115,-0.575034201145,-0.748794734478,-0.813268721104,-0.691665947437,-0.531256675720,-0.263675719500,0.001142492634,0.177916586399,0.362293243408,0.331293165684,0.348867774010,0.595843553543,0.705686151981,0.728569269180,0.659611701965,0.526629269123,0.470096677542,0.294645220041,0.158969059587,0.103578090668,-0.191214188933,-0.368019700050,-0.324826270342,-0.434692978859,-0.434121489525,-0.387067377567,-0.502846479416,-0.441902697086,-0.382953971624,-0.385276257992,-0.189544171095,-0.076660372317,-0.000472439569,0.265440970659,0.417583942413,0.429080575705,0.550945460796,0.588373959064,0.479356229305,0.402475059032,0.224671170115,0.015374631621,-0.139937102795,-0.336771786213,-0.487661600113,-0.642165601254,-0.718959808350,-0.609892845154,-0.535946011543,-0.433717101812,-0.127228438854,0.099214449525,0.214774891734,0.556134641171,0.766110241413,0.729275047779,0.882057070732,0.914045214653,0.817651510239,0.812912166119,0.588748216629,0.379456967115,0.248510971665,-0.082089088857,-0.312998920679,-0.408597975969,-0.525529742241,-0.548677623272,-0.494731247425,-0.346154630184,-0.296597659588,-0.334032982588,-0.131255894899,-0.142793923616,-0.296200424433,-0.009926255792,0.168663635850,0.054245393723,0.104653224349,0.192054808140,0.203168094158,0.291593134403,0.356748640537,0.313230365515,0.184310913086,-0.090909250081,-0.286137133837,-0.386361956596,-0.533315479755,-0.543650925159,-0.643791913986,-0.834015727043,-0.737663090229,-0.647389650345,-0.614563822746,-0.279828608036,-0.033665217459,0.035125717521,0.296147584915,0.313521504402,0.270496875048,0.452229976654,0.331243813038,0.389165014029,0.603780388832,0.463497310877,0.470259875059,0.408296048641,0.217271342874,0.229577571154,0.062668651342,-0.085194103420,-0.040350228548,-0.152344062924,-0.272397220135,-0.287546038628,-0.308117479086,-0.237180739641,-0.236613348126,-0.347319453955,-0.167355328798,0.030843907967,0.064791508019,0.283210128546,0.339900046587,0.374190807343,0.600814104080,0.473573446274,0.428041845560,0.555507659912,0.359477996826,0.199863672256,0.036642212421,-0.155457094312,-0.245681136847,-0.462624013424,-0.524579286575,-0.476977676153,-0.597849190235,-0.589521765709,-0.491916120052,-0.344650566578,-0.070947922766,0.014452788047,0.092518307269,0.321961581707,0.428631097078,0.480688929558,0.455057024956,0.427783310413,0.544816315174,0.573202848434,0.435687631369,0.282399863005,0.236747905612,0.065461710095,-0.195953354239,-0.212226808071,-0.254946708679,-0.254849165678,-0.171810463071,-0.307201445103,-0.363796532154,-0.372082382441,-0.328449964523,-0.101714439690,-0.054880093783,-0.032295107841,0.136139690876,0.282889455557,0.400114387274,0.459452986717,0.476760059595,0.352749347687,0.179720193148,0.219215407968,0.233688160777,-0.001805712353,-0.147127434611,-0.220481097698,-0.573744773865,-0.666653752327,-0.516206443310,-0.608135104179,-0.467508226633,-0.326967656612,-0.317327320576,-0.125233754516,0.101682521403,0.315875083208,0.246578782797,0.333021432161,0.468777924776,0.321860641241,0.579296708107,0.608934164047,0.390152812004,0.470584034920,0.304563015699,0.161509379745,0.121146142483,-0.127451285720,-0.291521549225,-0.292212843895,-0.309443682432,-0.331138789654,-0.328776359558,-0.350250095129,-0.292478621006,-0.258568495512,-0.207259848714,-0.084821678698,-0.184492081404,-0.122339032590,0.232018724084,0.303109824657,0.245235994458,0.375888884068,0.519345700741,0.569972217083,0.458662599325,0.290728896856,0.262325465679,0.122545741498,0.025564186275,0.007892905734,-0.359725654125,-0.527064919472,-0.544695854187,-0.710958957672,-0.453750461340,-0.241715699434,-0.223860725760,-0.049822524190,-0.044739559293,0.011747603305,0.205190747976,0.355926841497,0.505707442760,0.476351648569,0.454606711864,0.566260576248,0.516535997391,0.375891864300,0.210071399808,0.054624348879,0.050385762006,-0.116439811885,-0.344784289598,-0.270765125751,-0.193325161934,-0.151404350996,-0.080855228007,-0.031294606626,0.094385668635,0.028966944665,-0.127509176731,0.000803498959,0.183031648397,0.215419456363,0.374301493168,0.617426156998,0.486411064863,0.366394013166,0.446309566498,0.335479766130,0.325935930014,0.164792940021,-0.054209694266,0.044484984130,-0.283021003008,-0.577054560184,-0.393007904291,-0.505419373512,-0.584030210972,-0.288575410843,-0.195656925440,-0.158867284656,0.170666649938,0.149268671870,-0.018397977576,0.269702911377,0.289649903774,0.244752719998,0.405148714781,0.189857572317,0.119019709527,0.217702388763,0.109525367618,-0.031125511974,-0.167193889618,-0.141496628523,-0.208648964763,-0.332626968622,-0.362680107355,-0.450430005789,-0.394949048758,-0.441353559494,-0.490468829870,-0.387241899967,-0.450935333967,-0.451848983765,-0.362269401550,-0.265187114477,-0.043678522110,0.234195843339,0.390648216009,0.393431961536,0.406200259924,0.406459450722,0.491971760988,0.549707472324,0.364161372185,0.164444848895,0.012141976506,-0.086088217795,-0.231457144022,-0.340868920088,-0.278619289398,-0.363165974617,-0.340401560068,-0.132704034448,-0.005008299835,0.172345176339,0.246355623007,0.350691437721,0.536563634872,0.579039871693,0.597013592720,0.564352393150,0.593599200249,0.608556389809,0.504596650600,0.514402449131,0.499406576157,0.300250709057,-0.042914737016,-0.258459836245,-0.359310746193,-0.479939639568,-0.378752857447,-0.396559149027,-0.448260813951,-0.303275346756,-0.375082492828,-0.374972105026,-0.279893279076,-0.148204371333,-0.025904443115,-0.226538211107,-0.034134671092,0.277565896511,0.125554993749,0.130013749003,0.179531931877,0.207425758243,0.136968225241,-0.047979153693,-0.020292881876,-0.222658887506,-0.439222306013,-0.464114964008,-0.619990289211,-0.601218521595,-0.552823364735,-0.564256846905,-0.455208539963,-0.359694033861,-0.136424213648,0.162106662989,0.279036879539,0.254146695137,0.363058626652,0.581588804722,0.604204833508,0.636603295803,0.666076421738,0.585402011871,0.565254330635,0.393628329039,0.255549401045,0.129916459322,-0.187567710876,-0.240999951959,-0.244306981564,-0.323567062616,-0.208407506347,-0.203882724047,-0.236020430923,-0.131429940462,-0.079869464040,-0.068283520639,-0.006855165120,0.047006428242,0.067706122994,0.210109114647,0.363388121128,0.346925437450,0.358231931925,0.431203454733,0.445059776306,0.322527676821,0.161434590816,0.089060530066,-0.212536841631,-0.391209006310,-0.291583746672,-0.598000288010,-0.690887928009,-0.534824609756,-0.669284045696,-0.460768818855,-0.288614690304,-0.281338065863,0.002461977303,0.142444074154,0.203294515610,0.306562781334,0.355344682932,0.333767980337,0.337712019682,0.421100497246,0.352587014437,0.336369007826,0.353320151567,0.210364907980,0.014584416524,-0.181085422635,-0.250485479832,-0.311163693666,-0.301333814859,-0.248727753758,-0.286661922932,-0.194449305534,-0.262967586517,-0.441403269768,-0.322935551405,-0.130773201585,0.027835404500,0.152010828257,0.204616993666,0.312744468451,0.412403553724,0.430266678333,0.544669389725,0.582706987858,0.428265631199,0.358420908451,0.187679901719,0.044682703912,0.009253330529,-0.268772810698,-0.331444352865,-0.278145521879,-0.374715089798,-0.266002118587,-0.231186181307,-0.130271360278,0.102741129696,0.158960789442,0.323996514082,0.432668209076,0.458647131920,0.624046206474,0.716007649899,0.682151019573,0.562653183937,0.534076571465,0.482814997435,0.328097373247,0.235220849514,-0.018103925511,-0.275379836559,-0.431299090385,-0.465055048466,-0.345211863518,-0.388665467501,-0.383756667376,-0.359992265701,-0.289088040590,-0.194952115417,-0.449035525322,-0.401880592108,-0.228503346443,-0.371126592159,-0.276417046785,-0.144882544875,-0.060952726752,0.130771115422,0.224499225616,0.203843995929,0.253957748413,0.348889380693,0.147578060627,-0.047001097351,-0.104462333024,-0.264124095440,-0.314934670925,-0.502301812172,-0.697131931782,-0.631574094296,-0.662644326687,-0.601876318455,-0.438081920147,-0.336618334055,-0.136317297816,0.095609150827,0.276103347540,0.385273218155,0.439438372850,0.397742182016,0.536735534668,0.760629713535,0.663994312286,0.701266229153,0.573037147522,0.205513343215,0.223258659244,0.135307222605,-0.027483040467,-0.146969407797,-0.331326156855,-0.256756663322,-0.185954794288,-0.198889389634,-0.264356523752,-0.285881519318,-0.158631116152,-0.097068354487,0.032702956349,0.174216955900,0.317696034908,0.478992730379,0.570173323154,0.614500641823,0.518900454044,0.490209460258,0.399116963148,0.291124790907,0.242307618260,-0.080614343286,-0.291408866644,-0.461242496967,-0.666178166866,-0.698582351208,-0.780090808868,-0.642180263996,-0.508609116077,-0.465503662825,-0.185679659247,0.028726996854,0.194141730666,0.264846175909,0.294711858034,0.360584914684,0.318041771650,0.455212771893,0.434410065413,0.269231468439,0.360107094049,0.209201648831,-0.023666473106,-0.176662147045,-0.453272849321,-0.492081999779,-0.426803499460,-0.516090333462,-0.547053277493,-0.412936449051,-0.350287079811,-0.394374579191,-0.367056280375,-0.426161676645,-0.332639902830,-0.171678453684,-0.235812574625,-0.069112569094,0.072653502226,0.159287303686,0.351891517639,0.269064426422,0.353896319866,0.416713327169,0.268906801939,0.313958734274,0.102160416543,-0.116863787174,-0.195525467396,-0.408828884363,-0.406442195177,-0.471465021372,-0.560700356960,-0.456127703190,-0.430943965912,-0.206641137600,0.047800689936,0.107567727566,0.214061677456,0.248376682401,0.312430500984,0.426671952009,0.463742464781,0.555764913559,0.610710144043,0.541960895061,0.420623600483,0.349115073681,0.277778089046,0.105520747602,0.035739500076,-0.031308155507,-0.194062918425,-0.205066636205,-0.271977484226,-0.376676112413,-0.250011980534,-0.272487521172,-0.519514679909,-0.542228877544,-0.368869066238,-0.269337743521,-0.201296865940,-0.005256019998,0.213686764240,0.266098558903,0.228481978178,0.184516951442,0.165449410677,0.132127285004,0.097804322839,0.031557433307,-0.222704514861,-0.315016359091,-0.355624467134,-0.542105376720,-0.532379627228,-0.646411478519,-0.705991446972,-0.558042466640,-0.556938469410,-0.339461833239,-0.002947022673,0.146416082978,0.199013471603,0.215215429664,0.330586999655,0.486556470394,0.522935509682,0.539790570736,0.556908369064,0.386109650135,0.272986650467,0.097995728254,-0.214392513037,-0.186327010393,-0.280716210604,-0.392971038818,-0.192640095949,-0.164156287909,-0.108401969075,-0.047449320555,0.032845418900,0.145514041185,0.059400700033,0.126775473356,0.237323895097,0.357207506895,0.497902691364,0.424475133419,0.382289260626,0.385467082262,0.368788778782,0.360540270805,0.314264118671,0.166101723909,0.007926872931,-0.035008460283,-0.128997772932,-0.195975691080,-0.319112628698,-0.466578125954,-0.436917036772,-0.443316668272,-0.304755121469,-0.236657023430,-0.305459111929,-0.129106447101,-0.198125600815,-0.183671385050,0.080810964108,-0.094095863402,-0.177089512348,-0.023336216807,0.020102528855,0.120893225074,0.145445197821,0.138987690210,0.140958353877,-0.007083658129,-0.186899960041,-0.255355685949,-0.174827635288,-0.104162707925,-0.227374300361,-0.367643773556,-0.322474539280,-0.284798651934,-0.303029388189,-0.347274392843,-0.515274524689,-0.474433362484,-0.282845377922,-0.168856576085,0.088562481105,0.258932471275,0.310951799154,0.421494513750,0.519400835037,0.579840898514,0.494249135256,0.451399594545,0.403974533081,0.237572625279,0.110359810293,-0.115504592657,-0.296760320663,-0.379389137030,-0.376513928175,-0.221196129918,-0.180413648486,-0.055542904884,0.157303228974,0.215394109488,0.274164229631,0.287383109331,0.392998099327,0.563371121883,0.611070692539,0.704016506672,0.687606930733,0.530864834785,0.429995417595,0.331774145365,0.141656339169,-0.102897740901,-0.230807766318,-0.319666028023,-0.406632065773,-0.391354262829,-0.348909705877,-0.339774549007,-0.380168646574,-0.305567413568,-0.246340990067,-0.378717958927,-0.354361444712,-0.222035869956,-0.034941706806,0.166536331177,0.048783510923,-0.011531405151,0.085652127862,0.099765740335,0.124411582947,-0.022711122409,-0.163887098432,-0.197066947818,-0.278313994408,-0.360464096069,-0.604597449303,-0.764975905418,-0.739633381367,-0.763052701950,-0.677825927734,-0.513078808784,-0.344892114401,-0.101025588810,0.106171891093,0.134575530887,0.235766068101,0.421885579824,0.361538350582,0.344352394342,0.368533402681,0.371384918690,0.457450062037,0.320859789848,0.226950436831,0.086492039263,-0.186980411410,-0.223575294018,-0.306301921606,-0.336776167154,-0.302436202765,-0.266529470682,-0.119463406503,-0.100913845003,-0.033585853875,-0.075055390596,-0.158381417394,-0.057830043137,-0.077327847481,0.079469852149,0.284492343664,0.354382604361,0.389960795641,0.262341171503,0.302954643965,0.312291949987,0.271902710199,0.351240545511,0.169191151857,-0.016898892820,-0.188775196671,-0.398972421885,-0.471171200275,-0.582431316376,-0.637949109077,-0.624726712704,-0.462014466524,-0.243807792664,-0.105680495501,0.124817468226,0.144900098443,0.163803368807,0.314276844263,0.317603498697,0.454245626926,0.427507400513,0.165196985006,0.123483456671,0.155863896012,0.118551693857,0.037127234042,-0.158213272691,-0.437108427286,-0.534244477749,-0.531827270985,-0.510009527206,-0.396559745073,-0.480624586344,-0.486083507538,-0.370375216007,-0.382668823004,-0.279249548912,-0.292830973864,-0.203731209040,0.110981367528,0.170031592250,0.288280040026,0.441264063120,0.427088797092,0.392961800098,0.288052231073,0.245682328939,0.150215104222,-0.036739051342,-0.200986236334,-0.334382921457,-0.336052745581,-0.440993785858,-0.549883127213,-0.491809040308,-0.418906241655,-0.195050463080,0.033223621547,0.143361538649,0.268376290798,0.407159507275,0.622514963150,0.734890997410,0.698172211647,0.710302472115,0.605403184891,0.520179927349,0.593151450157,0.494788110256,0.397187858820,0.264120250940,-0.057298351079,-0.128754362464,-0.172619476914,-0.299092441797,-0.263087719679,-0.364107102156,-0.389671891928,-0.224950715899,-0.225032299757,-0.261588901281,-0.298558443785,-0.372768372297,-0.294343382120,-0.101606994867,0.005956655834,0.046289440244,0.058632209897,-0.007681149524,0.098501086235,0.294289916754,0.260822951794,0.191718414426,0.057578742504,-0.139017447829,-0.193297535181,-0.305161505938,-0.434217572212,-0.487018078566,-0.629074335098,-0.671896219254,-0.565473973751,-0.479033052921,-0.324954003096,-0.182618901134,-0.040723107755,0.123372808099,0.167195647955,0.394348800182,0.571270704269,0.393969595432,0.547270357609,0.795480847359,0.559970676899,0.407702922821,0.354443281889,0.127340808511,0.085379585624,-0.043943461031,-0.286509037018,-0.264987736940,-0.472845405340,-0.524287045002,-0.138117834926,-0.211093097925,-0.226095378399,0.012501481920,-0.133625984192,-0.026149621233,0.227087303996,0.198628291488,0.343395024538,0.439553141594,0.433440536261,0.590692102909,0.616511821747,0.543744802475,0.462907940149,0.195081695914,-0.037828341126,-0.164187684655,-0.338156402111,-0.474033087492,-0.642817378044,-0.747815191746,-0.741330206394,-0.805333793163,-0.696525812149,-0.488629460335,-0.344545185566,-0.088126040995,0.051554769278,0.150412142277,0.383236944675,0.393488019705,0.397703856230,0.576058328152,0.522285819054,0.490839809179,0.578042984009,0.399460107088,0.146977320313,-0.104838207364,-0.376869708300,-0.484814494848,-0.493577212095,-0.473080128431,-0.426330745220,-0.436131268740,-0.519343316555,-0.499743580818,-0.457112908363,-0.432128399611,-0.262192130089,-0.136713087559,0.007906349376,0.150975167751,0.203799203038,0.399435579777,0.574656844139,0.666285574436,0.648243129253,0.513066649437,0.385503590107,0.143645867705,-0.061501268297,-0.223857492208,-0.379417091608,-0.410454660654,-0.457671433687,-0.474812239408,-0.494504183531,-0.473269402981,-0.261918902397,-0.053923293948,0.084930725396,0.214676648378,0.319587886333,0.318475961685,0.379007190466,0.517832219601,0.451554238796,0.538477599621,0.560981512070,0.228881359100,0.325555264950,0.421726316214,0.061548478901,-0.001370240585,0.004838703666,-0.214045986533,-0.248224928975,-0.296255856752,-0.374751925468,-0.255193084478,-0.355251669884,-0.347086668015,-0.155113339424,-0.397374600172,-0.310334444046,0.016743039712,0.064158432186,0.318900346756,0.333200246096,0.268940269947,0.414845168591,0.329999178648,0.318624585867,0.329936563969,0.146435201168,-0.059302531183,-0.167324349284,-0.334522426128,-0.649146199226,-0.666839778423,-0.639576554298,-0.820691287518,-0.725088298321,-0.545782446861,-0.411766499281,-0.066082872450,0.161063238978,0.308094918728,0.571188747883,0.539129137993,0.445184975863,0.585579037666,0.608906984329,0.494369834661,0.416685223579,0.368659228086,0.130916401744,-0.157840311527,-0.249274924397,-0.309773147106,-0.344544649124,-0.356482386589,-0.286063581705,-0.281885981560,-0.290812581778,-0.027221985161,0.028636960313,-0.001342769945,0.049364671111,0.062039706856,0.261898308992,0.226592928171,0.223698034883,0.314878791571,0.188846975565,0.400833368301,0.427213072777,0.208628728986,0.245435610414,0.096613772213,-0.046050649136,-0.125375732780,-0.270658791065,-0.306780338287,-0.373890995979,-0.445680379868,-0.426965147257,-0.342016458511,-0.278897136450,-0.195203214884,-0.080904856324,-0.045729614794,0.051721345633,0.139149934053,0.102122522891,0.160509541631,0.276064395905,0.234034001827,0.183054551482,0.262997686863,0.302738040686,0.217557117343,0.166680157185,0.143256813288,-0.089228130877,-0.236814469099,-0.132075175643,-0.213374301791,-0.324087202549,-0.275277167559,-0.235088407993,-0.152715787292,-0.198258653283,-0.337819099426,-0.245498239994,-0.125047653913,-0.071556404233,0.220161318779,0.348670363426,0.202819824219,0.373554557562,0.353911697865,0.183378607035,0.428326845169,0.361466675997,0.130390420556,0.147841423750,-0.017655348405,-0.177937686443,-0.203338608146,-0.331405371428,-0.466780245304,-0.431706994772,-0.267553895712,-0.127656131983,-0.110888220370,-0.029862752184,0.128159180284,0.179960370064,0.249022647738,0.330118745565,0.499928861856,0.623077452183,0.537166893482,0.538626730442,0.454425871372,0.306139528751,0.273178637028,0.182626917958,0.053288608789,-0.141049593687,-0.292229771614,-0.352087259293,-0.388604491949,-0.346855610609,-0.269243180752,-0.208414644003,-0.201095789671,-0.174195483327,-0.195657432079,-0.246026784182,-0.174122840166,-0.033920150250,0.224427402020,0.379403471947,0.340941160917,0.369547426701,0.410923868418,0.441656619310,0.404186904430,0.185334160924,-0.018646856770,-0.137101724744,-0.348362624645,-0.428320437670,-0.409493803978,-0.633112490177,-0.679345130920,-0.518521785736,-0.317176312208,-0.045397259295,-0.058201938868,-0.034550216049,0.061078693718,0.087356701493,0.329405754805,0.396205246449,0.323570996523,0.372044205666,0.464078068733,0.451822966337,0.188314884901,0.164684608579,0.152457311749,-0.203576669097,-0.246387422085,-0.096441663802,-0.184288844466,-0.264762163162,-0.151393741369,-0.137136846781,-0.323963403702,-0.253727853298,-0.168407216668,-0.381511092186,-0.398124545813,-0.205854132771,-0.004475255031,0.122355215251,0.036403033882,0.151601895690,0.408871650696,0.312202781439,0.272564828396,0.378674358130,0.217526227236,0.103520669043,0.157931700349,0.039419259876,-0.227943733335,-0.410895287991,-0.473757982254,-0.510107278824,-0.454531520605,-0.280224859715,-0.144035056233,-0.073597900569,0.106284052134,0.328494280577,0.399845778942,0.485685735941,0.617776453495,0.646012663841,0.588201105595,0.488229304552,0.404859006405,0.353161245584,0.338050931692,0.249317705631,-0.070245854557,-0.330160200596,-0.337839037180,-0.415794759989,-0.441461145878,-0.302375167608,-0.277043849230,-0.185613915324,-0.100696183741,-0.192973509431,-0.244661435485,-0.219093382359,-0.065361544490,0.160485029221,0.348348200321,0.453542411327,0.464352190495,0.503757953644,0.559989929199,0.501437127590,0.302460968494,0.182231068611,0.083202272654,-0.091726556420,-0.178756386042,-0.356611609459,-0.527236402035,-0.536440968513,-0.509316325188,-0.341632515192,-0.153564482927,-0.098884984851,0.021101694554,0.283953458071,0.384168207645,0.395373076200,0.488273948431,0.447854101658,0.507017552853,0.621582329273,0.614725053310,0.557442188263,0.347902059555,0.257586687803,0.174455925822,-0.027648752555,-0.188797041774,-0.348091632128,-0.338196605444,-0.363502562046,-0.431840419769,-0.402971893549,-0.323336184025,-0.151063933969,-0.236544266343,-0.345291882753,-0.241701290011,-0.184625953436,-0.068349599838,0.043132916093,0.086117513478,0.053622856736,0.118178203702,0.300025999546,0.294574826956,0.246629983187,0.073174744844,-0.107866868377,-0.088440582156,-0.251881152391,-0.500327289104,-0.592439174652,-0.581433355808,-0.605388581753,-0.574599742889,-0.406493723392,-0.354576617479,-0.194894284010,-0.009581300430,0.025796033442,0.276431530714,0.463327586651,0.535997390747,0.714179396629,0.712417185307,0.670896828175,0.690050184727,0.589942872524,0.506454169750,0.408050507307,0.165459364653,-0.142934948206,-0.366751849651,-0.330070137978,-0.246681988239,-0.381025582552,-0.429351359606,-0.285500556231,-0.216766864061,-0.169666379690,-0.169850572944,-0.239156812429,-0.050069421530,0.192178204656,0.284264773130,0.453733980656,0.570273756981,0.617023766041,0.627440929413,0.557683348656,0.445718884468,0.282509863377,0.189298078418,-0.055814031512,-0.352476090193,-0.407638281584,-0.568952560425,-0.753940403461,-0.849102795124,-0.888157725334,-0.791783094406,-0.643463015556,-0.325630784035,-0.132894486189,-0.093003161252,0.106038793921,0.288774847984,0.454770922661,0.517534136772,0.555399537086,0.604487061501,0.450691968203,0.332645177841,0.298573821783,0.260283738375,0.113573990762,-0.196950808167,-0.450336843729,-0.560121655464,-0.550873756409,-0.577704310417,-0.538092911243,-0.418622761965,-0.354737311602,-0.176894173026,-0.182913407683,-0.244698002934,-0.046774368733,0.016920873895,0.070093914866,0.145307868719,0.169258907437,0.352100402117,0.463432461023,0.465965270996,0.377180010080,0.264286786318,0.256425738335,0.126874059439,0.054672598839,-0.028168374673,-0.261021167040,-0.354367405176,-0.574664711952,-0.698615968227,-0.543675184250,-0.463729977608,-0.225854665041,-0.058610402048,0.029680436477,0.255204886198,0.336709111929,0.446170479059,0.471637815237,0.472415775061,0.558850705624,0.514529705048,0.538901805878,0.364389896393,0.162205263972,0.113073162735,-0.152826279402,-0.258725285530,-0.373367488384,-0.541651368141,-0.509989380836,-0.565772116184,-0.446598768234,-0.344074666500,-0.427587449551,-0.452592015266,-0.428220152855,-0.155851826072,-0.013104338199,0.012162695639,0.132725745440,0.154892295599,0.389886319637,0.514742374420,0.496152013540,0.576337814331,0.392725288868,0.205140545964,0.003698690096,-0.253849089146,-0.268945634365,-0.301611602306,-0.482571542263,-0.599726855755,-0.577652990818,-0.599073529243,-0.503625869751,-0.316888391972,-0.340036541224,-0.114025026560,0.179180011153,0.279105931520,0.577015161514,0.652623772621,0.639915287495,0.851116240025,0.868652462959,0.831762433052,0.629091024399,0.339937925339,0.409918338060,0.380673646927,0.144154205918,-0.056783333421,-0.249919071794,-0.209454819560,-0.150202944875,-0.208971589804,-0.090963594615,-0.041610877961,-0.118278525770,-0.105747960508,-0.091469660401,-0.076204136014,-0.048875335604,0.044521689415,0.135180070996,0.165168851614,0.310530066490,0.424360543489,0.400608688593,0.326262325048,0.231574147940,0.097537152469,-0.150655657053,-0.294070422649,-0.323879480362,-0.438805848360,-0.598420619965,-0.832523345947,-0.899281322956,-0.726694047451,-0.659661531448,-0.484077990055,-0.160477340221,-0.122043058276,-0.142932608724,-0.010946623050,0.065627396107,0.154620900750,0.228766873479,0.281019121408,0.438591212034,0.481011390686,0.362641930580,0.272327482700,0.133597239852,-0.118895009160,-0.268573611975,-0.307658880949,-0.415288031101,-0.403188616037,-0.363069981337,-0.380950838327,-0.299372613430,-0.302669167519,-0.189138785005,-0.077762283385,-0.109575159848,0.083278752863,0.204373285174,0.359937518835,0.546450138092,0.541871666908,0.675412476063,0.646794676781,0.533134937286,0.439517259598,0.269376784563,0.282997846603,0.101602420211,-0.101319395006,-0.132452487946,-0.271694779396,-0.342647016048,-0.396260350943,-0.374875456095,-0.306679099798,-0.204187974334,0.003599526128,0.121268458664,0.321824133396,0.427312105894,0.347260773182,0.296488761902,0.197771996260,0.312101542950,0.536320030689,0.603862643242,0.519695699215,0.361107289791,0.217086255550,-0.127143040299,-0.355584502220,-0.379195809364,-0.427053242922,-0.365880697966,-0.412528306246,-0.387524157763,-0.312705934048,-0.413080811501,-0.384325057268,-0.386432945728,-0.414999663830,-0.364486068487,-0.272944867611,-0.054974958301,0.094320945442,0.238785356283,0.351977318525,0.379601716995,0.324429273605,0.045749165118,-0.026259699836,0.017548805103,-0.072735257447,-0.093340493739,-0.264524608850,-0.403278231621,-0.487500309944,-0.616448223591,-0.578956067562,-0.580576598644,-0.381869435310,-0.048507932574,0.033687528223,0.089713148773,0.107159063220,0.127158001065,0.198405042291,0.278791248798,0.371278852224,0.406986236572,0.445136308670,0.390818148851,0.322938054800,0.233449921012,0.051050208509,-0.078370697796,-0.211354494095,-0.255680948496,-0.189558088779,-0.056089926511,-0.038896095008,-0.119869202375,0.008777211420,-0.030040195212,-0.154978841543,-0.136254265904,-0.140739277005,-0.045047584921,0.058842252940,0.242482453585,0.264762461185,0.192653194070,0.311343044043,0.100999653339,0.017608409747,0.089326068759,-0.094994209707,-0.029335927218,-0.036753147840,-0.198048457503,-0.359438419342,-0.602894484997,-0.632441580296,-0.606776773930,-0.545822441578,-0.427150756121,-0.295543372631,-0.115300774574,0.023114763200,0.178250417113,0.160674139857,0.151813685894,0.219576030970,0.258823871613,0.532996296883,0.514271974564,0.360545307398,0.445008873940,0.215493738651,-0.006843290292,-0.154275044799,-0.366327106953,-0.438101083040,-0.522363722324,-0.415553510189,-0.360907882452,-0.379604578018,-0.215969011188,-0.275363773108,-0.272651940584,-0.236255049706,-0.319750696421,-0.146935731173,-0.039948306978,0.094517625868,0.305238515139,0.323909938335,0.430077880621,0.361759483814,0.240399137139,0.401850908995,0.336103737354,0.245130762458,0.243208304048,-0.022113045678,-0.114464685321,-0.103603400290,-0.252437949181,-0.237518921494,-0.261949807405,-0.301849693060,-0.099577203393,0.089196592569,0.220468550920,0.318260550499,0.382484585047,0.426929414272,0.419557660818,0.438908994198,0.439683616161,0.467964619398,0.496669113636,0.409203618765,0.275903880596,0.109302341938,-0.050042413175,-0.244276598096,-0.447509437799,-0.465789496899,-0.393780976534,-0.375636756420,-0.413256138563,-0.394525557756,-0.313044577837,-0.422866433859,-0.569238066673,-0.526900827885,-0.455483913422,-0.372752964497,-0.236247926950,-0.035335596651,0.132737293839,0.179083481431,0.189278781414,0.174936413765,0.192121237516,0.100686527789,-0.124785348773,-0.211218982935,-0.320469796658,-0.461663454771,-0.533429384232,-0.742476701736,-0.902014195919,-0.857495844364,-0.723350822926,-0.539442718029,-0.357296288013,-0.122727401555,0.082369074225,0.246844872832,0.466437816620,0.555679738522,0.600403785706,0.700083434582,0.730395376682,0.764183819294,0.742968499660,0.621708869934,0.468108177185,0.279571712017,0.096004717052,-0.050658099353,-0.155666738749,-0.234496489167,-0.218238100410,-0.188337907195,-0.182581543922,-0.087123170495,-0.079316042364,-0.083401352167,-0.005853851791,0.124953880906,0.313868701458,0.360791981220,0.569282174110,0.764985442162,0.642721891403,0.657652080059,0.640802979469,0.566317141056,0.389710098505,0.138524308801,0.094434052706,-0.280507832766,-0.501443147659,-0.445503115654,-0.809007167816,-0.923255145550,-0.729250967503,-0.683415412903,-0.660161733627,-0.280863583088,0.123410359025,0.042204812169,0.310960739851,0.494072973728,0.223922207952,0.434173017740,0.558517098427,0.474349707365,0.468002110720,0.304616272449,0.175365641713,0.066808000207,0.012012271211,-0.297294139862,-0.624097883701,-0.521677911282,-0.597106397152,-0.601316094398,-0.432569533587,-0.382734805346,-0.178123325109,-0.191293284297,-0.295761644840,-0.162757411599,-0.057593055069,0.084721133113,0.178049668670,0.221515297890,0.330173701048,0.380975216627,0.420461982489,0.482983112335,0.464058607817,0.241424873471,0.068422414362,0.086492002010,-0.128950104117,-0.403010636568,-0.425564885139,-0.478993296623,-0.533059000969,-0.489366441965,-0.482559621334,-0.417521774769,-0.217022463679,0.011025863700,0.221447303891,0.336807638407,0.345309764147,0.369456976652,0.446382343769,0.543828129768,0.584951460361,0.627680003643,0.604496181011,0.488167256117,0.428993016481,0.196099489927,-0.022082123905,-0.111507967114,-0.362431466579,-0.490243673325,-0.498420327902,-0.458396673203,-0.456332325935,-0.578675389290,-0.502517521381,-0.517420768738,-0.495963454247,-0.242018505931,-0.180466294289,-0.039258718491,0.142565950751,0.244085893035,0.428199917078,0.485717386007,0.541673421860,0.591567575932,0.479099541903,0.285913288593,0.072335481644,-0.103614427149,-0.270467072725,-0.435001730919,-0.659227907658,-0.772117972374,-0.726497411728,-0.860980451107,-0.824517071247,-0.555191457272,-0.477747231722,-0.177468448877,0.230800583959,0.256928652525,0.274848788977,0.291061401367,0.354787141085,0.637468516827,0.618681311607,0.625919342041,0.675623655319,0.340120404959,0.331013262272,0.252623260021,-0.069596230984,-0.002005987801,-0.090861372650,-0.182941451669,-0.062958315015,-0.077729322016,-0.092815488577,-0.044953171164,-0.054487325251,-0.191368669271,-0.113025926054,-0.051025006920,-0.038424674422,0.284794420004,0.272168427706,0.259252876043,0.464518368244,0.433883935213,0.578035712242,0.615216195583,0.482132166624,0.334991067648,0.025824910030,-0.146549671888,-0.343888789415,-0.493938058615,-0.610931992531,-0.849001526833,-0.854892492294,-0.825621485710,-0.773492634296,-0.582161068916,-0.419412195683,-0.242714017630,-0.132327631116,0.025199709460,0.219085767865,0.348279535770,0.446458667517,0.408294916153,0.475244998932,0.506405532360,0.362689614296,0.303367793560,0.034276474267,-0.224443301558,-0.357006281614,-0.637652277946,-0.573785364628,-0.480071157217,-0.716630220413,-0.703675091267,-0.585560262203,-0.569025456905,-0.496661812067,-0.397324383259,-0.213941276073,-0.002443513367,0.228783056140,0.465891718864,0.562112987041,0.612888336182,0.686667442322,0.767659127712,0.734988749027,0.502716839314,0.435287237167,0.380188077688,0.097022339702,0.030793266371,-0.152693271637,-0.462633550167,-0.374134212732,-0.395713895559,-0.385940998793,-0.193970307708,-0.223353385925,-0.000877259416,0.349865376949,0.404645651579,0.450365304947,0.522929787636,0.478857040405,0.582062721252,0.842928051949,0.734597325325,0.635581195354,0.699416220188,0.451199471951,0.300578266382,0.178620591760,-0.065917462111,-0.244300663471,-0.461308032274,-0.491600066423,-0.457696765661,-0.435821861029,-0.304371118546,-0.310642451048,-0.451359570026,-0.424206703901,-0.213773861527,-0.164111003280,-0.045740634203,0.108569853008,0.101538851857,0.347355425358,0.401515036821,0.277789980173,0.355253666639,0.240741908550,0.187736853957,0.187270313501,0.021908804774,-0.143008977175,-0.395936667919,-0.619341850281,-0.759642481804,-0.819840669632,-0.731491148472,-0.641215622425,-0.499919682741,-0.174315720797,0.041708290577,-0.013545361347,0.115600824356,0.346690535545,0.273970097303,0.345365852118,0.582921087742,0.531250238419,0.467292517424,0.440682977438,0.357750177383,0.312376677990,0.078163705766,-0.106499023736,-0.221173629165,-0.464527428150,-0.440069466829,-0.429451167583,-0.466395378113,-0.246080383658,-0.284789383411,-0.360626727343,-0.235120385885,-0.242623895407,-0.125043019652,0.114997342229,0.221377104521,0.254074305296,0.365364074707,0.519352495670,0.520001411438,0.438922703266,0.381522744894,0.313175201416,0.183434545994,0.085267134011,-0.004935959820,-0.254435539246,-0.453708887100,-0.510291576385,-0.574158132076,-0.630974173546,-0.591381072998,-0.410866260529,-0.192583933473,-0.068712823093,0.033341564238,0.232552334666,0.346477389336,0.385291486979,0.475617289543,0.432005167007,0.404031664133,0.464313447475,0.453865826130,0.387194216251,0.147230044007,-0.087730288506,-0.183288887143,-0.338160634041,-0.401279240847,-0.244535997510,-0.225417450070,-0.319389283657,-0.095034837723,-0.088489666581,-0.322136998177,-0.119806237519,-0.109365172684,-0.246252581477,-0.036684375256,-0.025199022144,-0.041877832264,0.171192720532,0.187888145447,0.240930512547,0.431522846222,0.279737710953,0.145068302751,0.151582658291,0.022840052843,0.070739559829,0.093074835837,0.013644321822,-0.001924707321,-0.100838631392,-0.098740637302,-0.071223482490,-0.078531563282,0.059275887907,0.150348067284,0.113477535546,0.122710995376,0.192646607757,0.190498337150,0.264553725719,0.444872319698,0.394664436579,0.330898284912,0.385597974062,0.353901952505,0.409158796072,0.328725993633,0.117223896086,-0.041582692415,-0.331298649311,-0.307833880186,-0.243235826492,-0.459152162075,-0.425115257502,-0.449984222651,-0.449788719416,-0.374939501286,-0.513618528843,-0.453762143850,-0.366851568222,-0.185469478369,0.019780635834,-0.026704378426,0.121816962957,0.145301967859,0.164609074593,0.345048427582,0.245464980602,0.220240324736,0.149940952659,-0.086837813258,-0.296586692333,-0.439243316650,-0.476656824350,-0.658246040344,-0.650957822800,-0.522066771984,-0.523387730122,-0.356633484364,-0.266924351454,-0.105849035084,0.157315701246,0.229181960225,0.409559398890,0.578040957451,0.513105034828,0.416838318110,0.504921376705,0.590580046177,0.493568301201,0.484707891941,0.330831944942,0.090195633471,0.061474073678,-0.126802280545,-0.241136014462,-0.235684871674,-0.397877275944,-0.308451563120,-0.143305376172,-0.192247375846,-0.138634487987,-0.083089567721,-0.100778505206,-0.012444137596,0.037812497467,-0.003298407421,0.173658713698,0.485043317080,0.510131180286,0.447303295135,0.411728471518,0.304278045893,0.335883438587,0.176202818751,-0.161004930735,-0.208105027676,-0.304001629353,-0.520081818104,-0.557630956173,-0.619098126888,-0.667290985584,-0.511292040348,-0.409513533115,-0.285582840443,-0.033020827919,0.144524812698,0.388849973679,0.479838073254,0.382226258516,0.458527177572,0.534480988979,0.655473768711,0.700895607471,0.505051672459,0.366198658943,0.181908220053,-0.013229748234,-0.123176254332,-0.367366015911,-0.557905137539,-0.545788109303,-0.545337319374,-0.431407630444,-0.212223812938,-0.219849690795,-0.242215454578,-0.221092447639,-0.242212459445,-0.086511701345,0.082569211721,0.146110609174,0.181413233280,0.291083931923,0.421462565660,0.406728684902,0.395357340574,0.351427614689,0.274820595980,0.208063155413,0.014596325345,-0.189922690392,-0.258742272854,-0.295067906380,-0.473939687014,-0.544647634029,-0.537594914436,-0.666534721851,-0.561978459358,-0.332826346159,-0.151090458035,0.080609329045,0.189369231462,0.293552279472,0.534188568592,0.647434055805,0.538540363312,0.543775379658,0.546285152435,0.452289432287,0.531879067421,0.424770027399,0.148152604699,-0.054303843528,-0.320320606232,-0.428539752960,-0.436240285635,-0.507429659367,-0.489143818617,-0.434224486351,-0.428605139256,-0.340044349432,-0.241540864110,-0.246075421572,-0.118235923350,0.053973369300,0.217715278268,0.369679927826,0.361263662577,0.458382070065,0.475266486406,0.433596998453,0.540768682957,0.375974267721,0.189455538988,0.089651003480,-0.204748526216,-0.479325175285,-0.641879975796,-0.731288909912,-0.753985404968,-0.676925122738,-0.584761559963,-0.516340136528,-0.414876133204,-0.183413669467,0.226602703333,0.439043372869,0.565030932426,0.658794641495,0.512520909309,0.589412808418,0.654642939568,0.497819691896,0.495111793280,0.379765093327,0.142089083791,0.049619548023,-0.006047050003,-0.171171411872,-0.286643475294,-0.303704172373,-0.356846332550,-0.262481778860,-0.170445844531,-0.074451707304,0.049858864397,-0.154164940119,-0.209767654538,0.004743586760,0.129500254989,0.246620789170,0.245581656694,0.268337309361,0.362611413002,0.341326922178,0.324126720428,0.305803984404,0.241610154510,0.142218023539,0.022716637701,-0.180618241429,-0.398375004530,-0.474514693022,-0.653335571289,-0.812910258770,-0.746109068394,-0.703934252262,-0.670545995235,-0.598139405251,-0.410626322031,-0.157529309392,-0.025558291003,0.132340371609,0.187650725245,0.242118105292,0.453938603401,0.441513270140,0.437729358673,0.481979399920,0.364362686872,0.358626872301,0.215110987425,-0.044238720089,-0.157414257526,-0.265102982521,-0.338818669319,-0.430709451437,-0.396541059017,-0.352100372314,-0.439098656178,-0.267865657806,-0.168700233102,-0.251516729593,-0.152575507760,-0.018234526739,0.146878987551,0.247097730637,0.266254007816,0.360821723938,0.374967008829,0.411699593067,0.549179255962,0.517621695995,0.388562053442,0.279076278210,0.077923856676,-0.007512524724,-0.053319714963,-0.254967957735,-0.306256413460,-0.366023868322,-0.481766164303,-0.406621187925,-0.390847146511,-0.305396407843,-0.063583284616,0.123679161072,0.317862629890,0.361850500107,0.343702524900,0.441986531019,0.435627430677,0.385885089636,0.401582062244,0.412979364395,0.406879156828,0.302407920361,0.081158488989,-0.122824408114,-0.244162604213,-0.251381188631,-0.238844260573,-0.445071488619,-0.554675757885,-0.422088056803,-0.386832654476,-0.306530177593,-0.318150877953,-0.384947597980,-0.189804077148,-0.108056321740,-0.074521206319,0.032554365695,0.074987940490,0.233015030622,0.322016030550,0.278263270855,0.297811925411,0.352623641491,0.320667237043,0.094438955188,-0.156507462263,-0.304072558880,-0.390606701374,-0.453356742859,-0.567025065422,-0.651005864143,-0.606277704239,-0.515349507332,-0.437690436840,-0.283302307129,-0.105191990733,0.064054884017,0.224254488945,0.164665892720,0.149762019515,0.368303984404,0.497541368008,0.549262762070,0.523469328880,0.442748427391,0.370535135269,0.182300388813,0.029248062521,-0.140397787094,-0.343665748835,-0.304946035147,-0.244295313954,-0.315076500177,-0.318981677294,-0.257327377796,-0.270963340998,-0.378521174192,-0.398132562637,-0.291229158640,-0.194347038865,-0.122669242322,-0.032180722803,0.091970309615,0.256004750729,0.372981667519,0.377115845680,0.388809561729,0.392488598824,0.339367061853,0.290928155184,0.138053745031,-0.074669472873,-0.211004078388,-0.306976765394,-0.436780452728,-0.599946081638,-0.618160605431,-0.532797098160,-0.421280413866,-0.290246725082,-0.145034983754,0.082864798605,0.133423447609,0.212865948677,0.348069399595,0.230195373297,0.325886160135,0.414854973555,0.350669205189,0.393602102995,0.314705222845,0.225595936179,0.011741863564,-0.127841427922,-0.154976338148,-0.298808366060,-0.254074484110,-0.359240114689,-0.318354189396,-0.089767515659,-0.129249051213,-0.090875901282,-0.320271760225,-0.345546215773,-0.069007307291,-0.084200374782,0.130983933806,0.198559969664,0.178924888372,0.238394156098,0.179560780525,0.391857445240,0.397239148617,0.313207089901,0.307511895895,0.199037015438,0.208646804094,0.066802799702,-0.018999248743,-0.096177347004,-0.298794358969,-0.339903622866,-0.360185295343,-0.351921796799,-0.302530199289,-0.085715360940,0.067476615310,0.096253290772,0.277304977179,0.224617645144,0.312941342592,0.475405663252,0.353933453560,0.494540303946,0.464559257030,0.254534631968,0.277406245470,0.206484735012,0.067306354642,-0.130237489939,-0.323760837317,-0.423370838165,-0.498709380627,-0.524138569832,-0.530470430851,-0.436690211296,-0.380032360554,-0.440560489893,-0.464588791132,-0.555788993835,-0.515791833401,-0.261613160372,-0.099022462964,0.038007322699,0.134774714708,0.137222826481,0.197292417288,0.259587198496,0.232103526592,0.138263300061,0.066782660782,0.059513844550,0.019358666614,-0.120327323675,-0.295039713383,-0.475154161453,-0.573798179626,-0.428105205297,-0.229557797313,-0.154124677181,-0.057966738939,0.104942083359,0.272088527679,0.384831309319,0.438762068748,0.355937123299,0.260391741991,0.410721451044,0.502106428146,0.446288377047,0.485846698284,0.527847170830,0.495792001486,0.328662633896,0.153044730425,-0.005740112625,-0.171934649348,-0.180928722024,-0.235118925571,-0.106410577893,0.113889776170,-0.041796434671,-0.041055426002,-0.027275174856,-0.160573676229,-0.115632079542,-0.199301958084,-0.117705270648,0.081849142909,0.148392960429,0.293394297361,0.225064039230,0.095735184848,0.021940868348,-0.039955981076,0.013103211299,-0.050031941384,-0.122079603374,-0.226399227977,-0.391730636358,-0.523650646210,-0.664408564568,-0.553415358067,-0.409500509501,-0.347562879324,-0.124922133982,-0.010704887100,0.058847732842,0.153553605080,0.135257437825,0.205170750618,0.306832700968,0.411784559488,0.518719971180,0.502767443657,0.444352090359,0.300283879042,0.208291232586,0.152890026569,-0.078012116253,-0.231589451432,-0.279755443335,-0.262589722872,-0.221579730511,-0.223064452410,-0.088003352284,-0.067464895546,-0.144741520286,-0.237946614623,-0.391315668821,-0.202848166227,-0.055789560080,-0.012476949021,0.293017894030,0.305746078491,0.191078335047,0.315171867609,0.356316983700,0.340647399426,0.394050389528,0.395679831505,0.192868888378,0.020635988563,-0.020376408473,-0.176236599684,-0.360226064920,-0.570861876011,-0.687014639378,-0.576344370842,-0.458920210600,-0.248342737556,0.007317068987,0.082908257842,0.094970911741,0.137887656689,0.176295727491,0.283195912838,0.456689715385,0.536153614521,0.531896352768,0.443970263004,0.392705559731,0.406131982803,0.168545573950,-0.081408947706,-0.257374912500,-0.482564240694,-0.409722834826,-0.289175361395,-0.276103049517,-0.220108032227,-0.295824766159,-0.309065729380,-0.274271458387,-0.262119889259,-0.112594455481,-0.064761459827,-0.053238097578,0.111340396106,0.212211295962,0.285810589790,0.363424748182,0.257265925407,0.141296654940,0.098843008280,0.011138474569,-0.074361883104,-0.216011598706,-0.285530030727,-0.306896716356,-0.483230024576,-0.612176835537,-0.653403699398,-0.530918300152,-0.327426463366,-0.305169075727,-0.187761276960,0.047527905554,0.270827293396,0.454450100660,0.515768766403,0.553587555885,0.570973575115,0.695181906223,0.848199486732,0.838512897491,0.787797152996,0.587310910225,0.310024499893,0.152250975370,-0.014270272106,-0.162834480405,-0.215395048261,-0.239471092820,-0.183307290077,-0.079773247242,-0.098420791328,-0.089846983552,-0.111322417855,-0.308379948139,-0.217919662595,0.045204799622,0.121667325497,0.251710861921,0.300188839436,0.245933100581,0.357395112514,0.498202443123,0.435425519943,0.382797420025,0.417369842529,0.089828491211,-0.117700003088,-0.122871026397,-0.568845212460,-0.798082947731,-0.793489396572,-0.967679560184,-0.934020698071,-0.769303679466,-0.665957272053,-0.562323451042,-0.311161786318,-0.085244357586,0.064322464168,0.251826703548,0.219705015421,0.257835417986,0.351124912500,0.318824350834,0.402869343758,0.276656419039,0.133139491081,0.142804920673,0.037044405937,-0.111728414893,-0.374853074551,-0.416766107082,-0.346164464951,-0.391194224358,-0.275686681271,-0.342081367970,-0.286621123552,-0.095148980618,-0.180138409138,0.037393052131,0.213152050972,0.159982010722,0.381453275681,0.548743069172,0.577838540077,0.586237370968,0.578448891640,0.544370532036,0.493631184101,0.491556555033,0.439334094524,0.341176986694,0.047351587564,-0.178082332015,-0.208778709173,-0.457960605621,-0.523657977581,-0.449526250362,-0.489689350128,-0.286075562239,-0.078715637326,0.086212210357,0.285506457090,0.350015789270,0.377037912607,0.388297349215,0.456592470407,0.552802324295,0.585114002228,0.528982222080,0.380062401295,0.305317968130,0.237935349345,0.022614374757,-0.274041175842,-0.475829303265,-0.531811237335,-0.510228335857,-0.462455332279,-0.468569070101,-0.466656327248,-0.387565851212,-0.260777801275,-0.289502948523,-0.457575380802,-0.431925058365,-0.233586072922,-0.048006281257,0.003970473073,0.117365784943,0.276396125555,0.252172708511,0.329512953758,0.389837712049,0.291490823030,0.244369640946,0.205138519406,-0.015964210033,-0.304129093885,-0.295449018478,-0.416551470757,-0.604971826077,-0.578178942204,-0.696865856647,-0.510505199432,-0.311021864414,-0.269195616245,0.057857226580,0.064854800701,0.110611595213,0.427214056253,0.441802650690,0.491484045982,0.689131677151,0.734112203121,0.691446304321,0.657097995281,0.478132873774,0.361671239138,0.277754485607,0.051710907370,0.126939252019,0.053197626024,-0.299629628658,-0.237480238080,-0.143252432346,-0.187000289559,-0.181458637118,-0.307512253523,-0.349634915590,-0.200517833233,-0.067126415670,0.140721783042,0.337944239378,0.364318609238,0.522065758705,0.639717519283,0.555111467838,0.558510541916,0.425213873386,0.305850595236,0.355666667223,0.167665466666,0.027009991929,-0.057043507695,-0.397321283817,-0.535015285015,-0.551943659782,-0.617058455944,-0.463848531246,-0.434183597565,-0.356924384832,-0.074326887727,0.034962560982,0.222467318177,0.291532188654,0.175775825977,0.368577271700,0.486351191998,0.453371465206,0.636630415916,0.582469224930,0.299039244652,0.267159461975,0.067678153515,-0.250439047813,-0.283481627703,-0.369888603687,-0.348200023174,-0.265495479107,-0.414879083633,-0.375273197889,-0.273952722549,-0.312571823597,-0.247539877892,-0.224004089832,-0.302828222513,-0.182672962546,0.102714508772,0.239994600415,0.363443523645,0.594048619270,0.681538403034,0.608788013458,0.632784903049,0.718894124031,0.619351029396,0.478741556406,0.283587396145,0.020927919075,-0.090024136007,-0.234153911471,-0.317283987999,-0.374160408974,-0.542135953903,-0.429083079100,-0.192311316729,-0.132886484265,-0.098698742688,0.128415808082,0.287621051073,0.205609396100,0.361146360636,0.426208108664,0.414248496294,0.609724938869,0.509064078331,0.426911890507,0.338871955872,0.164716541767,0.079190284014,-0.223338484764,-0.407158464193,-0.506630778313,-0.477590858936,-0.300758749247,-0.401966243982,-0.413996547461,-0.375159859657,-0.470951378345,-0.509343326092,-0.469248801470,-0.379799067974,-0.275840193033,-0.135311692953,-0.131960168481,-0.048648361117,0.093632452190,0.097820892930,0.241644427180,0.229902282357,0.199687048793,0.151750117540,-0.119435712695,-0.058509588242,-0.181210324168,-0.465144664049,-0.401710331440,-0.549379825592,-0.543972551823,-0.289877593517,-0.199544534087,-0.006421658676,0.125231876969,0.195840626955,0.387871474028,0.441910654306,0.463492542505,0.615921854973,0.619616985321,0.582958042622,0.649336814880,0.505526900291,0.393487453461,0.369281768799,0.116460286081,0.009609538130,0.010448194109,-0.073644384742,-0.026686009020,-0.028185062110,-0.041942972690,-0.049808483571,-0.130316346884,-0.129643365741,-0.208274245262,-0.168884426355,0.040601577610,0.042155344039,0.070926576853,0.199152290821,0.298880606890,0.417285203934,0.431684374809,0.481624513865,0.512880682945,0.194071084261,0.011521527544,0.133682981133,-0.160047382116,-0.426197052002,-0.305761933327,-0.530838251114,-0.708193063736,-0.550166368484,-0.535197198391,-0.418120324612,-0.205218806863,-0.166073888540,-0.019262513146,0.169089615345,0.033306591213,0.136785060167,0.405546396971,0.114012010396,0.205067500472,0.492749392986,0.209154739976,0.272529780865,0.250033468008,-0.107368901372,-0.146317020059,-0.266319990158,-0.473492026329,-0.470625430346,-0.370534330606,-0.382212728262,-0.353267401457,-0.292697757483,-0.328722506762,-0.212095797062,-0.259177029133,-0.292764782906,-0.025271899998,0.090268284082,0.230813086033,0.415071874857,0.444316148758,0.452032059431,0.461332827806,0.437651365995,0.331911236048,0.284286767244,0.221559897065,0.050231460482,-0.142016395926,-0.398688256741,-0.466280311346,-0.397304862738,-0.464470952749,-0.407144576311,-0.187113851309,0.005003157072,0.130423054099,0.188538521528,0.339844644070,0.464420467615,0.514637351036,0.717972040176,0.680963456631,0.503444254398,0.569339752197,0.468098282814,0.374325126410,0.341317474842,0.122424907982,-0.023704452440,-0.239279374480,-0.435973942280,-0.456586182117,-0.402951419353,-0.266093522310,-0.243843704462,-0.215030148625,-0.205613821745,-0.255742609501,-0.231349766254,-0.265939891338,-0.149053633213,0.003914896864,0.140954390168,0.342727929354,0.306668013334,0.322350144386,0.352576434612,0.282364875078,0.241885125637,0.065326154232,0.001993674552,-0.200834110379,-0.528586268425,-0.514512717724,-0.622250437737,-0.785204172134,-0.712806344032,-0.641819953918,-0.556150317192,-0.361086666584,-0.078512042761,0.064320556819,0.128718152642,0.261620402336,0.435323148966,0.749124705791,0.845105886459,0.766794979572,0.915293931961,0.888093233109,0.669982910156,0.537114858627,0.323235809803,0.090041160583,-0.044886179268,-0.094681434333,-0.171372041106,-0.310408234596,-0.361413538456,-0.328385889530,-0.251020014286,-0.203585594893,-0.171774625778,-0.092165343463,-0.081392355263,-0.054588720202,0.089255325496,0.256263524294,0.374032586813,0.424750477076,0.406200379133,0.338925749063,0.295927077532,0.206502646208,0.113071702421,0.017905555665,-0.248408168554,-0.487705439329,-0.664758682251,-0.805814504623,-0.814633905888,-0.780961811543,-0.622503578663,-0.534919917583,-0.500998437405,-0.234084457159,-0.089128039777,-0.030022216961,0.211629405618,0.336402148008,0.353057622910,0.476818382740,0.461210757494,0.299499809742,0.320908784866,0.310591757298,0.166353419423,0.082526318729,-0.147797495127,-0.415863245726,-0.459003150463,-0.405211478472,-0.339251309633,-0.347604781389,-0.293909996748,-0.099448166788,-0.061845287681,-0.126533731818,-0.113944783807,0.011009647511,0.164900451899,0.220194712281,0.317411214113,0.415212363005,0.478836566210,0.549414992332,0.541354298592,0.581506013870,0.600681126118,0.447745025158,0.212107196450,0.056036129594,-0.071947529912,-0.263782560825,-0.295680522919,-0.408617556095,-0.596027135849,-0.527180016041,-0.527032017708,-0.467289865017,-0.282361835241,-0.145521387458,0.103556171060,0.178153112531,0.155119955540,0.325972795486,0.405125916004,0.453299880028,0.690121591091,0.769000053406,0.600588917732,0.445200502872,0.214425399899,0.025453064591,-0.085225060582,-0.268258363008,-0.319620400667,-0.370864450932,-0.488085627556,-0.417487502098,-0.334505677223,-0.368056714535,-0.381319999695,-0.440068662167,-0.471887558699,-0.294439285994,-0.174158409238,-0.169304385781,-0.040460169315,0.142139598727,0.300311684608,0.360634446144,0.374724596739,0.447249650955,0.414077788591,0.252074450254,0.047059427947,-0.164116457105,-0.323241353035,-0.446722358465,-0.555159270763,-0.669718742371,-0.803966760635,-0.838408350945,-0.656148731709,-0.454241126776,-0.286030620337,0.016185406595,0.199115842581,0.258022129536,0.362647444010,0.369418203831,0.481296330690,0.586371779442,0.419939965010,0.365493655205,0.367088466883,0.210089743137,0.116503722966,-0.140508368611,-0.477372527122,-0.418533593416,-0.389434635639,-0.447935998440,-0.342356324196,-0.420309901237,-0.377672821283,-0.295980989933,-0.393780112267,-0.172592639923,-0.103157423437,-0.144886717200,0.189726471901,0.311779141426,0.308488607407,0.473226398230,0.534076273441,0.466565519571,0.403672188520,0.440025180578,0.359219789505,0.127129718661,0.005833051167,-0.112278945744,-0.323340505362,-0.472329169512,-0.576474905014,-0.631222665310,-0.518594205379,-0.475824832916,-0.483675181866,-0.264092803001,-0.040056988597,0.110416077077,0.246767669916,0.348134070635,0.465896636248,0.543821454048,0.621701896191,0.603945612907,0.470737427473,0.419177323580,0.369214117527,0.247388795018,0.017247546464,-0.295526653528,-0.437458157539,-0.438358962536,-0.410234779119,-0.294902831316,-0.273239612579,-0.278622299433,-0.231768518686,-0.374845564365,-0.402440428734,-0.199361383915,-0.027205852792,0.120991505682,0.163497254252,0.267451465130,0.421782821417,0.469785034657,0.612394809723,0.608814120293,0.454799503088,0.463109403849,0.318104416132,0.079910747707,-0.013382471167,-0.223935216665,-0.345974415541,-0.351401805878,-0.547811865807,-0.593782484531,-0.457990825176,-0.353491455317,-0.133308187127,0.104321412742,0.220791786909,0.184638664126,0.150792658329,0.276443511248,0.317291736603,0.292940288782,0.353571325541,0.346650063992,0.285101175308,0.175342425704,-0.003136182437,-0.122321628034,-0.257218450308,-0.378641515970,-0.433343559504,-0.493794560432,-0.421304345131,-0.359707295895,-0.266710698605,-0.058564454317,-0.071066223085,-0.074028961360,-0.145612135530,-0.402755290270,-0.337047219276,-0.165524169803,-0.024824906141,0.165288507938,0.148623630404,0.115694530308,0.103909969330,-0.024607060477,-0.071173913777,-0.033793687820,-0.024740895256,-0.009519938380,-0.046860150993,-0.160262092948,-0.186996057630,-0.247900277376,-0.377558529377,-0.325777590275,-0.290420681238,-0.245370090008,-0.082315593958,-0.078477315605,-0.030168138444,0.066756173968,0.073697283864,0.206685885787,0.319475054741,0.417063742876,0.585834801197,0.636272072792,0.540010154247,0.362229734659,0.230444267392,0.147426560521,0.006185238715,-0.100661747158,-0.129503056407,-0.233184129000,-0.269804984331,-0.177227839828,-0.206059619784,-0.160995081067,-0.196607768536,-0.441974371672,-0.397910475731,-0.349345684052,-0.365660637617,-0.186164438725,-0.084183044732,0.130991727114,0.321617931128,0.261750221252,0.316100507975,0.385283052921,0.365250527859,0.298772662878,0.218765184283,0.181336045265,-0.023168008775,-0.279143959284,-0.371191859245,-0.412282437086,-0.438689112663,-0.435176432133,-0.448282122612,-0.315478295088,-0.061833389103,-0.006097861566,-0.059437464923,-0.104696922004,0.010730027221,0.288297921419,0.408078581095,0.459729135036,0.458992749453,0.469007968903,0.489787936211,0.367236346006,0.272174179554,0.106237605214,-0.101758763194,-0.294037312269,-0.431968778372,-0.361732393503,-0.388036102057,-0.345215678215,-0.193612113595,-0.286330670118,-0.304048180580,-0.290663003922,-0.269431859255,-0.039492543787,0.024781584740,0.004000684712,0.064399100840,0.075973659754,0.123652473092,0.115413531661,0.139974743128,0.185344502330,0.067968577147,0.053531091660,0.037827458233,-0.074103355408,-0.099647715688,-0.252452939749,-0.456109821796,-0.536683201790,-0.498341292143,-0.395535439253,-0.295653343201,-0.129705980420,-0.102780751884,-0.039576686919,0.146589800715,0.216280817986,0.401961475611,0.478862106800,0.424164533615,0.359423190355,0.171000376344,0.173126667738,0.134498506784,0.007246708497,-0.074350275099,-0.174054622650,-0.102670803666,-0.160997673869,-0.178921654820,-0.153735384345,-0.363478213549,-0.312004774809,-0.284039199352,-0.363143622875,-0.275805354118,-0.327248632908,-0.383549392223,-0.395221978426,-0.209227874875,0.149107307196,0.222297742963,0.224624276161,0.341342359781,0.448515504599,0.445215046406,0.360519230366,0.282871425152,0.172034040093,0.052967466414,-0.206354826689,-0.461264967918,-0.591519057751,-0.676734149456,-0.576781153679,-0.527936697006,-0.432051360607,-0.251301974058,-0.195466801524,0.075125448406,0.272380530834,0.378815233707,0.593150675297,0.606667518616,0.797042846680,0.919106006622,0.712805271149,0.673046171665,0.575462162495,0.337314397097,0.138874262571,-0.016516108066,-0.193166568875,-0.354301422834,-0.321823030710,-0.278575867414,-0.201365202665,-0.103753849864,-0.136331424117,-0.231565982103,-0.302754551172,-0.215278014541,-0.192606687546,-0.092127405107,0.124407701194,0.078096687794,0.099757686257,0.149348542094,0.137119308114,0.194415867329,0.127656966448,0.088553540409,-0.001485214452,-0.144468501210,-0.280743837357,-0.513947844505,-0.661901175976,-0.805068910122,-0.795592248440,-0.691477715969,-0.616932094097,-0.288141638041,-0.083569787443,-0.037393342704,0.056870203465,0.177774131298,0.331950902939,0.244784221053,0.294256865978,0.503241837025,0.450211793184,0.373906046152,0.275958418846,0.187955558300,0.174600437284,0.126246362925,0.049361065030,-0.084243610501,-0.177078127861,-0.207694754004,-0.208484560251,-0.116651766002,0.001154373866,-0.073001064360,-0.173586606979,-0.105258025229,-0.190528601408,-0.207148134708,-0.000351820257,0.127457320690,0.309442371130,0.356559306383,0.273735105991,0.377521127462,0.459228277206,0.534284114838,0.552644789219,0.320796698332,0.175930470228,0.210560709238,0.095130637288,-0.150809809566,-0.341225236654,-0.405637502670,-0.383079767227,-0.431162744761,-0.434673190117,-0.382350713015,-0.330770552158,-0.137607008219,-0.118220627308,-0.137667536736,0.085111811757,0.135359048843,0.213439390063,0.398753643036,0.393105536699,0.442914634943,0.468130946159,0.322804272175,0.204026833177,0.048910528421,-0.137020006776,-0.133022621274,-0.104156583548,-0.219601318240,-0.369223743677,-0.509478092194,-0.451407611370,-0.371976494789,-0.378922522068,-0.285244345665,-0.377024382353,-0.313555926085,-0.018167641014,0.036574449390,0.194675713778,0.312767058611,0.317389875650,0.491539984941,0.565054476261,0.536500096321,0.363963961601,0.167657464743,0.126737385988,0.034586526453,-0.104092329741,-0.370782047510,-0.638440310955,-0.758537888527,-0.783528149128,-0.612487792969,-0.396557569504,-0.173294588923,-0.009280686267,0.074058704078,0.298822969198,0.426410794258,0.476377040148,0.647532880306,0.658420562744,0.625397086143,0.659028351307,0.518414378166,0.368722736835,0.176856920123,-0.087697401643,-0.182784676552,-0.332891166210,-0.409211367369,-0.297902762890,-0.366988420486,-0.373422503471,-0.317152678967,-0.467512786388,-0.449383288622,-0.382465213537,-0.439804792404,-0.140103220940,-0.025705449283,-0.216629013419,0.199427887797,0.416239023209,0.249390244484,0.500853896141,0.510672509670,0.428017228842,0.564201295376,0.433175653219,0.245870709419,0.068836130202,-0.144992858171,-0.250165075064,-0.355891972780,-0.553971707821,-0.544315159321,-0.389615714550,-0.478893220425,-0.359014600515,-0.128380089998,-0.130510300398,0.086001157761,0.241801023483,0.230381786823,0.360506027937,0.450135320425,0.560522317886,0.693521738052,0.723394691944,0.596816658974,0.358913570642,0.214182540774,-0.028786450624,-0.240319937468,-0.138590633869,-0.189014747739,-0.319794028997,-0.212179467082,-0.179964348674,-0.247189208865,-0.317298293114,-0.323599308729,-0.222426831722,-0.156222656369,-0.006881405599,0.204361572862,0.324852824211,0.412451207638,0.505961537361,0.604665160179,0.726460397243,0.777068674564,0.520831167698,0.336001187563,0.412133902311,0.213944494724,-0.054528515786,-0.227243274450,-0.465602040291,-0.558184683323,-0.605834245682,-0.650151193142,-0.602754354477,-0.483473181725,-0.280774444342,-0.125198304653,0.007417973131,0.142315372825,0.303722858429,0.525768578053,0.560712575912,0.478360593319,0.526443243027,0.498549044132,0.332869201899,0.258121430874,0.095482856035,-0.118791624904,-0.220826148987,-0.490052849054,-0.523494124413,-0.402811467648,-0.554532945156,-0.300400525331,-0.127722263336,-0.431926488876,-0.432708173990,-0.411953032017,-0.474350392818,-0.259611427784,-0.059058632702,-0.087060920894,0.001006205799,0.187864884734,0.215662732720,0.350375354290,0.378614574671,0.316700726748,0.338959395885,0.218835726380,0.251749455929,0.214914768934,-0.000088100256,-0.169361338019,-0.353083938360,-0.346870720387,-0.333394259214,-0.254874080420,-0.050830587745,0.088062442839,0.186806976795,0.129868835211,0.258013308048,0.387881785631,0.319458484650,0.615886092186,0.796311974525,0.612576961517,0.664285302162,0.667045950890,0.462121814489,0.472526907921,0.395874351263,0.155178010464,0.111725002527,-0.057267684489,-0.255908250809,-0.173239618540,-0.104977808893,-0.129711896181,-0.214647650719,-0.320441186428,-0.372795879841,-0.452626794577,-0.440171122551,-0.240880548954,-0.169843569398,-0.101009733975,0.188363328576,0.213497877121,0.172813683748,0.279781132936,0.203067883849,0.165388047695,0.033186238259,-0.066949829459,-0.007337798830,-0.243740141392,-0.350019276142,-0.409076273441,-0.595092177391,-0.442451238632,-0.418605268002,-0.450522154570,-0.230172559619,-0.131032615900,-0.022438867018,0.107280202210,0.135523110628,0.133335053921,0.142231240869,0.231798112392,0.316226929426,0.318606019020,0.312956184149,0.413085103035,0.274001836777,-0.062402643263,-0.053198352456,-0.094478167593,-0.203061223030,-0.099299035966,-0.098392538726,-0.097307160497,-0.078094862401,0.023840833455,0.059295754880,-0.227473080158,-0.282942384481,-0.163201570511,-0.155196487904,-0.068536818027,0.094237357378,0.263497054577,0.286885708570,0.316114157438,0.347761601210,0.325612276793,0.350002855062,0.211567223072,0.247086673975,0.239757552743,-0.034570280463,0.057213079184,-0.130824998021,-0.549221992493,-0.428535550833,-0.421319365501,-0.483068317175,-0.253208786249,-0.091752804816,-0.071499451995,-0.059642557055,0.027001325041,0.082827977836,0.101740792394,0.197468772531,0.296832472086,0.351193279028,0.344613552094,0.264909774065,0.205857053399,0.204117447138,0.180207654834,0.144220501184,0.041095606983,-0.150580704212,-0.198219746351,-0.116162903607,-0.132421195507,-0.209322094917,-0.258752435446,-0.356955766678,-0.445088893175,-0.421521425247,-0.376005023718,-0.356433361769,-0.255138725042,-0.040465235710,0.059747423977,0.034625619650,0.062372114509,0.183710947633,0.350184082985,0.314422637224,0.206737399101,0.184444069862,0.071642197669,0.004836452194,-0.055457882583,-0.226654157043,-0.295403599739,-0.301596075296,-0.363379031420,-0.218461245298,0.003634133143,0.030519504100,0.207767531276,0.394783169031,0.436912149191,0.622803092003,0.750199913979,0.831520497799,0.874425232410,0.782628774643,0.759941518307,0.626239478588,0.464844197035,0.373272895813,0.137034788728,-0.036189239472,-0.118548512459,-0.157019942999,-0.234668433666,-0.245616257191,0.033829379827,0.040327358991,-0.115817256272,-0.037448871881,-0.080083347857,-0.079724274576,0.019256558269,-0.023219365627,-0.079100884497,0.006002049893,0.095068395138,0.026414074004,0.105825535953,0.136849626899,-0.018023105338,-0.016222415492,-0.194951653481,-0.340426146984,-0.230958402157,-0.333659082651,-0.510518491268,-0.525659799576,-0.473766803741,-0.470263659954,-0.337830454111,-0.254784435034,-0.311349838972,-0.154415145516,-0.096813142300,0.051573846489,0.280595421791,0.190559461713,0.247577980161,0.248933240771,0.166639983654,0.316615670919,0.391817122698,0.424558877945,0.320467412472,0.117141783237,0.050525102764,0.023046389222,0.072823703289,0.098609723151,0.045783348382,0.038957748562,0.060172449797,-0.043745335191,-0.193459853530,-0.154161840677,-0.138724774122,-0.138407588005,-0.066449165344,0.044235005975,0.289005815983,0.353734344244,0.366532564163,0.517498493195,0.494074076414,0.486464440823,0.526318192482,0.340304911137,0.142858833075,0.141792416573,0.022691506892,-0.322515755892,-0.502941071987,-0.577416241169,-0.544419348240,-0.263899058104,-0.191836699843,-0.175594314933,-0.036432109773,-0.007956221700,0.166275978088,0.203429937363,0.172534182668,0.378205001354,0.392236888409,0.467155396938,0.405175030231,0.092367440462,0.162278026342,0.096463933587,-0.135581284761,-0.159868538380,-0.349931925535,-0.508986890316,-0.457008183002,-0.454684019089,-0.471129566431,-0.250316917896,-0.125554263592,-0.383556842804,-0.478211641312,-0.404558330774,-0.313376188278,-0.093550696969,0.021177118644,0.143490314484,0.271540939808,0.257258594036,0.295422554016,0.333358526230,0.320121079683,0.258156925440,0.085022620857,-0.049419943243,-0.135410696268,-0.273367106915,-0.482707649469,-0.725473701954,-0.843389034271,-0.776163101196,-0.541525602341,-0.307612329721,-0.231137186289,-0.096299745142,0.121360883117,0.249680250883,0.346502035856,0.396543979645,0.432300001383,0.555625021458,0.591481029987,0.483455032110,0.427317827940,0.421854585409,0.336817562580,0.179552361369,-0.007080170326,-0.152400240302,-0.138352632523,-0.147459149361,-0.260751634836,-0.225104629993,-0.139384776354,-0.118243984878,-0.220481291413,-0.446004867554,-0.373658686876,-0.186157464981,-0.152603775263,0.060924869031,0.194010257721,0.213681504130,0.473968803883,0.579869329929,0.532466650009,0.570235610008,0.376973748207,0.114638492465,0.005699173547,-0.176282420754,-0.328776419163,-0.376321256161,-0.553961038589,-0.791496813297,-0.857887983322,-0.743459761143,-0.579018294811,-0.436678022146,-0.338925242424,-0.255891829729,-0.004987163004,0.261601895094,0.377148330212,0.455957353115,0.415603488684,0.439543187618,0.501844286919,0.406384080648,0.383426398039,0.294935554266,0.073374427855,-0.162924453616,-0.371008872986,-0.469932973385,-0.518885970116,-0.421387284994,-0.387736320496,-0.442744225264,-0.344467014074,-0.264087796211,-0.160051763058,-0.058468960226,0.080053105950,0.284249097109,0.434377580881,0.610612690449,0.651622116566,0.700259447098,0.737919867039,0.625209748745,0.609417617321,0.438771784306,0.244625434279,0.190134286880,-0.030770571902,-0.207454621792,-0.342023372650,-0.542413532734,-0.587569952011,-0.546418428421,-0.556206226349,-0.436000913382,-0.227989315987,-0.193091183901,-0.066273413599,0.212325543165,0.310949385166,0.343593895435,0.350950896740,0.313304096460,0.424638152122,0.470326930285,0.325195163488,0.231664031744,0.123259149492,0.043984737247,-0.023343881592,-0.304471492767,-0.482015728951,-0.477071344852,-0.509891390800,-0.475741535425,-0.453361362219,-0.482405275106,-0.384263187647,-0.315391212702,-0.424524366856,-0.346388459206,-0.210644274950,-0.263763010502,-0.095119394362,0.004740211647,-0.018437152728,0.233499363065,0.321283608675,0.223410487175,0.192486941814,0.244064226747,0.308917999268,0.234695971012,0.157903626561,-0.083677418530,-0.328407943249,-0.364166259766,-0.499670565128,-0.540597617626,-0.490375518799,-0.333956122398,-0.050789725035,-0.015320885926,0.106758803129,0.356535494328,0.430603146553,0.462171465158,0.434857696295,0.538967311382,0.705545186996,0.602743685246,0.474327027798,0.439703464508,0.310378253460,0.128406524658,-0.015353765339,-0.142217516899,-0.178272992373,-0.196363836527,-0.289430528879,-0.274069517851,-0.267928481102,-0.307358384132,-0.268365979195,-0.370450615883,-0.397106945515,-0.198898375034,-0.134915530682,-0.014905245975,0.204972103238,0.191705435514,0.229883581400,0.346152186394,0.363572031260,0.439174503088,0.309035450220,0.085827663541,0.066623821855,-0.074482262135,-0.237072959542,-0.311453908682,-0.498813331127,-0.611470103264,-0.694595158100,-0.771725118160,-0.598837614059,-0.385571390390,-0.262330561876,-0.194171130657,-0.130399167538,0.026100600138,0.146823540330,0.284747570753,0.387423932552,0.476990699768,0.599950134754,0.464035600424,0.338050097227,0.299116551876,0.164229929447,0.021496651694,-0.223074793816,-0.297148615122,-0.257412821054,-0.376583784819,-0.376933634281,-0.294846534729,-0.286876112223,-0.285143435001,-0.327394485474,-0.458561807871,-0.426979601383,-0.244665652514,-0.144971236587,-0.031380522996,0.005055554211,0.089045435190,0.276216924191,0.375826418400,0.433060318232,0.300466358662,0.246847689152,0.274759858847,0.110566541553,0.033873494714,-0.107978954911,-0.279383003712,-0.350773185492,-0.498661100864,-0.559155404568,-0.456964313984,-0.312190741301,-0.291101098061,-0.203436926007,0.004024860449,0.121190153062,0.238207593560,0.219683185220,0.242781236768,0.353253453970,0.341368556023,0.469351261854,0.471111387014,0.336215376854,0.285934329033,0.057909853756,-0.081742905080,-0.124368071556,-0.287900745869,-0.342828899622,-0.336545825005,-0.425203591585,-0.475280255079,-0.329011946917,-0.224645271897,-0.221452847123,-0.202583715320,-0.317530900240,-0.298454701900,-0.111976630986,-0.018120883033,0.051588106900,0.081027455628,0.161523297429,0.228243738413,0.181839168072,0.101824574172,-0.039627142251,-0.114048071206,-0.126576393843,-0.217179447412,-0.464556574821,-0.697201848030,-0.681848227978,-0.632417023182,-0.519154012203,-0.284247666597,-0.094467960298,0.105324819684,0.214009359479,0.283988118172,0.456868082285,0.550914943218,0.529979586601,0.596470475197,0.728530108929,0.637445688248,0.406148105860,0.297218918800,0.250875294209,0.122547090054,-0.058107282966,-0.158897012472,-0.237177819014,-0.210079222918,-0.121944412589,-0.192543700337,-0.188161611557,-0.212416023016,-0.295433431864,-0.221910580993,-0.257448554039,-0.274593591690,-0.234531253576,-0.246338680387,-0.118868149817,-0.005728582386,0.019042933360,-0.003714629682,0.070385113358,0.178121298552,0.120150901377,0.101780697703,-0.047117553651,-0.176046967506,-0.132211878896,-0.264881074429,-0.321884691715,-0.442622095346,-0.612226366997,-0.491888135672,-0.408364415169,-0.242583379149,-0.119943298399,-0.157441258430,-0.042837366462,-0.032723311335,0.052375983447,0.135808765888,0.028818847612,0.198638886213,0.327910125256,0.307307273149,0.352027535439,0.287250787020,0.246047422290,0.175132751465,0.062597334385,0.060767285526,0.094624839723,0.098470360041,0.038947056979,0.023197453469,0.024964295328,-0.086783565581,-0.181870564818,-0.166685253382,-0.120262652636,-0.118886090815,-0.133431628346,0.000953915471,0.227254360914,0.256816446781,0.247404709458,0.361625671387,0.394377678633,0.433127194643,0.420468360186,0.237435728312,0.121514573693,-0.039094991982,-0.268188178539,-0.346889138222,-0.387938529253,-0.425985634327,-0.447246432304,-0.474463105202,-0.427858650684,-0.279730200768,-0.180342704058,-0.254128098488,-0.158186510205,0.132180556655,0.287463158369,0.397299587727,0.415403127670,0.388053327799,0.408823907375,0.418633550406,0.513438165188,0.402408659458,0.130384266376,0.014439675957,-0.122106164694,-0.234087124467,-0.291254371405,-0.342454075813,-0.368857085705,-0.400839924812,-0.349339097738,-0.323448926210,-0.344654381275,-0.365486919880,-0.360952913761,-0.235862493515,-0.162337139249,-0.035458307713,0.142563149333,0.181797400117,0.303551852703,0.302185535431,0.206655025482,0.205898866057,0.023642813787,-0.017645144835,-0.007953081280,-0.224201649427,-0.324463427067,-0.453154146671,-0.593827724457,-0.568974673748,-0.445318728685,-0.271462380886,-0.189315229654,-0.100963920355,-0.002181633841,0.080171555281,0.153098702431,0.080531135201,0.062469862401,0.220116779208,0.391472816467,0.470255315304,0.432771801949,0.348824709654,0.254035025835,0.080763496459,-0.074384160340,-0.020742082968,-0.034560229629,-0.223759874701,-0.287573814392,-0.212884306908,-0.083806708455,-0.059599183500,-0.145579174161,-0.220819622278,-0.204393565655,-0.087449595332,-0.042359206825,0.065520904958,0.173065230250,0.251521438360,0.392990320921,0.443286001682,0.524392783642,0.383162140846,0.279656440020,0.418230295181,0.211062729359,0.096165582538,-0.006675011013,-0.308284521103,-0.475183844566,-0.664116561413,-0.502331197262,-0.561535060406,-0.820960104465,-0.337043792009,-0.194260820746,-0.234869852662,0.226751983166,0.211086913943,0.091751299798,0.436639785767,0.544031441212,0.427914559841,0.630398273468,0.604660153389,0.188360914588,0.174776464701,0.200772032142,-0.145485743880,-0.410877853632,-0.510222434998,-0.532282471657,-0.418580651283,-0.282599121332,-0.335610955954,-0.289070010185,-0.102083176374,-0.111736916006,-0.019030902535,0.132274329662,0.194875657558,0.377739578485,0.455326586962,0.452563941479,0.516928970814,0.518897771835,0.468666255474,0.442165613174,0.398769378662,0.340655475855,0.278939008713,-0.010342659429,-0.239147141576,-0.239355117083,-0.424326270819,-0.504974007607,-0.448121815920,-0.549747109413,-0.545159995556,-0.373246639967,-0.151713579893,-0.022932637483,0.023886511102,0.035644784570,0.037126366049,0.201887339354,0.364602684975,0.450025439262,0.378922373056,0.165098249912,0.155875310302,0.184251189232,0.040543477982,-0.180302456021,-0.300968110561,-0.334346175194,-0.280609011650,-0.127581655979,-0.278086483479,-0.346862345934,-0.180029645562,-0.209147766232,-0.173164695501,-0.269049525261,-0.351461946964,-0.190114468336,-0.170389756560,-0.087474033237,-0.019636880606,0.015781540424,0.132886111736,0.204978927970,0.372839242220,0.396402090788,0.420298516750,0.536325395107,0.350638449192,0.152671366930,0.057484991848,-0.098143309355,-0.284637004137,-0.444782972336,-0.508926451206,-0.467023670673,-0.335646688938,-0.194459080696,0.136482208967,0.414978623390,0.300653189421,0.367670118809,0.570996344090,0.482905536890,0.571589469910,0.829154908657,0.726737082005,0.582634150982,0.584044039249,0.426303863525,0.248535096645,-0.034623287618,-0.263865053654,-0.202513650060,-0.326532632113,-0.410130560398,-0.285067200661,-0.306388199329,-0.354104399681,-0.400243252516,-0.478479117155,-0.440976947546,-0.282779037952,-0.238406836987,-0.128155976534,0.057527944446,0.124929256737,0.442673206329,0.442381620407,0.247969567776,0.534935295582,0.478837549686,0.373048722744,0.349764525890,0.009868705645,-0.051853030920,-0.251157879829,-0.510487973690,-0.485770791769,-0.644001901150,-0.637210130692,-0.510334432125,-0.458118706942,-0.271711826324,-0.093101091683,0.165438130498,0.347946017981,0.235912114382,0.221005842090,0.446994572878,0.534792840481,0.468911021948,0.494993209839,0.440032690763,0.379063427448,0.306472569704,-0.021449465305,-0.229314282537,-0.280672609806,-0.254013389349,-0.118293628097,-0.236523196101,-0.258199751377,-0.089280396700,-0.157130375504,-0.161514103413,-0.120121531188,-0.199164405465,-0.106739938259,0.090925805271,0.137211382389,0.106168687344,0.204724222422,0.328283578157,0.339771866798,0.391070097685,0.382933199406,0.240493342280,0.126037061214,-0.029139811173,-0.020909190178,0.041764967144,-0.228019788861,-0.335189282894,-0.389823496342,-0.595169425011,-0.400182366371,-0.237844899297,-0.223167210817,0.015516200103,0.193808540702,0.367420405149,0.364201456308,0.138333886862,0.297811895609,0.661278426647,0.721492171288,0.628790497780,0.554009735584,0.328300416470,0.138566210866,0.111590437591,-0.128744438291,-0.252751857042,-0.116607166827,-0.212714418769,-0.295549988747,-0.256100386381,-0.234277859330,-0.219396546483,-0.282385885715,-0.252782285213,-0.225949600339,-0.199261233211,-0.032514076680,0.029600078240,0.054973501712,0.206311777234,0.236426517367,0.233267709613,0.472746193409,0.473958790302,0.376752823591,0.511426091194,0.178253129125,-0.127575412393,-0.050524160266,-0.259903907776,-0.386174380779,-0.404533505440,-0.429199635983,-0.143345341086,0.042205158621,0.024592315778,0.071728281677,0.102307446301,0.152392238379,0.296050697565,0.386239022017,0.466258823872,0.555099666119,0.444111973047,0.487982749939,0.629049360752,0.498709052801,0.573182284832,0.511086821556,0.085600852966,-0.067779399455,-0.186289176345,-0.217277914286,-0.120643012226,-0.236147820950,-0.140542969108,-0.078083246946,-0.272746890783,-0.259877085686,-0.350115776062,-0.437585562468,-0.299401611090,-0.297640413046,-0.173337802291,-0.017707301304,-0.028288962319,0.113125130534,0.218289822340,0.175042569637,0.112131580710,0.062003534287,0.097919993103,0.131855815649,0.046877436340,-0.081435799599,-0.204009920359,-0.461981147528,-0.572212219238,-0.436580955982,-0.474198013544,-0.462390065193,-0.290238380432,-0.178559482098,-0.085717588663,0.033700674772,0.246404081583,0.317178815603,0.385828554630,0.746933996677,0.866279304028,0.764862120152,0.809870183468,0.702069938183,0.490252643824,0.358155608177,0.206467524171,0.107578001916,0.005130426958,-0.137913182378,-0.140227720141,-0.082671634853,-0.170080542564,-0.197889477015,-0.111261144280,-0.294464170933,-0.294709950686,0.007325649727,-0.070257328451,0.055572874844,0.374406844378,0.380177080631,0.556123495102,0.652608573437,0.611956059933,0.600614130497,0.399065017700,0.241876453161,0.161653503776,0.049555681646,-0.131226256490,-0.327323913574,-0.450622469187,-0.573022127151,-0.636668801308,-0.561752080917,-0.376520156860,-0.208347156644,-0.120966181159,-0.069127246737,0.031427826732,0.125154495239,0.162332028151,0.299649178982,0.444410383701,0.524477064610,0.539942324162,0.439782440662,0.401861757040,0.384989082813,0.177241340280,-0.091037131846,-0.155246600509,-0.167775660753,-0.315300881863,-0.367611140013,-0.260195016861,-0.178385198116,-0.184881687164,-0.161515325308,-0.187091544271,-0.317194938660,-0.273617297411,-0.206604138017,-0.165315687656,0.047594752163,0.138404831290,0.161965429783,0.272911071777,0.305522114038,0.339510887861,0.356081753969,0.320842295885,0.238972917199,0.068655580282,0.040923118591,0.006166526582,-0.279563933611,-0.393218934536,-0.336950689554,-0.361280828714,-0.206023424864,-0.006421443075,0.015954073519,0.050690274686,0.107959739864,0.140212610364,0.182369083166,0.356189101934,0.626127302647,0.607400298119,0.454208552837,0.493832260370,0.426476687193,0.266582578421,0.215680927038,0.067161612213,-0.116401851177,-0.147192940116,-0.204441517591,-0.279551625252,-0.203776270151,-0.169811233878,-0.155180633068,-0.103949986398,-0.284693717957,-0.400967538357,-0.268232554197,-0.268375486135,-0.195418953896,0.127503678203,0.301481813192,0.332720518112,0.430046647787,0.499304533005,0.489462792873,0.461907088757,0.368341267109,0.195640102029,0.077873222530,-0.077725313604,-0.336728930473,-0.543574810028,-0.682760238647,-0.732508599758,-0.682400882244,-0.546021044254,-0.346006006002,-0.217653393745,-0.195049792528,-0.118917055428,0.118748418987,0.312383383512,0.381797879934,0.507918357849,0.674878835678,0.721209228039,0.594822704792,0.422609478235,0.224979817867,0.086006812751,0.082476094365,-0.012230451219,-0.148955211043,-0.268423885107,-0.360318481922,-0.238799288869,-0.109621457756,-0.089223742485,0.004042686429,0.053974848241,-0.063211821020,-0.056700047106,0.124531976879,0.224816843867,0.372062712908,0.444488257170,0.360383927822,0.371842712164,0.311805367470,0.265470713377,0.325548827648,0.273827910423,0.114226557314,-0.072344653308,-0.157576054335,-0.289615422487,-0.462140351534,-0.524858772755,-0.569877982140,-0.472083657980,-0.368075460196,-0.317477881908,-0.209064319730,-0.127993240952,-0.066919617355,-0.068596206605,0.034493848681,0.058770593256,0.050096660852,0.271450310946,0.217515900731,0.150045931339,0.218621805310,0.211974009871,0.272844463587,0.046927373856,-0.150544062257,-0.208761513233,-0.370851099491,-0.334973782301,-0.335324943066,-0.408556103706,-0.421358674765,-0.408419966698,-0.440798252821,-0.499968975782,-0.370405614376,-0.325753837824,-0.159130230546,0.129893451929,0.204138278961,0.402122378349,0.447063088417,0.536164939404,0.820052087307,0.740383327007,0.709076583385,0.671101748943,0.439886510372,0.354661643505,0.175220414996,-0.102668561041,-0.281329602003,-0.409401118755,-0.466252148151,-0.444853603840,-0.382103264332,-0.225574180484,-0.050761912018,0.036754176021,0.158948898315,0.305403172970,0.520483314991,0.695926606655,0.703452110291,0.823384165764,0.904964506626,0.899138808250,0.867277264595,0.547575891018,0.274194777012,0.188133805990,0.020763620734,-0.160115182400,-0.330552190542,-0.471767842770,-0.450375348330,-0.365313559771,-0.420610010624,-0.420199215412,-0.353973090649,-0.412797421217,-0.367509752512,-0.236473485827,-0.115061655641,0.060694776475,0.215617701411,0.351291060448,0.457477390766,0.518120586872,0.515913724899,0.393482357264,0.120131514966,-0.060745786875,-0.029905678704,-0.181708112359,-0.438704401255,-0.560130655766,-0.681019723415,-0.700387537479,-0.596116065979,-0.481672406197,-0.269847810268,-0.041644640267,0.006717224605,0.099050678313,0.268176645041,0.321422129869,0.403012007475,0.462077379227,0.593537628651,0.656317234039,0.505383193493,0.512439310551,0.311962783337,0.114304177463,0.143907055259,-0.155156046152,-0.255627304316,-0.222449064255,-0.357104539871,-0.281684190035,-0.241806343198,-0.191936343908,-0.195302933455,-0.313120186329,-0.280310392380,-0.226043477654,-0.072263710201,0.089847967029,0.181033104658,0.224157556891,0.234980836511,0.413275867701,0.475188791752,0.464391529560,0.455973684788,0.331513226032,0.315634846687,0.207745805383,-0.000243356873,-0.167935863137,-0.338936209679,-0.494536012411,-0.594775736332,-0.593243539333,-0.680979013443,-0.550850093365,-0.325345009565,-0.377534061670,-0.222062394023,-0.077423736453,0.057801093906,0.331096917391,0.364079833031,0.509184479713,0.612065911293,0.525187611580,0.562983810902,0.464545249939,0.290971815586,0.115159980953,-0.116277270019,-0.281980216503,-0.479928821325,-0.559875428677,-0.466218620539,-0.487045556307,-0.477992951870,-0.412414997816,-0.529387950897,-0.573056578636,-0.527812302113,-0.485134512186,-0.295151650906,-0.116295866668,0.105389736593,0.273754984140,0.240467175841,0.332981646061,0.465247839689,0.424875795841,0.258353501558,0.102460965514,0.066031306982,-0.002770963591,-0.114535160363,-0.225057438016,-0.344733387232,-0.452784568071,-0.498380661011,-0.347656190395,-0.163276299834,-0.079024367034,0.004278195091,0.153082504869,0.313416659832,0.357874661684,0.471786230803,0.574814319611,0.526489794254,0.587152421474,0.595040380955,0.554821252823,0.499747574329,0.260725378990,0.186394691467,0.091933451593,-0.138306975365,-0.181785568595,-0.278418153524,-0.256753057241,-0.134132131934,-0.167549416423,-0.141243711114,-0.286023080349,-0.470324486494,-0.489503860474,-0.536511123180,-0.483806610107,-0.400662958622,-0.181882694364,0.050620697439,0.089209131896,0.213539481163,0.138201519847,0.026130266488,0.136968046427,0.044659674168,-0.067763820291,-0.148411378264,-0.271033972502,-0.366976767778,-0.565841794014,-0.678750455379,-0.755518972874,-0.743226587772,-0.524189412594,-0.403019130230,-0.281486541033,-0.189574107528,-0.085539311171,0.142036944628,0.176098361611,0.307195752859,0.412717640400,0.353380411863,0.554367721081,0.525561213493,0.446910351515,0.605515539646,0.468848317862,0.273630499840,0.125572219491,-0.049084726721,-0.140740498900,-0.075600579381,0.063884682953,-0.010599379428,0.022192947567,-0.044441301376,-0.329932332039,-0.201156258583,-0.095516420901,-0.141547292471,-0.044852424413,-0.004069499671,0.105054870248,0.217058092356,0.321330487728,0.399158537388,0.360720098019,0.351865828037,0.271119415760,0.232591152191,0.212609827518,0.084261663258,-0.033309184015,-0.254965782166,-0.430153131485,-0.491988867521,-0.511991143227,-0.403288900852,-0.336623907089,-0.261932253838,-0.115697786212,-0.088580906391,-0.104894407094,0.018251599744,0.165917828679,0.249917656183,0.378858208656,0.415839433670,0.402647107840,0.432312279940,0.335294306278,0.200669109821,0.051630780101,-0.058532044291,-0.025669116527,-0.031648982316,-0.228645503521,-0.473807960749,-0.467026293278,-0.354620397091,-0.279193758965,-0.270731091499,-0.371802568436,-0.338652968407,-0.355151295662,-0.325864940882,-0.145916342735,-0.076008044183,0.179552420974,0.356602758169,0.327748507261,0.334708750248,0.243567407131,0.234136715531,0.144588917494,0.060319516808,0.022257924080,-0.220089495182,-0.256313920021,-0.298285186291,-0.491810888052,-0.502670407295,-0.430343866348,-0.353640139103,-0.281212508678,-0.119595833123,-0.015564193018,0.089037030935,0.192212149501,0.096634678543,0.261474072933,0.478352040052,0.587122023106,0.715763926506,0.536102831364,0.452855706215,0.456642836332,0.303991675377,0.171184405684,-0.043404124677,-0.175690248609,-0.202882081270,-0.248701050878,-0.366572827101,-0.427483230829,-0.265068024397,-0.200590908527,-0.209220752120,-0.289457231760,-0.459669053555,-0.321928292513,-0.129258230329,-0.033242106438,0.193437501788,0.367766052485,0.426180273294,0.428969949484,0.416149824858,0.294347286224,0.042382143438,-0.007310241926,-0.035970192403,-0.215526863933,-0.273590713739,-0.429037094116,-0.704142034054,-0.771812796593,-0.715376436710,-0.624171972275,-0.433965176344,-0.254859000444,-0.157325133681,0.046039767563,0.210520595312,0.218047410250,0.300646275282,0.370371252298,0.472230195999,0.527005493641,0.337752550840,0.247211202979,0.238996848464,0.108327336609,-0.067024797201,-0.285838395357,-0.379273176193,-0.312609344721,-0.270536720753,-0.147766083479,-0.036549206823,-0.049954831600,0.066846430302,0.122046135366,-0.046027779579,-0.165270358324,-0.033629801124,0.174987822771,0.091899700463,0.139881163836,0.294442206621,0.162051111460,0.276058971882,0.334149807692,0.191630363464,0.276407361031,0.153774470091,0.051425255835,0.050630375743,-0.174945607781,-0.256206482649,-0.378306895494,-0.593144178391,-0.611201882362,-0.559043526649,-0.456928193569,-0.387752324343,-0.305342942476,-0.189661219716,-0.088613316417,0.100373990834,0.174578115344,0.193130418658,0.283119261265,0.350122481585,0.471320360899,0.467056900263,0.376823514700,0.285544872284,0.019072920084,-0.154976546764,-0.316976249218,-0.531164646149,-0.444314002991,-0.452719062567,-0.637463629246,-0.606326043606,-0.515009999275,-0.402383565903,-0.357886761427,-0.432302325964,-0.382046818733,-0.210659578443,-0.005385823082,0.154833465815,0.226485073566,0.232381224632,0.307689428329,0.427237927914,0.466122806072,0.523441791534,0.375685781240,0.171879053116,0.076566942036,-0.180587947369,-0.205732181668,-0.254431486130,-0.545742690563,-0.526654183865,-0.542292475700,-0.542842805386,-0.298456400633,-0.108062773943,0.116891309619,0.198554694653,0.246932879090,0.427068322897,0.422801196575,0.453361600637,0.581589043140,0.632022142410,0.596356868744,0.455763518810,0.350423932076,0.167274355888,-0.009495056234,-0.123641021550,-0.328960567713,-0.293694823980,-0.245388597250,-0.346165508032,-0.265579015017,-0.221578240395,-0.161790445447,-0.141294240952,-0.266544699669,-0.163003459573,-0.069523498416,-0.138679295778,0.002649759641,0.195215314627,0.216837733984,0.391605287790,0.536836504936,0.355810642242,0.354797214270,0.333740144968,-0.035180397332,-0.205294787884,-0.259272515774,-0.427006602287,-0.428154110909,-0.470463067293,-0.781808733940,-0.874875307083,-0.645268738270,-0.431749254465,-0.122659072280,0.093375012279,0.064505405724,0.140151143074,0.234718725085,0.240880802274,0.287864625454,0.400738716125,0.535643398762,0.584075152874,0.507923007011,0.361663609743,0.308567613363,0.212153911591,-0.080323778093,-0.244584336877,-0.229518070817,-0.216617584229,-0.197826161981,-0.199215173721,-0.278396219015,-0.363438278437,-0.402944713831,-0.446049511433,-0.386921793222,-0.267653793097,-0.238015234470,-0.039731353521,0.294214308262,0.352680504322,0.375224679708,0.489669650793,0.495011746883,0.568669795990,0.453268021345,0.260409742594,0.283880382776,0.098398528993,-0.030987329781,-0.126381963491,-0.405242413282,-0.483184814453,-0.536449491978,-0.556324541569,-0.470526367426,-0.358723729849,-0.163322374225,0.031471785158,0.240274369717,0.328232079744,0.424416065216,0.556416690350,0.555173993111,0.669963240623,0.766993343830,0.690004765987,0.607857942581,0.420487493277,0.053701288998,-0.225880175829,-0.422405302525,-0.586471855640,-0.511442601681,-0.484012097120,-0.473376095295,-0.374632179737,-0.367248594761,-0.330037802458,-0.414646655321,-0.289263010025,-0.038378957659,-0.059318266809,0.084183879197,0.237487062812,0.421482384205,0.423632472754,0.180929228663,0.322321176529,0.273962885141,0.200050011277,0.393272548914,0.284842520952,0.098059572279,-0.045305497944,-0.161159902811,-0.450627475977,-0.593096494675,-0.430753946304,-0.510904967785,-0.328517615795,-0.180741220713,-0.176509454846,0.107449062169,0.043907806277,0.165039613843,0.481975406408,0.443490147591,0.517443418503,0.674240589142,0.796964645386,0.774186134338,0.626964449883,0.413550734520,0.236146226525,0.130896165967,-0.163293510675,-0.187662735581,-0.285479456186,-0.543582320213,-0.270794421434,-0.319331228733,-0.560009896755,-0.409929215908,-0.495954781771,-0.529806137085,-0.360128611326,-0.351691931486,-0.104233227670,0.270464867353,0.234972029924,0.202386051416,0.285746604204,0.220861792564,0.328900337219,0.432910233736,0.340326935053,0.142367377877,-0.176056966186,-0.202764168382,-0.159443393350,-0.429024696350,-0.581935286522,-0.631651878357,-0.693741142750,-0.524248182774,-0.330214858055,-0.248371064663,-0.129742205143,-0.066174529493,0.072454154491,0.297480762005,0.397738248110,0.532728612423,0.520425736904,0.495643824339,0.731174111366,0.565729439259,0.397265315056,0.575867176056,0.296213835478,0.093003392220,0.085564628243,-0.227677047253,-0.238940238953,-0.140168100595,-0.201298534870,-0.195739403367,-0.317489504814,-0.374060243368,-0.236768513918,-0.145576342940,-0.180927947164,-0.081091925502,0.130769342184,0.204129144549,0.433900147676,0.568385422230,0.497191369534,0.558097481728,0.427314072847,0.267133802176,0.180239826441,0.080666646361,0.050152417272,-0.182188093662,-0.387530416250,-0.543134987354,-0.688964366913,-0.715626478195,-0.733181536198,-0.559049963951,-0.497404605150,-0.388635873795,-0.079533644021,-0.051836095750,0.050248060375,0.296594589949,0.484175622463,0.552647233009,0.680341184139,0.897082626820,0.658027410507,0.535789847374,0.470436692238,-0.004465494305,-0.159394010901,-0.163785770535,-0.298294663429,-0.369718819857,-0.310207933187,-0.337281644344,-0.486071854830,-0.280328124762,-0.246194481850,-0.422835022211,-0.376444458961,-0.444889605045,-0.297595500946,-0.067826360464,-0.079902254045,0.038467206061,0.170947432518,0.310029506683,0.472676932812,0.524378597736,0.478764086962,0.278741031885,0.167573630810,0.156525820494,0.054416343570,-0.146506488323,-0.400071054697,-0.518525719643,-0.625638663769,-0.615985214710,-0.459637463093,-0.381773501635,-0.083487987518,0.137661844492,0.133546039462,0.247271582484,0.251422196627,0.310684978962,0.415389448404,0.387621015310,0.511811435223,0.524531006813,0.504078984261,0.648422539234,0.375250846148,0.040923628956,0.044502776116,-0.127768874168,-0.170112475753,-0.047254234552,-0.177195295691,-0.229876920581,-0.319450378418,-0.366010427475,-0.162766411901,-0.208745777607,-0.243973806500,-0.090903580189,-0.043076682836,0.105885714293,0.253582656384,0.274910271168,0.349460393190,0.429313570261,0.411578238010,0.363740324974,0.327770560980,0.195215329528,-0.026619309559,-0.184599474072,-0.061297386885,-0.027984015644,-0.389698535204,-0.401930034161,-0.420587271452,-0.792104780674,-0.493399322033,-0.141284570098,-0.209389790893,-0.012541736476,0.073271326721,0.192185759544,0.488598227501,0.445262312889,0.457187473774,0.644819021225,0.589079678059,0.591612219810,0.711524069309,0.469653725624,0.219136819243,0.165946215391,0.002077640500,0.014490410686,0.037311069667,-0.128203108907,-0.102598078549,-0.052710413933,-0.072785243392,-0.053251195699,-0.127074375749,-0.175791352987,-0.169215157628,-0.171455442905,-0.127767160535,-0.046651512384,0.081216506660,0.159547105432,0.290383726358,0.461142152548,0.406227320433,0.351085364819,0.300797402859,0.091285474598,-0.024328865111,-0.084824562073,-0.235241755843,-0.356413543224,-0.437783777714,-0.589821994305,-0.673637688160,-0.572248518467,-0.414583921432,-0.251185148954,-0.198983162642,-0.135770484805,0.018420550972,0.082484036684,0.235535368323,0.341522157192,0.341159015894,0.426986545324,0.415559083223,0.437011301517,0.452862173319,0.313556075096,0.162119075656,-0.067383080721,-0.290037721395,-0.316831350327,-0.201788276434,-0.176419094205,-0.185916543007,-0.180008232594,-0.346400171518,-0.423717260361,-0.352629899979,-0.242424011230,-0.051771983504,0.044750068337,0.218844935298,0.434958964586,0.436607569456,0.442215114832,0.498662114143,0.498945564032,0.455925017595,0.450951904058,0.379811167717,0.181016623974,0.097927413881,-0.161825940013,-0.561486423016,-0.601124644279,-0.555789232254,-0.512936413288,-0.352778881788,-0.189868643880,-0.017211984843,0.080661892891,0.168846026063,0.243666499853,0.292288899422,0.407531142235,0.481958866119,0.664287507534,0.792237341404,0.700530648232,0.701791703701,0.549210131168,0.259109705687,0.042735219002,-0.173557832837,-0.226722434163,-0.324940651655,-0.405338138342,-0.347787767649,-0.403934627771,-0.386088490486,-0.301729559898,-0.311652958393,-0.378417879343,-0.349889099598,-0.310228914022,-0.406190425158,-0.133320525289,0.310929983854,0.427153944969,0.521324694157,0.533044099808,0.443242162466,0.488639414310,0.452176690102,0.279323399067,0.212516888976,0.082702815533,-0.189287200570,-0.379928380251,-0.690279960632,-0.897725880146,-0.771782815456,-0.664461374283,-0.457393467426,-0.331842809916,-0.312617778778,-0.085661560297,-0.014734818600,0.066504307091,0.299083977938,0.394016504288,0.536651313305,0.648881554604,0.656485736370,0.676362633705,0.595097243786,0.439523547888,0.254161000252,0.018105218187,-0.164910525084,-0.262530475855,-0.393984884024,-0.468947291374,-0.435195237398,-0.426010936499,-0.345392823219,-0.311283439398,-0.407156378031,-0.383563846350,-0.234872832894,0.006226076279,0.233537018299,0.352056562901,0.481892228127,0.469218432903,0.370231926441,0.523448407650,0.577036559582,0.396499842405,0.283687531948,0.029502244666,-0.197043254972,-0.331678509712,-0.574417591095,-0.637782037258,-0.652028143406,-0.688053011894,-0.698838174343,-0.688406169415,-0.485928863287,-0.282318294048,-0.058100193739,0.174266651273,0.410774558783,0.597738981247,0.584684312344,0.796417832375,0.826593041420,0.654202222824,0.801767766476,0.571600258350,0.255903303623,0.121456690133,-0.248267844319,-0.386865884066,-0.428666651249,-0.493441134691,-0.456353187561,-0.492714107037,-0.445946186781,-0.449495077133,-0.503892242908,-0.459454178810,-0.362843334675,-0.199659571052,-0.043722886592,0.123163446784,0.187092319131,0.244899481535,0.404913216829,0.458887755871,0.509234070778,0.556267261505,0.565210103989,0.484352022409,0.341786235571,0.274790793657,0.054461821914,-0.163500383496,-0.367197245359,-0.561324298382,-0.453129440546,-0.449371546507,-0.465590506792,-0.283346116543,-0.180626824498,-0.094429798424,-0.008201341145,0.187161371112,0.345128029585,0.424429535866,0.574366450310,0.570840597153,0.727269172668,0.880263924599,0.695008218288,0.520919859409,0.233769997954,-0.045766461641,-0.186272159219,-0.311785697937,-0.314000338316,-0.370688796043,-0.451502472162,-0.409995257854,-0.377088397741,-0.516014635563,-0.639153897762,-0.581034004688,-0.604547262192,-0.498635023832,-0.351710826159,-0.270906686783,0.093333221972,0.215880572796,0.256638705730,0.489704072475,0.389183431864,0.344721674919,0.386900097132,0.312652409077,0.223049044609,-0.057052619755,-0.249928355217,-0.452350050211,-0.709239900112,-0.762898147106,-0.858388364315,-0.808513700962,-0.632077217102,-0.555679857731,-0.323461264372,-0.069681748748,0.123075887561,0.304555267096,0.384551882744,0.521927177906,0.705140948296,0.904531657696,1.033899188042,0.920119047165,0.773953139782,0.595482528210,0.429439395666,0.380041986704,0.126667037606,-0.205001845956,-0.363109081984,-0.395200192928,-0.345238268375,-0.352894812822,-0.371913790703,-0.390328466892,-0.463224977255,-0.445902675390,-0.343424081802,-0.230317085981,0.013461914845,0.344720929861,0.506870210171,0.579006850719,0.616880655289,0.503741681576,0.457917183638,0.404852479696,0.197932884097,0.115347303450,-0.004840345588,-0.265086978674,-0.441563814878,-0.617822110653,-0.725897550583,-0.852333009243,-0.951752543449,-0.747536540031,-0.635286450386,-0.484744668007,-0.222574338317,-0.213610932231,0.023205565289,0.199729040265,0.174583867192,0.433529078960,0.489966779947,0.490453243256,0.541772723198,0.388109445572,0.374755412340,0.309368968010,0.098917819560,-0.092455610633,-0.181149289012,-0.146903693676,-0.266799181700,-0.288132309914,-0.181958064437,-0.252476006746,-0.279468894005,-0.355602532625,-0.467150658369,-0.400100231171,-0.283283799887,-0.086028575897,-0.006635310128,0.039895743132,0.355740815401,0.509010493755,0.550536572933,0.627459287643,0.490184664726,0.437964558601,0.415802687407,0.309283584356,0.236403405666,-0.088728204370,-0.401650130749,-0.484578967094,-0.559431433678,-0.576799035072,-0.617454886436,-0.557708024979,-0.383351594210,-0.271363943815,-0.065218001604,0.045566488057,0.061418734491,0.247588098049,0.442666143179,0.544216632843,0.524925529957,0.543616473675,0.651644229889,0.579863369465,0.486686706543,0.389974892139,0.186704516411,0.009009316564,-0.255093663931,-0.418480783701,-0.452954649925,-0.511837124825,-0.420806795359,-0.391829490662,-0.453671067953,-0.566287636757,-0.699422597885,-0.520923793316,-0.316685974598,-0.168473124504,0.086866788566,0.229172855616,0.399325549603,0.564325511456,0.509084045887,0.483793467283,0.532877504826,0.398454517126,0.234522536397,0.089384533465,-0.162941113114,-0.297290384769,-0.442240595818,-0.599565207958,-0.543731749058,-0.541080772877,-0.517950713634,-0.377417802811,-0.350974977016,-0.247951447964,-0.009846737608,0.057903509587,0.077470019460,0.259807229042,0.413560241461,0.610757410526,0.891455531120,0.921732783318,0.829435646534,0.672006130219,0.388247728348,0.302896708250,0.268857419491,0.059403643012,-0.172607406974,-0.246182784438,-0.165066272020,-0.153494998813,-0.125635564327,-0.153322011232,-0.394417315722,-0.559480011463,-0.558412671089,-0.377771973610,-0.053489111364,0.154831916094,0.203228220344,0.199084460735,0.224939748645,0.270135134459,0.270564675331,0.234149992466,0.140281155705,-0.000630898285,-0.089600302279,-0.157327517867,-0.340797364712,-0.617746293545,-0.843199551105,-0.939070761204,-0.892873704433,-0.713864684105,-0.615136921406,-0.629096448421,-0.484695315361,-0.324701249599,-0.064257428050,0.244292914867,0.193291619420,0.252571582794,0.295136570930,0.223405495286,0.469735711813,0.365529716015,0.202317565680,0.271325945854,-0.061555642635,-0.273745030165,-0.312547326088,-0.478326201439,-0.507553219795,-0.448468893766,-0.360609382391,-0.326144129038,-0.316534101963,-0.380085736513,-0.450625568628,-0.333852320910,-0.207432493567,0.021674716845,0.198730230331,0.327694714069,0.633853435516,0.657879710197,0.651422917843,0.702256917953,0.516993463039,0.531089246273,0.514482676983,0.343941509724,0.194461643696,-0.111684754491,-0.312955081463,-0.430803388357,-0.527784466743,-0.468681782484,-0.430634319782,-0.364639639854,-0.156596705317,0.040270011872,0.091828398407,0.120366200805,0.101536162198,0.175292134285,0.469286799431,0.527647137642,0.619027495384,0.745658159256,0.519980251789,0.440713346004,0.319015353918,0.108240857720,0.008148773573,-0.233739256859,-0.299796342850,-0.382888346910,-0.599039375782,-0.668854713440,-0.576932132244,-0.290558755398,-0.257836401463,-0.317190438509,-0.264748871326,-0.353974252939,-0.294426023960,-0.240898102522,-0.179985240102,0.040211196989,0.179750159383,0.309861749411,0.311328411102,0.302116990089,0.383949875832,0.275709956884,0.084631524980,-0.107839860022,-0.319504022598,-0.506651103497,-0.661314308643,-0.794538736343,-0.787737488747,-0.602525353432,-0.485510587692,-0.336415708065,-0.172612696886,-0.105214633048,0.046230852604,0.227202773094,0.384795755148,0.504846155643,0.654256463051,0.738486707211,0.620415508747,0.559493124485,0.592558145523,0.530359864235,0.309447646141,0.101558819413,-0.054938264191,-0.200278133154,-0.250293374062,-0.363295674324,-0.434089541435,-0.307096004486,-0.183449655771,-0.207037165761,-0.295146137476,-0.365327656269,-0.397737473249,-0.195286244154,0.027431465685,0.153186693788,0.428054630756,0.590236127377,0.585469663143,0.558661937714,0.534458994865,0.485270589590,0.341465950012,0.184564262629,-0.088209055364,-0.254862129688,-0.299133509398,-0.442025601864,-0.581185936928,-0.842321872711,-0.812631249428,-0.565524160862,-0.448777407408,-0.263319700956,-0.303562670946,-0.136070638895,0.152505025268,0.125923305750,0.339583188295,0.448893278837,0.437146335840,0.510112822056,0.430558592081,0.430491507053,0.301498264074,0.089556537569,-0.082348577678,-0.373283237219,-0.505519330502,-0.480540573597,-0.451120465994,-0.449500769377,-0.437738776207,-0.356085985899,-0.252391159534,-0.239928141236,-0.391943573952,-0.423678189516,-0.302681922913,-0.077180013061,0.252727657557,0.344409674406,0.404385149479,0.511249721050,0.510544002056,0.650108098984,0.639435946941,0.456830322742,0.423973798752,0.268195331097,0.069037228823,0.052873637527,-0.069844081998,-0.294030070305,-0.365730404854,-0.416981190443,-0.371421575546,-0.192784056067,-0.185695752501,-0.031244905666,0.252378880978,0.299799293280,0.441448241472,0.505960702896,0.423787087202,0.635213434696,0.803734302521,0.781240940094,0.763648450375,0.625059485435,0.476398527622,0.275653272867,-0.053253367543,-0.327396482229,-0.561019778252,-0.615539133549,-0.601381480694,-0.751338064671,-0.734803855419,-0.671949148178,-0.758073508739,-0.667348861694,-0.643943369389,-0.623475193977,-0.159431606531,0.047122292221,0.052092399448,0.425781399012,0.469610840082,0.507494032383,0.746988892555,0.474173814058,0.238952875137,0.160664543509,-0.086379550397,-0.310534745455,-0.483000963926,-0.586576461792,-0.757507145405,-0.887377977371,-0.959902822971,-0.867384076118,-0.583569347858,-0.553334355354,-0.307860523462,0.051704853773,0.060084473342,0.223533362150,0.444921433926,0.592750489712,0.732830643654,0.801704227924,0.836963415146,0.737729132175,0.638471841812,0.550991117954,0.450100213289,0.308218508959,-0.097849786282,-0.362112134695,-0.265921503305,-0.342966735363,-0.440084666014,-0.357345342636,-0.331748604774,-0.112673059106,-0.031360473484,-0.258950620890,-0.208882167935,-0.055341824889,0.128361344337,0.305761754513,0.255930960178,0.278483480215,0.359297275543,0.364065915346,0.371396839619,0.358604192734,0.263168573380,0.174599736929,0.066287107766,-0.231463789940,-0.387602955103,-0.374284267426,-0.466373115778,-0.582551896572,-0.673965930939,-0.630676388741,-0.489136964083,-0.282558828592,-0.124208539724,-0.073693193495,0.097267352045,0.165488421917,0.173985302448,0.320409059525,0.456105768681,0.600266218185,0.609690904617,0.508433640003,0.423439860344,0.272830665112,0.060641370714,-0.160741537809,-0.314069211483,-0.386015415192,-0.350692331791,-0.473473489285,-0.603610932827,-0.362998574972,-0.403962045908,-0.575400054455,-0.534980654716,-0.753728747368,-0.654042720795,-0.213665872812,-0.071521125734,0.108806394041,0.373795747757,0.526767075062,0.604562342167,0.531512796879,0.487998723984,0.503095805645,0.420051902533,0.394028961658,0.231987461448,-0.133955419064,-0.286187350750,-0.386221379042,-0.665257573128,-0.840496897697,-0.766788303852,-0.617283046246,-0.356359660625,-0.087986826897,-0.136481463909,-0.050056528300,0.218579843640,0.236217677593,0.404555022717,0.698928833008,0.823961019516,0.911282837391,0.869934260845,0.789328157902,0.744179844856,0.508282840252,0.111431255937,-0.220171034336,-0.340069174767,-0.328870326281,-0.302403718233,-0.258583992720,-0.311717271805,-0.437213987112,-0.428708523512,-0.380664855242,-0.508018851280,-0.549693763256,-0.260045766830,-0.020986801013,0.076236225665,0.142597764730,0.177346318960,0.423069745302,0.548918545246,0.465112268925,0.456648170948,0.282778531313,0.153553828597,0.101827450097,-0.131370440125,-0.319111734629,-0.451861381531,-0.645728170872,-0.735377252102,-0.608140528202,-0.521165013313,-0.396879792213,-0.153388187289,-0.159564584494,-0.089020699263,0.173848122358,0.266770124435,0.355941444635,0.418829560280,0.533619880676,0.852575540543,0.968972384930,0.873081266880,0.788491666317,0.589670121670,0.475136160851,0.458866328001,0.202831476927,-0.061990011483,-0.047561172396,0.023800592870,-0.162096843123,-0.253430962563,-0.089724481106,-0.291233837605,-0.484491825104,-0.359387457371,-0.322872877121,-0.172420576215,0.052244465798,0.242944270372,0.316866695881,0.342285484076,0.559995055199,0.602899193764,0.531344711781,0.420157790184,0.335075646639,0.283221483231,-0.114909313619,-0.198173925281,-0.196046188474,-0.597948849201,-0.667872726917,-0.723209738731,-0.850957751274,-0.676201522350,-0.429757982492,-0.294497668743,-0.294231623411,-0.181629225612,-0.036752533168,0.134382188320,0.294428855181,0.274834901094,0.387441635132,0.499261558056,0.454810470343,0.449892401695,0.379489630461,0.156121835113,0.025923555717,-0.048473045230,-0.273152023554,-0.259326994419,-0.156660914421,-0.341807395220,-0.383419066668,-0.240976408124,-0.207872644067,-0.266511738300,-0.362953037024,-0.321365684271,-0.093247756362,0.011696550995,0.087430201471,0.222238227725,0.213316187263,0.324650108814,0.439628183842,0.424821048975,0.450295835733,0.333108782768,0.306434452534,0.241645261645,0.022331705317,0.099738262594,0.048455897719,-0.223369196057,-0.318942815065,-0.366493821144,-0.294492423534,-0.117313615978,0.004500603303,0.031603101641,-0.051050689071,-0.112124755979,-0.074673905969,0.071347594261,0.292578250170,0.508750557899,0.619725704193,0.564382493496,0.534848868847,0.533548653126,0.412159651518,0.296745210886,0.046784799546,-0.187610387802,-0.106694117188,-0.190937727690,-0.311259269714,-0.173642188311,-0.202666565776,-0.354404270649,-0.443343758583,-0.464463055134,-0.421667456627,-0.303713709116,-0.135960265994,-0.012526122853,0.171870201826,0.318068474531,0.398067891598,0.450795590878,0.420317679644,0.455895304680,0.442095398903,0.383324027061,0.230048537254,-0.127554818988,-0.334261447191,-0.489141076803,-0.632651865482,-0.664126276970,-0.812987267971,-0.773083984852,-0.533835947514,-0.404906034470,-0.223376005888,-0.111309103668,-0.107425242662,0.034592945129,0.155382111669,0.262909740210,0.496849507093,0.647196292877,0.747642934322,0.750073552132,0.567809045315,0.520590960979,0.456000983715,0.131012648344,-0.174352005124,-0.267006516457,-0.222918659449,-0.256051212549,-0.364357650280,-0.334880918264,-0.272813498974,-0.302666902542,-0.299266010523,-0.355798661709,-0.425460189581,-0.268005222082,-0.019714526832,0.180534735322,0.290015518665,0.357096672058,0.562990725040,0.722679138184,0.619777679443,0.485236942768,0.395628511906,0.198988482356,0.040747642517,-0.072151832283,-0.284970343113,-0.515559732914,-0.703592538834,-0.774733424187,-0.742424368858,-0.626143693924,-0.463275521994,-0.371211498976,-0.201300457120,0.001923446660,0.141726538539,0.358991920948,0.525138556957,0.565664231777,0.653893232346,0.709328532219,0.584667861462,0.487315982580,0.299896091223,-0.051125396043,-0.186702534556,-0.363344460726,-0.593709170818,-0.531676054001,-0.473529607058,-0.534170806408,-0.472136825323,-0.308628112078,-0.346038252115,-0.433747082949,-0.359130382538,-0.197647809982,0.076460696757,0.230010479689,0.363734573126,0.469346135855,0.474385380745,0.671151340008,0.736432135105,0.725066304207,0.701281368732,0.498129665852,0.409948140383,0.242143228650,0.029940530658,-0.156075760722,-0.366742283106,-0.437381982803,-0.623752892017,-0.702236175537,-0.559116482735,-0.378463447094,-0.100727669895,0.019390001893,0.113512307405,0.277177512646,0.431952863932,0.585612237453,0.656179487705,0.807172179222,0.762743234634,0.662217319012,0.688199818134,0.331930190325,0.114496365190,0.087177813053,-0.271548092365,-0.489868998528,-0.557858943939,-0.604663491249,-0.553490281105,-0.551688492298,-0.502797544003,-0.459020018578,-0.416796743870,-0.339079141617,-0.332018077374,-0.280807286501,-0.096891343594,0.130669340491,0.275856614113,0.421686172485,0.446777909994,0.333907544613,0.382535964251,0.352443099022,0.284211009741,0.270288944244,0.042890533805,-0.176122158766,-0.327108085155,-0.481649637222,-0.603548943996,-0.632202923298,-0.566142141819,-0.558837413788,-0.368954092264,-0.075786486268,0.114949122071,0.222357228398,0.207708925009,0.386454254389,0.506581723690,0.489642202854,0.626355826855,0.609970211983,0.674756526947,0.822717726231,0.677486479282,0.423537969589,0.125876188278,-0.154791504145,-0.319336384535,-0.329802244902,-0.195523872972,-0.155338913202,-0.252879381180,-0.270570814610,-0.335919886827,-0.507071554661,-0.397971540689,-0.203677579761,-0.122616879642,0.008870610036,0.009822655469,0.134898886085,0.413571774960,0.469266653061,0.556700646877,0.697672247887,0.635782301426,0.529498100281,0.452196806669,0.168810591102,-0.126103550196,-0.213114365935,-0.353373408318,-0.492846161127,-0.656097114086,-0.793073356152,-0.671010673046,-0.608155250549,-0.504429101944,-0.197068408132,-0.101410038769,-0.060030899942,0.126192927361,0.183853596449,0.325890839100,0.537707507610,0.531603217125,0.683514714241,0.812065124512,0.681074142456,0.597020864487,0.315250873566,0.003869878361,-0.145564660430,-0.375966727734,-0.401104211807,-0.307714879513,-0.402768999338,-0.501800715923,-0.513417661190,-0.609869956970,-0.758392095566,-0.675590872765,-0.496800899506,-0.286198973656,0.036837570369,0.175732597709,0.210818663239,0.318234324455,0.414504498243,0.486687183380,0.559455096722,0.748710453510,0.738440573215,0.369667351246,0.130535960197,-0.018268797547,-0.220426633954,-0.399212360382,-0.636245906353,-0.739640891552,-0.745813071728,-0.713069319725,-0.467220127583,-0.219271987677,-0.045541718602,0.089492499828,0.180538505316,0.316089123487,0.441958546638,0.616061568260,0.751490950584,0.815637826920,0.897102534771,0.821996927261,0.694688200951,0.409745782614,-0.021279079840,-0.156380295753,-0.194603651762,-0.269410520792,-0.357681334019,-0.458580076694,-0.443266987801,-0.495168387890,-0.521342456341,-0.525170207024,-0.539469480515,-0.419337600470,-0.384556084871,-0.223957464099,0.042629156262,0.135836914182,0.323374509811,0.476672619581,0.547506868839,0.590649366379,0.423482328653,0.324165016413,0.312181502581,0.169805645943,-0.026711270213,-0.274884521961,-0.532757997513,-0.751216828823,-0.851495325565,-0.760212481022,-0.618184745312,-0.559288680553,-0.568892896175,-0.425737857819,-0.228507205844,-0.185598969460,-0.003163533285,0.314347624779,0.584275543690,0.777224779129,0.874240875244,0.945990562439,0.950348913670,0.975579559803,0.891208767891,0.638454794884,0.427280247211,0.078855797648,-0.214299649000,-0.332480579615,-0.470625519753,-0.507749915123,-0.543926060200,-0.534891784191,-0.521996080875,-0.609212219715,-0.525687873363,-0.420763581991,-0.410200506449,-0.321649730206,-0.056794449687,0.277260273695,0.453358143568,0.543907642365,0.457135081291,0.419352352619,0.484463572502,0.167128443718,0.054532866925,0.162727922201,-0.061426296830,-0.238455444574,-0.518033087254,-0.843806445599,-0.927701234818,-0.932155489922,-0.764105021954,-0.600291848183,-0.504884302616,-0.387952744961,-0.226708918810,0.035502139479,0.218191146851,0.376871734858,0.512324810028,0.629100918770,0.741835117340,0.705780744553,0.595337152481,0.356850326061,0.180489331484,0.119539670646,-0.045609258115,-0.150829777122,-0.185594215989,-0.174104720354,-0.241468906403,-0.299893200397,-0.273669958115,-0.412495583296,-0.340951234102,-0.229943081737,-0.337029814720,-0.217573836446,-0.065089873970,0.047950971872,0.270057767630,0.456911683083,0.536005914211,0.500861346722,0.509103953838,0.640974640846,0.688582241535,0.480297803879,0.236712813377,0.072168372571,-0.135488718748,-0.291631102562,-0.432321876287,-0.600957632065,-0.671234488487,-0.655212461948,-0.563690304756,-0.456497669220,-0.381956577301,-0.198698312044,-0.071524068713,0.003238815814,0.255055785179,0.345396071672,0.483579009771,0.716691553593,0.660737812519,0.850908160210,0.880355417728,0.547431945801,0.483364492655,0.186901986599,-0.037519220263,-0.022567495704,-0.269153028727,-0.337685137987,-0.360288381577,-0.460837215185,-0.489135831594,-0.638587296009,-0.705141782761,-0.659567475319,-0.674318850040,-0.578221559525,-0.280988067389,-0.043966528028,0.153097644448,0.368751436472,0.410373598337,0.506849408150,0.630660951138,0.537145495415,0.522586882114,0.538683950901,0.265093684196,-0.012258135714,-0.200181826949,-0.535384833813,-0.778728604317,-0.809641718864,-0.750054895878,-0.635269284248,-0.515143513680,-0.407015889883,-0.377072840929,-0.217179596424,0.094216577709,0.264168232679,0.404489219189,0.522375345230,0.561977624893,0.586995005608,0.625292241573,0.698354899883,0.544584989548,0.297313958406,0.099660404027,-0.177215442061,-0.229244291782,-0.325436532497,-0.478828310966,-0.337619483471,-0.355641275644,-0.327781111002,-0.304059207439,-0.483156859875,-0.387562870979,-0.382997602224,-0.302049368620,-0.011632117443,0.137664094567,0.346741527319,0.349650621414,0.431110858917,0.603469192982,0.545914232731,0.538464426994,0.322615265846,0.200139418244,0.106323480606,-0.171952456236,-0.283486247063,-0.609563589096,-0.803859531879,-0.803320705891,-0.830235421658,-0.643065035343,-0.635248064995,-0.530026495457,-0.294644594193,-0.116287179291,0.170199647546,0.263560205698,0.363565623760,0.472117066383,0.572399079800,0.695286929607,0.604272961617,0.561055183411,0.455140888691,0.321986854076,0.231302142143,0.018124585971,-0.151081949472,-0.338092774153,-0.323214381933,-0.215177714825,-0.235390290618,-0.171030625701,-0.238366916776,-0.307540595531,-0.329549342394,-0.423424512148,-0.319443494081,-0.036278653890,0.257852703333,0.450346291065,0.696786463261,0.842019379139,0.772611856461,0.828374922276,0.736992597580,0.589070260525,0.572412312031,0.399650990963,0.173535749316,-0.095244102180,-0.403976172209,-0.631667435169,-0.602901637554,-0.563554406166,-0.701473474503,-0.557293713093,-0.398444265127,-0.270634979010,-0.031977172941,0.093231245875,0.343734860420,0.510666131973,0.615374028683,0.616576731205,0.420304894447,0.503376543522,0.451443463564,0.305088222027,0.274660646915,-0.045950651169,-0.324895948172,-0.421019375324,-0.433268517256,-0.425481885672,-0.482699483633,-0.548654019833,-0.583674788475,-0.479403376579,-0.443395495415,-0.430724859238,-0.419741362333,-0.471952646971,-0.187258616090,0.175756901503,0.317762374878,0.391714423895,0.441757589579,0.450140416622,0.404042273760,0.497945547104,0.468014568090,0.151553049684,-0.105243891478,-0.188913881779,-0.250938326120,-0.496026873589,-0.520060837269,-0.559641361237,-0.823739469051,-0.476070076227,-0.226069480181,-0.374434411526,-0.022351713851,0.242912292480,0.100798189640,0.234726011753,0.508795857430,0.406190425158,0.502674162388,0.870572924614,0.766567647457,0.697270691395,0.827020585537,0.660984754562,0.309070855379,0.031418874860,-0.151067718863,-0.412143319845,-0.374404311180,-0.298959761858,-0.566809177399,-0.487334221601,-0.353427678347,-0.456004828215,-0.471943438053,-0.522787392139,-0.461840301752,-0.213982954621,0.042691372335,0.184227913618,0.351042300463,0.435241669416,0.365189343691,0.558921158314,0.597429752350,0.452904760838,0.389097601175,0.115920633078,0.065681360662,-0.045781441033,-0.518333137035,-0.733945131302,-0.836459219456,-0.901416063309,-0.736151576042,-0.571718037128,-0.551583051682,-0.476897984743,-0.280501782894,-0.095947332680,0.158315613866,0.335346758366,0.410932064056,0.529815495014,0.503314793110,0.500082910061,0.576789200306,0.485311031342,0.357497900724,0.188972324133,-0.085933022201,-0.277439385653,-0.338735103607,-0.353397041559,-0.465561866760,-0.619507312775,-0.588314294815,-0.486539125443,-0.352937310934,-0.253229022026,-0.303757011890,-0.203039616346,-0.026495236903,0.125976413488,0.348502010107,0.478312492371,0.571133852005,0.598978340626,0.665156662464,0.774453580379,0.627073645592,0.377086639404,0.142961278558,0.042016874999,0.044083964080,-0.134693622589,-0.362392067909,-0.532200038433,-0.657482981682,-0.681092381477,-0.631705164909,-0.544373035431,-0.290288567543,-0.087504923344,-0.041356157511,0.332707583904,0.488435894251,0.402270466089,0.746983706951,0.828447282314,0.765115618706,0.825270831585,0.645626187325,0.559975683689,0.353541165590,0.004099810496,-0.137380883098,-0.322879135609,-0.454392850399,-0.411589324474,-0.478281319141,-0.583024561405,-0.506979465485,-0.488411784172,-0.601894259453,-0.629086315632,-0.626065135002,-0.419033020735,-0.109588958323,-0.084829069674,0.087722703815,0.350738763809,0.357752382755,0.518173992634,0.609223425388,0.539011418819,0.568177282810,0.397774785757,0.249901860952,0.062477160245,-0.317654222250,-0.402222275734,-0.575782060623,-0.860456168652,-0.787506699562,-0.732286274433,-0.637686789036,-0.388459920883,-0.244373142719,0.006102206185,0.341065108776,0.489684253931,0.647230446339,0.873341083527,1.008658051491,1.152646303177,1.249099850655,1.198997735977,1.030413269997,0.770770907402,0.514926075935,0.163332358003,-0.098959602416,-0.147078737617,-0.395622014999,-0.556556105614,-0.430665284395,-0.476636111736,-0.437964439392,-0.311472743750,-0.493209183216,-0.519533455372,-0.234790697694,-0.029156634584,0.153016448021,0.301701098680,0.366058409214,0.418605178595,0.464436113834,0.550983309746,0.449129402637,0.253220289946,0.169197827578,-0.009669149294,-0.219925433397,-0.532320439816,-0.762704133987,-0.733792841434,-0.846609830856,-0.940638244152,-0.906458318233,-0.821332693100,-0.580425024033,-0.407971352339,-0.313152015209,-0.118848375976,0.084480851889,0.165195211768,0.336653053761,0.494040250778,0.420949280262,0.553531289101,0.597594559193,0.488514214754,0.628426492214,0.418259322643,0.106029786170,0.021848017350,-0.194221749902,-0.253890663385,-0.216080933809,-0.229926779866,-0.294637829065,-0.382520616055,-0.341697633266,-0.460798442364,-0.553485751152,-0.357086986303,-0.178938224912,-0.123852252960,0.040756389499,0.367613345385,0.522270381451,0.769443333149,0.959032237530,0.757284224033,0.805404186249,0.761098086834,0.501955330372,0.417725950480,0.173577964306,0.073646292090,0.018792880699,-0.332241088152,-0.561303913593,-0.649867355824,-0.659156918526,-0.465453535318,-0.293696552515,-0.259166061878,-0.118927516043,0.080005861819,0.236181378365,0.424941927195,0.452931046486,0.462145119905,0.697674930096,0.806631267071,0.717255830765,0.633663415909,0.457895606756,0.291612505913,0.196090474725,0.013140308671,-0.126826763153,-0.299992382526,-0.495512962341,-0.429122060537,-0.406771183014,-0.399650484324,-0.340809106827,-0.586526453495,-0.612891077995,-0.341699272394,-0.288013756275,-0.177993863821,0.080979265273,0.257423222065,0.391666203737,0.486047208309,0.353731185198,0.176708996296,0.212904289365,0.250184357166,0.220114871860,0.023866124451,-0.239049181342,-0.344688802958,-0.558361947536,-0.704783797264,-0.756437659264,-0.812344670296,-0.511276423931,-0.307995766401,-0.385316878557,-0.248966842890,-0.005105174147,0.111681126058,0.142567440867,0.346039354801,0.579228818417,0.670559406281,0.847806751728,0.854290366173,0.669125676155,0.583408355713,0.464727312326,0.255851507187,0.005082521588,-0.189501538873,-0.217736244202,-0.221320316195,-0.392623513937,-0.475964695215,-0.256624311209,-0.201315090060,-0.265590548515,-0.192395955324,-0.367486864328,-0.434044957161,-0.155604898930,-0.031526658684,0.135618776083,0.364328384399,0.355280667543,0.369842082262,0.522569298744,0.560731172562,0.450364619493,0.364679008722,0.227834075689,0.034710064530,-0.025988953188,-0.143443703651,-0.446544915438,-0.712442755699,-0.877591311932,-0.799689173698,-0.553770124912,-0.506683290005,-0.447482138872,-0.327462255955,-0.261294573545,-0.037843886763,0.175132051110,0.332327604294,0.555401802063,0.718643724918,0.739591658115,0.649782299995,0.532161891460,0.356475263834,0.205250918865,0.031470432878,-0.282056212425,-0.407086521387,-0.334334969521,-0.356390357018,-0.394193947315,-0.376801550388,-0.380413144827,-0.374231964350,-0.359141498804,-0.350452005863,-0.205799058080,0.041684612632,0.278547018766,0.482255041599,0.609474360943,0.778456389904,0.844304502010,0.716970324516,0.725415170193,0.652346372604,0.325802713633,0.183505982161,0.092905849218,-0.206998065114,-0.398786544800,-0.520381033421,-0.677051424980,-0.605053305626,-0.415063202381,-0.348484009504,-0.300444036722,-0.142323508859,0.057108812034,0.211789593101,0.352422744036,0.483910113573,0.483348757029,0.420466989279,0.530666470528,0.573287904263,0.385105401278,0.324658781290,0.309467494488,0.058278854936,-0.131349965930,-0.198045372963,-0.374953329563,-0.347688943148,-0.273482263088,-0.433040678501,-0.308513402939,-0.191491469741,-0.333899229765,-0.283432275057,-0.300771623850,-0.426765441895,-0.353376418352,-0.179128125310,-0.056123487651,0.117022521794,0.301976680756,0.230791777372,0.281207084656,0.373802125454,0.251211106777,0.400419503450,0.406754672527,0.192827686667,0.099128499627,-0.179205596447,-0.342137396336,-0.379335641861,-0.467112332582,-0.481275469065,-0.523674309254,-0.492908775806,-0.328830182552,-0.075398676097,0.007854769938,0.060190930963,0.306518971920,0.382573425770,0.548426330090,0.773733556271,0.783823251724,0.840957403183,0.795296907425,0.641176044941,0.494653612375,0.351948291063,0.173366859555,-0.118587210774,-0.217739894986,-0.187986984849,-0.281976908445,-0.240478038788,-0.127790853381,-0.233327642083,-0.301021516323,-0.279925048351,-0.366606026888,-0.260013520718,0.011790315621,0.120676621795,0.207066535950,0.372638761997,0.495966792107,0.615114867687,0.676129877567,0.477476000786,0.292582780123,0.205263555050,-0.057094674557,-0.283477395773,-0.414016455412,-0.549819946289,-0.698799967766,-0.806864917278,-0.742039203644,-0.685389995575,-0.474151223898,-0.168232783675,-0.142786249518,-0.004107769113,0.183947116137,0.175748974085,0.330214649439,0.535587608814,0.591720700264,0.677496075630,0.765918374062,0.735665380955,0.602922379971,0.348293036222,0.144771218300,-0.019276771694,-0.341654509306,-0.525429189205,-0.561732530594,-0.587262928486,-0.594594895840,-0.732138693333,-0.644052743912,-0.393162608147,-0.391634374857,-0.381935477257,-0.259135037661,-0.038325816393,0.206498488784,0.342656552792,0.471559047699,0.533642947674,0.493430286646,0.500659167767,0.604557991028,0.567303895950,0.341835707426,0.148666217923,-0.032483588904,-0.212981656194,-0.475357919931,-0.624850928783,-0.534042477608,-0.663629472256,-0.753292679787,-0.611569464207,-0.536232352257,-0.320991218090,-0.069663777947,0.116336010396,0.295201063156,0.353850305080,0.445572912693,0.532920956612,0.561015963554,0.614445388317,0.629374027252,0.591487288475,0.443350553513,0.192818298936,-0.008266443387,-0.132609546185,-0.266807705164,-0.337258815765,-0.325290024281,-0.437517166138,-0.536429762840,-0.498643487692,-0.539685845375,-0.530032873154,-0.504624068737,-0.545136988163,-0.310748994350,-0.050026923418,0.139874085784,0.388872712851,0.405157089233,0.467640608549,0.538005292416,0.501181066036,0.590670347214,0.439774483442,0.171828612685,-0.002829508390,-0.126113370061,-0.256337136030,-0.613165497780,-0.769913911819,-0.754977345467,-0.762374162674,-0.598813414574,-0.441121995449,-0.188167497516,0.051506865770,0.229039475322,0.470608174801,0.682597756386,0.949892818928,1.026762962341,1.107576966286,1.208120346069,0.952886164188,0.800608754158,0.661083459854,0.376839250326,0.204570278525,-0.073042646050,-0.439078956842,-0.608231782913,-0.547677993774,-0.486420333385,-0.392542421818,-0.337134361267,-0.388896793127,-0.340756148100,-0.365632891655,-0.300120443106,-0.233844101429,-0.188115790486,0.146910533309,0.154595196247,0.120931118727,0.280065208673,0.213574424386,0.314874410629,0.268581122160,0.071648702025,-0.007026278414,-0.183299541473,-0.254188835621,-0.386442244053,-0.446993112564,-0.560641229153,-0.851913988590,-0.718517243862,-0.699580848217,-0.825973272324,-0.594174802303,-0.364831656218,-0.162490412593,-0.116238228977,-0.148162573576,0.022255232558,0.246234834194,0.426157355309,0.558072686195,0.685392677784,0.704012572765,0.707241117954,0.624750316143,0.375587731600,0.197203427553,-0.013426745310,-0.058089740574,-0.086186237633,-0.177089154720,-0.043772518635,-0.194013223052,-0.296458363533,-0.147156491876,-0.272546201944,-0.339077979326,-0.292629897594,-0.186681061983,0.067487612367,0.291273534298,0.441891521215,0.459187358618,0.461788475513,0.566349565983,0.664548218250,0.637871384621,0.573735117912,0.544672012329,0.357725679874,0.091886647046,-0.160444021225,-0.411829531193,-0.529608666897,-0.548403322697,-0.595864057541,-0.679075419903,-0.592236936092,-0.463219702244,-0.440059781075,-0.220141962171,0.012088557705,0.180839821696,0.404490947723,0.436853915453,0.494010537863,0.644974946976,0.703401148319,0.690626978874,0.505701363087,0.343955039978,0.255118966103,-0.001066176337,-0.240888372064,-0.313160210848,-0.394129633904,-0.469004720449,-0.452149271965,-0.459587335587,-0.467626273632,-0.504093706608,-0.542622983456,-0.487036675215,-0.420485973358,-0.178784012794,0.095319055021,0.251413047314,0.393322527409,0.416893124580,0.546313166618,0.603964686394,0.513858616352,0.559898972511,0.431883960962,0.211229935288,-0.002708269050,-0.254903644323,-0.435293942690,-0.619971394539,-0.723527073860,-0.778625667095,-0.682693421841,-0.518154203892,-0.410778641701,-0.200621575117,-0.132386624813,-0.032726347446,0.108821317554,0.098188437521,0.254116594791,0.393507093191,0.463714927435,0.589222490788,0.636988580227,0.597600519657,0.475223690271,0.348290950060,0.214449688792,0.128897175193,-0.012566742487,-0.168700695038,-0.095314636827,-0.186651542783,-0.333693653345,-0.248201996088,-0.364189803600,-0.575479447842,-0.584836840630,-0.479927390814,-0.335925877094,-0.167352840304,-0.008865724318,0.092364408076,0.250556141138,0.382074028254,0.462463647127,0.616160988808,0.702080190182,0.643296658993,0.347757071257,0.057724658400,-0.083569005132,-0.247126087546,-0.296234816313,-0.560397684574,-0.831686198711,-0.746711850166,-0.723261058331,-0.555055856705,-0.415035456419,-0.374419689178,-0.108768284321,0.035434223711,0.163304686546,0.264115571976,0.355861961842,0.581075847149,0.668707251549,0.718526601791,0.621048390865,0.445210337639,0.303573369980,0.058347918093,-0.043535090983,-0.141289606690,-0.292795211077,-0.399878829718,-0.427993357182,-0.310935378075,-0.304273813963,-0.256627380848,-0.183997809887,-0.241998448968,-0.145353570580,0.022999320179,0.136443331838,0.281562626362,0.538925886154,0.706927239895,0.728918612003,0.811637759209,0.627898633480,0.405480861664,0.481308877468,0.466125726700,0.321519732475,0.103489346802,-0.048216931522,-0.204899474978,-0.479781955481,-0.565100908279,-0.576114118099,-0.496349811554,-0.335929393768,-0.349192261696,-0.440342843533,-0.479307532310,-0.249037340283,-0.003007727209,0.062210090458,0.195877447724,0.250385224819,0.382752686739,0.526031196117,0.400296837091,0.333864241838,0.339834153652,0.318451225758,0.128506854177,-0.199341386557,-0.309482663870,-0.331327706575,-0.324979215860,-0.409137815237,-0.531504690647,-0.460647165775,-0.546475231647,-0.571022689342,-0.429265528917,-0.435842871666,-0.373322159052,-0.279554426670,-0.110531032085,0.087601833045,0.190187066793,0.441294431686,0.580829977989,0.583657026291,0.623315453529,0.502099394798,0.378011345863,0.282238572836,0.098575107753,-0.051911305636,-0.234567984939,-0.510645747185,-0.643221855164,-0.561556458473,-0.489654123783,-0.366824984550,-0.205311581492,-0.215430960059,-0.107797846198,0.163802996278,0.372404783964,0.619113743305,0.678418755531,0.673860311508,0.842257857323,0.805178046227,0.737948775291,0.692781448364,0.473390311003,0.244570180774,-0.032077796757,-0.206683143973,-0.374321103096,-0.593229353428,-0.571730613708,-0.567045390606,-0.649615585804,-0.639985918999,-0.586155354977,-0.584503591061,-0.555805265903,-0.328736960888,-0.135857522488,0.068621501327,0.344597905874,0.463437616825,0.624293804169,0.711785554886,0.631555378437,0.615972995758,0.481359988451,0.263019055128,0.075835317373,-0.198394224048,-0.408998370171,-0.600036740303,-0.830343723297,-0.801893770695,-0.694351494312,-0.654500186443,-0.459443926811,-0.338211238384,-0.221077159047,0.070315323770,0.225887507200,0.326280146837,0.473537325859,0.520467758179,0.537216722965,0.632294476032,0.709118008614,0.667953312397,0.579071760178,0.367490738630,0.081681080163,-0.182642668486,-0.390590786934,-0.427796602249,-0.508266508579,-0.550097346306,-0.445926547050,-0.370415836573,-0.330421477556,-0.447997987270,-0.436835616827,-0.340642452240,-0.318516403437,-0.013637873344,0.165096476674,0.219046190381,0.371931493282,0.408524781466,0.545523107052,0.595830142498,0.516638159752,0.427701145411,0.316555917263,0.232441335917,-0.064901188016,-0.226618051529,-0.275688737631,-0.546918988228,-0.688121080399,-0.695352792740,-0.590962886810,-0.386798501015,-0.268787801266,-0.266978055239,-0.152725845575,0.198779955506,0.395025312901,0.517624258995,0.629852473736,0.586041986942,0.652499854565,0.628240942955,0.528820216656,0.592478990555,0.438404589891,0.118361510336,-0.093621812761,-0.310196667910,-0.367760241032,-0.305451214314,-0.371636420488,-0.400456994772,-0.459389895201,-0.576919853687,-0.619096398354,-0.699538648129,-0.685555875301,-0.438117951155,-0.130834043026,0.055081676692,0.283449441195,0.525794565678,0.513232052326,0.572121560574,0.694134294987,0.557899415493,0.421552330256,0.359408259392,0.090566419065,-0.200414329767,-0.251715779305,-0.495888173580,-0.738915860653,-0.514868676662,-0.472879201174,-0.605295777321,-0.390196382999,-0.219066441059,-0.109673604369,0.227075383067,0.411093294621,0.467685669661,0.666554808617,0.729714751244,0.779905498028,0.850107848644,0.743435382843,0.814032971859,0.840087473392,0.549195408821,0.315128177404,0.128319099545,-0.101500906050,-0.283397436142,-0.420905351639,-0.486701726913,-0.416970580816,-0.359555840492,-0.339738994837,-0.243575781584,-0.358410030603,-0.535669207573,-0.394623935223,-0.145694524050,0.017304711044,0.119574829936,0.184095457196,0.090843997896,0.085706785321,0.286093205214,0.301737427711,0.256715178490,0.107543885708,-0.146326974034,-0.229370519519,-0.305833756924,-0.266158401966,-0.330555319786,-0.639639794827,-0.700924396515,-0.650737285614,-0.577788889408,-0.383529573679,-0.190931826830,-0.080300346017,-0.096753299236,0.050856620073,0.232839718461,0.257213562727,0.416656970978,0.532251834869,0.606701076031,0.739006638527,0.687713503838,0.634306252003,0.615606665611,0.440397083759,0.162532806396,-0.100078634918,-0.161358669400,-0.153100565076,-0.223391994834,-0.219987019897,-0.349644362926,-0.539924502373,-0.432418406010,-0.293152093887,-0.280477613211,-0.260820567608,-0.103289358318,0.102119244635,0.185834452510,0.477095484734,0.690285623074,0.581857979298,0.704680442810,0.773600578308,0.549432933331,0.392132461071,0.303977042437,0.084677308798,-0.236438035965,-0.383258908987,-0.512148916721,-0.662401914597,-0.741489470005,-0.787747442722,-0.602672159672,-0.452542185783,-0.274890512228,0.021277891472,0.135708943009,0.251973122358,0.306653559208,0.460703492165,0.702362298965,0.781340539455,0.834707021713,0.715857326984,0.690893888474,0.563249170780,0.247779652476,0.142558678985,-0.197930723429,-0.305820077658,-0.214155256748,-0.517059624195,-0.548381567001,-0.521915376186,-0.565975666046,-0.413975894451,-0.469713300467,-0.452606409788,-0.264699935913,-0.162183657289,0.051753439009,0.256154388189,0.330115079880,0.386481821537,0.370662778616,0.389205068350,0.443536579609,0.340311706066,0.277948051691,0.241050392389,-0.019163751975,-0.151949375868,-0.146280571818,-0.369645774364,-0.453564018011,-0.399937182665,-0.500407278538,-0.447432249784,-0.368432521820,-0.280629307032,-0.087074115872,-0.005506719928,0.222769439220,0.326258987188,0.286276280880,0.632402062416,0.734485268593,0.588269114494,0.738655686378,0.708394050598,0.493475675583,0.373183459044,0.145433574915,-0.066073946655,-0.112302765250,-0.223561242223,-0.304466962814,-0.256081342697,-0.371265292168,-0.488818079233,-0.455924421549,-0.499041169882,-0.506751775742,-0.354408293962,-0.279245704412,-0.284483015537,-0.121733859181,0.063676401973,0.243597432971,0.507210969925,0.600773394108,0.574577212334,0.579843461514,0.429934680462,0.171948149800,0.036130208522,-0.144871175289,-0.359787195921,-0.532704770565,-0.766029596329,-0.828638672829,-0.910973966122,-0.986939132214,-0.800344288349,-0.697597980499,-0.528639614582,-0.197311013937,0.088600412011,0.213368877769,0.291801035404,0.594489753246,0.665105462074,0.722182571888,0.905817151070,0.749398052692,0.717862010002,0.618813693523,0.340158194304,0.130167663097,-0.139707371593,-0.220043540001,-0.270319283009,-0.172035649419,-0.065371312201,-0.220120593905,-0.109219841659,-0.110215865076,-0.303328067064,-0.156968072057,0.004892636556,0.139340907335,0.389841735363,0.491053849459,0.503723859787,0.548563003540,0.547640442848,0.558219552040,0.531085133553,0.420628577471,0.267542749643,0.062804624438,-0.038166750222,-0.114560864866,-0.383292287588,-0.529882311821,-0.530876040459,-0.719837367535,-0.728582143784,-0.545443475246,-0.538621425629,-0.355113834143,-0.127896025777,-0.098146356642,0.020969171077,0.069057084620,0.158169135451,0.295259475708,0.177549168468,0.239547267556,0.397995412350,0.276732295752,0.237383306026,0.165482133627,-0.105344660580,-0.210249796510,-0.261163234711,-0.399382293224,-0.518487870693,-0.563291847706,-0.422652602196,-0.414792686701,-0.579546988010,-0.592452228069,-0.602506995201,-0.498948007822,-0.235607028008,-0.065291516483,0.172639340162,0.480224132538,0.618437886238,0.557524681091,0.544896423817,0.704349398613,0.556574225426,0.270419359207,0.409287273884,0.351964563131,0.030541051179,0.029859744012,-0.168808698654,-0.548154234886,-0.495951741934,-0.437483429909,-0.520835518837,-0.296152353287,-0.090778157115,-0.065794833004,0.226421892643,0.344214856625,0.249907955527,0.629299223423,0.692245960236,0.504475951195,0.910357952118,0.893619596958,0.622398436069,0.747019469738,0.459665149450,0.095440216362,-0.044191952795,-0.329112023115,-0.371273100376,-0.291707634926,-0.427034884691,-0.404397755861,-0.255460977554,-0.310939788818,-0.393536686897,-0.359491139650,-0.334412515163,-0.271425545216,-0.141999647021,-0.075004428625,0.112213574350,0.358162045479,0.352993428707,0.402641981840,0.411128818989,0.152911901474,0.043214607984,0.065210133791,-0.039829917252,-0.242168366909,-0.327838629484,-0.421423465014,-0.590133011341,-0.563221275806,-0.570393502712,-0.464295715094,-0.264422684908,-0.219853118062,-0.035558715463,0.018505563959,0.106442220509,0.244201540947,0.228148758411,0.496333330870,0.481126457453,0.315157532692,0.420882552862,0.287376642227,0.316663146019,0.342836469412,0.046993814409,-0.061303492635,-0.100783191621,-0.173687368631,-0.242445006967,-0.245968803763,-0.185938358307,-0.201249033213,-0.054011937231,-0.001892543864,-0.209000214934,-0.320028424263,-0.262708812952,-0.061757583171,0.102100923657,0.350621819496,0.516263067722,0.385529518127,0.448734074831,0.494531720877,0.381700158119,0.354279458523,0.301068246365,0.178866326809,-0.047111757100,-0.163019090891,-0.218241676688,-0.344512194395,-0.400391817093,-0.447465807199,-0.471025794744,-0.472949057817,-0.267154395580,-0.065898187459,-0.076257854700,0.084900498390,0.137404903769,0.266961634159,0.505185842514,0.428233891726,0.613549232483,0.696002602577,0.417777061462,0.373940467834,0.277048200369,0.081807203591,-0.143350690603,-0.404628783464,-0.494781762362,-0.557911098003,-0.598067224026,-0.597296416759,-0.555701553822,-0.486037760973,-0.560476124287,-0.596471071243,-0.573131203651,-0.558365881443,-0.342700511217,-0.154164463282,-0.005778073799,0.287096560001,0.355725586414,0.263173252344,0.262410491705,0.167172521353,0.054989840835,0.076845444739,0.091694995761,0.034204259515,-0.098423786461,-0.280139505863,-0.333192914724,-0.374962657690,-0.360913395882,-0.151210665703,-0.131145551801,-0.027189075947,0.224595651031,0.292525678873,0.538553833961,0.612377643585,0.571421563625,0.686825573444,0.480081498623,0.463981121778,0.658178329468,0.655539333820,0.588910758495,0.347058951855,0.165738880634,-0.016817357391,-0.267392069101,-0.321917057037,-0.265283882618,-0.241474092007,-0.291860491037,-0.233613505960,-0.217642411590,-0.321133285761,-0.428732275963,-0.497112274170,-0.339256078005,-0.283975273371,-0.184210062027,0.037929143757,-0.043643798679,0.049636874348,0.298630148172,0.267577290535,0.216825544834,0.270204663277,0.147893875837,-0.029637290165,-0.081584453583,-0.411367952824,-0.657573103905,-0.702167272568,-0.861654996872,-0.755412518978,-0.783583879471,-0.866897046566,-0.644329786301,-0.512854576111,-0.263356000185,-0.036393448710,0.046634424478,0.210201889277,0.354290902615,0.497681409121,0.558876216412,0.621316909790,0.635854065418,0.598984897137,0.599888503551,0.340783536434,0.068253770471,-0.094863750041,-0.291015893221,-0.336037784815,-0.348990172148,-0.332430809736,-0.282554030418,-0.326174616814,-0.324220985174,-0.296851068735,-0.316833674908,-0.325972586870,-0.233561068773,-0.012079956941,0.141803503036,0.296878546476,0.499282717705,0.538550078869,0.588725626469,0.577337205410,0.479825973511,0.516360878944,0.406658500433,0.226814761758,0.011596025899,-0.266040742397,-0.323888897896,-0.458351671696,-0.626257479191,-0.618679821491,-0.573140919209,-0.430982977152,-0.244381412864,-0.050286170095,0.029338868335,0.126760885119,0.318968713284,0.388327807188,0.518535256386,0.584857821465,0.594317972660,0.636095583439,0.564341783524,0.518808305264,0.308877706528,0.101278699934,-0.014833739959,-0.255238175392,-0.354375898838,-0.443127304316,-0.494860529900,-0.499476075172,-0.572140991688,-0.583382427692,-0.680670440197,-0.615933954716,-0.483661562204,-0.378704875708,-0.126076102257,-0.101610243320,0.008423921652,0.226056665182,0.222210422158,0.293768465519,0.368073195219,0.370595067739,0.304423481226,0.184321194887,0.108284242451,-0.009201383218,-0.226185321808,-0.456022500992,-0.584563732147,-0.713180184364,-0.718852043152,-0.606636166573,-0.498972803354,-0.285056054592,-0.162373781204,-0.023718491197,0.115878015757,0.231694668531,0.431893378496,0.374384969473,0.485116273165,0.759154021740,0.845581829548,0.966528534889,0.762645423412,0.555852651596,0.507214426994,0.232456579804,0.122360490263,0.004621701781,-0.231355756521,-0.276142388582,-0.306908488274,-0.352722913027,-0.355901360512,-0.430169969797,-0.612236857414,-0.734117925167,-0.591717064381,-0.296684056520,-0.179656013846,-0.092395618558,0.171553447843,0.204871580005,0.212558224797,0.416600644588,0.376827627420,0.360963284969,0.390034228563,0.157765656710,-0.015258215368,-0.090376168489,-0.211664348841,-0.435042381287,-0.674028813839,-0.684459507465,-0.634714841843,-0.695180118084,-0.713139593601,-0.582772731781,-0.413732230663,-0.339198052883,-0.242625296116,-0.048046465963,0.180429831147,0.385167300701,0.539602458477,0.669154703617,0.635184288025,0.475308477879,0.465754091740,0.459582507610,0.287469416857,0.125292107463,-0.037142455578,-0.161738634109,-0.104240283370,-0.056878004223,-0.018545277417,0.027627876028,-0.074824906886,-0.115427374840,-0.153162002563,-0.244224131107,-0.170661002398,-0.089569546282,0.083898350596,0.308661103249,0.287549495697,0.377761483192,0.487768650055,0.299757689238,0.288635641336,0.382478356361,0.376697033644,0.357005327940,0.006546280347,-0.270124107599,-0.259036451578,-0.448127567768,-0.634116053581,-0.713422656059,-0.718370020390,-0.598263382912,-0.497416049242,-0.401025354862,-0.376334041357,-0.293983548880,-0.120583832264,-0.009441057220,0.145877540112,0.225545212626,0.300600707531,0.467813760042,0.435529112816,0.343749701977,0.417203873396,0.381366461515,0.103945821524,-0.102667242289,-0.099645256996,-0.135863721371,-0.308724135160,-0.469143390656,-0.476758837700,-0.320009589195,-0.426294922829,-0.754026830196,-0.668911755085,-0.531566560268,-0.417736142874,-0.114954829216,-0.058957431465,0.135168775916,0.336817979813,0.315368801355,0.534786403179,0.558837354183,0.490203678608,0.512430667877,0.320052325726,0.227783799171,0.166552633047,-0.010983748361,-0.153360337019,-0.294375419617,-0.509472131729,-0.636562049389,-0.543657779694,-0.482526808977,-0.354059070349,-0.159531831741,-0.097133025527,0.005798695143,0.075805947185,0.161539524794,0.341855376959,0.482076585293,0.627903282642,0.698697149754,0.668589353561,0.562987029552,0.400391966105,0.281407713890,0.095706321299,-0.094706803560,-0.154654398561,-0.257222056389,-0.372651398182,-0.317187637091,-0.258844494820,-0.416788816452,-0.607216238976,-0.661192536354,-0.588991940022,-0.364337295294,-0.187387779355,-0.155462026596,-0.071830056608,0.112879998982,0.271812707186,0.280216306448,0.248893693089,0.344440609217,0.449406296015,0.367602199316,0.173308506608,-0.006446805783,-0.224323615432,-0.374789625406,-0.519269287586,-0.686576306820,-0.669144570827,-0.702582001686,-0.561576962471,-0.281958401203,-0.395478725433,-0.280952095985,-0.081257544458,-0.107238672674,0.133042186499,0.280457496643,0.508595228195,0.706776320934,0.536106050014,0.540540993214,0.528415560722,0.477641731501,0.284602731466,-0.009080375545,0.050804551691,-0.043216135353,-0.116041332483,-0.191424131393,-0.421910762787,-0.232425808907,-0.244163841009,-0.479290723801,-0.541778922081,-0.582613229752,-0.392186403275,-0.273397356272,-0.127222597599,0.120959192514,0.254141688347,0.515864312649,0.622489571571,0.621821522713,0.652967453003,0.610723257065,0.622708141804,0.420348256826,0.133754178882,-0.043906569481,-0.192955970764,-0.269299477339,-0.465168029070,-0.608485639095,-0.588565707207,-0.563160359859,-0.465724527836,-0.354067057371,-0.211205929518,-0.106783702970,-0.044597703964,0.100053705275,0.185240656137,0.381554484367,0.542944610119,0.381049245596,0.375162452459,0.459974467754,0.390629708767,0.344460546970,0.148545652628,-0.135829344392,-0.264010280371,-0.264354109764,-0.333573758602,-0.488006442785,-0.518995285034,-0.535770773888,-0.485980570316,-0.446581810713,-0.548467755318,-0.340070962906,-0.116121262312,-0.086546167731,0.142022922635,0.268089294434,0.330524474382,0.457224994898,0.465258985758,0.493897587061,0.459440201521,0.339691489935,0.227188736200,0.152722507715,0.025033157319,-0.136254265904,-0.122849456966,-0.297639489174,-0.478834390640,-0.321722954512,-0.221302866936,-0.113216295838,-0.086306534708,-0.062232557684,0.194167286158,0.333595007658,0.534757971764,0.683916032314,0.608666360378,0.646903336048,0.566295206547,0.506716251373,0.579153954983,0.537103831768,0.516503393650,0.324819952250,0.038739088923,-0.150028556585,-0.339425653219,-0.375576347113,-0.461704134941,-0.615998148918,-0.604461431503,-0.546609878540,-0.510711193085,-0.621419906616,-0.651164889336,-0.460278242826,-0.297284424305,-0.039383605123,0.089547254145,0.118234477937,0.392586857080,0.486563831568,0.417968094349,0.423697173595,0.343015879393,0.255617439747,0.101298190653,-0.131886288524,-0.301288366318,-0.453610360622,-0.641360819340,-0.838863670826,-0.825170874596,-0.642299473286,-0.606613457203,-0.555821418762,-0.411316245794,-0.286963164806,-0.012770340778,0.268539935350,0.373244792223,0.496230542660,0.693734049797,0.862153828144,0.922579228878,0.817047238350,0.636957168579,0.584025681019,0.508342325687,0.186668843031,-0.083080150187,-0.186344236135,-0.295000046492,-0.360689818859,-0.426279783249,-0.436538130045,-0.275067776442,-0.168065816164,-0.231422170997,-0.275635719299,-0.110429264605,0.208532243967,0.379840940237,0.401691764593,0.432488143444,0.430821120739,0.552518665791,0.663176596165,0.512559533119,0.433623492718,0.420972406864,0.268405467272,0.052111200988,-0.205397173762,-0.367667734623,-0.507925152779,-0.652614533901,-0.580887734890,-0.515820860863,-0.500870585442,-0.314224869013,-0.205202758312,-0.133461847901,0.133893519640,0.293141543865,0.347567439079,0.460881650448,0.492225915194,0.523983418941,0.528777301311,0.520288407803,0.515409111977,0.296355813742,0.158632397652,0.131951436400,-0.165175825357,-0.443053424358,-0.500930249691,-0.481942862272,-0.414119601250,-0.514690816402,-0.654737412930,-0.569080770016,-0.672116160393,-0.730578899384,-0.322505056858,-0.198003798723,-0.173059597611,0.150817573071,0.119711063802,0.210309639573,0.531336903572,0.555370211601,0.669372558594,0.649368703365,0.481228560209,0.338257431984,0.015365365893,-0.137991622090,-0.240389868617,-0.370975464582,-0.481625795364,-0.690213263035,-0.659110903740,-0.529818773270,-0.396739512682,-0.211177140474,-0.171797066927,-0.068331494927,0.252198994160,0.593185722828,0.610500097275,0.607546985149,0.797581255436,0.770820260048,0.789911806583,0.747541129589,0.576519846916,0.533966839314,0.240134388208,0.066008478403,0.003969499376,-0.297829985619,-0.387549519539,-0.508552193642,-0.681531190872,-0.608315289021,-0.515460491180,-0.382913440466,-0.325912684202,-0.334820330143,-0.158716797829,0.005089345388,0.058201465756,0.215276673436,0.414073020220,0.475170999765,0.563411355019,0.566997110844,0.347582787275,0.294038772583,0.256335854530,0.014227593318,-0.220045730472,-0.450644314289,-0.548737168312,-0.596101701260,-0.758866727352,-0.811452448368,-0.774805903435,-0.635811924934,-0.331026852131,-0.159916207194,-0.096676200628,0.103607073426,0.335108548403,0.527911782265,0.628475844860,0.606846511364,0.676876187325,0.796238481998,0.787151157856,0.660026252270,0.531356394291,0.488581240177,0.283981472254,0.007249866612,0.003885244019,-0.077690370381,-0.277253061533,-0.165875822306,-0.093435861170,-0.290450483561,-0.284487217665,-0.244582176208,-0.414510250092,-0.233747109771,0.060508623719,0.099300377071,0.266604155302,0.307602256536,0.395051836967,0.701930701733,0.859748721123,1.002407312393,0.783984601498,0.507195234299,0.383203029633,-0.011500729248,-0.106271460652,-0.230241656303,-0.603131234646,-0.781926095486,-0.899653494358,-0.855403006077,-0.812444090843,-0.698705494404,-0.558878421783,-0.505302369595,-0.229144617915,-0.026857079938,0.141081884503,0.361753821373,0.450751900673,0.549912869930,0.715804636478,0.873572885990,0.788397967815,0.609660744667,0.450936079025,0.243914306164,0.061871353537,-0.267791420221,-0.523633122444,-0.570751309395,-0.532887339592,-0.504805862904,-0.642897784710,-0.625241577625,-0.608794450760,-0.633843779564,-0.270255059004,-0.064326241612,-0.021798284724,0.268833249807,0.409534573555,0.499960392714,0.621139526367,0.626325666904,0.662466406822,0.486798852682,0.288098067045,0.321925520897,0.171487733722,-0.054069962353,-0.190050795674,-0.424315035343,-0.518161892891,-0.375807523727,-0.436429828405,-0.597037434578,-0.454184323549,-0.285320311785,-0.133500933647,0.105109371245,0.213117435575,0.316121637821,0.443301349878,0.503585636616,0.689597666264,0.926480829716,0.862809181213,0.697153449059,0.601015985012,0.369832932949,0.310422301292,0.254047483206,-0.078876025975,-0.241929292679,-0.268584877253,-0.346044033766,-0.444356977940,-0.361294031143,-0.249198213220,-0.389190703630,-0.355600208044,-0.356640547514,-0.479255408049,-0.354766875505,-0.187770560384,0.071306355298,0.269004970789,0.340022355318,0.472353488207,0.521147191525,0.432887732983,0.307457387447,0.356106400490,0.199536740780,0.035330295563,0.137952536345,-0.262640058994,-0.492201477289,-0.384349316359,-0.663406908512,-0.692583262920,-0.585750102997,-0.614150166512,-0.428693264723,-0.314730137587,-0.297105371952,-0.011002675630,0.257559299469,0.291327863932,0.378288149834,0.465787500143,0.570394873619,0.706676423550,0.742085695267,0.696375966072,0.565355598927,0.450165331364,0.195527642965,-0.042481020093,-0.058660369366,-0.209699526429,-0.283419758081,-0.226437017322,-0.302224338055,-0.374800622463,-0.403102993965,-0.348174989223,-0.352900773287,-0.287406235933,0.002453483175,0.193022534251,0.406993985176,0.533688306808,0.520330905914,0.624276340008,0.608020842075,0.575072944164,0.480963498354,0.268662601709,0.175817117095,0.055564388633,-0.083008483052,-0.362481445074,-0.552735567093,-0.540413618088,-0.729091703892,-0.678579866886,-0.513962388039,-0.451188355684,-0.191719189286,-0.116316340864,-0.014547555707,0.227092921734,0.318780034781,0.415624648333,0.432292789221,0.449729323387,0.501483917236,0.468273073435,0.427790880203,0.271386623383,0.006735739298,-0.179888382554,-0.218383282423,-0.250889420509,-0.396635323763,-0.429607748985,-0.366702169180,-0.473476529121,-0.529960453510,-0.419959515333,-0.315995723009,-0.250223428011,-0.230151295662,-0.125973045826,0.027107929811,0.264589577913,0.548979699612,0.597503483295,0.686786830425,0.808178544044,0.844921231270,0.888616740704,0.581605553627,0.279489368200,0.252023786306,0.014256127179,-0.149540066719,-0.103656783700,-0.335429340601,-0.567265689373,-0.502589464188,-0.420810252428,-0.243068918586,-0.108186595142,-0.101610437036,0.165428012609,0.377420514822,0.414791256189,0.480459749699,0.470507323742,0.568834006786,0.699461162090,0.731254994869,0.618485391140,0.406345129013,0.236683100462,-0.045653812587,-0.234503045678,-0.412728220224,-0.595402002335,-0.508669078350,-0.511927127838,-0.523208558559,-0.611709296703,-0.797629892826,-0.692967712879,-0.584295392036,-0.442417562008,-0.292529135942,-0.179080754519,0.045935593545,0.134955555201,0.267921149731,0.333402127028,0.279754281044,0.349400639534,0.269736289978,0.128250911832,-0.045606501400,-0.190507307649,-0.210987403989,-0.420709639788,-0.645579457283,-0.688280522823,-0.625461399555,-0.497252732515,-0.335272550583,-0.227180510759,-0.156873986125,0.118697635829,0.349645942450,0.404050052166,0.493144482374,0.548968315125,0.743264257908,0.958791911602,0.860411942005,0.715495944023,0.617488801479,0.486029416323,0.413998484612,0.218675792217,-0.081787586212,-0.262733072042,-0.344359517097,-0.352895855904,-0.336018055677,-0.294585585594,-0.305283486843,-0.291136384010,-0.143212288618,-0.122336402535,-0.012998966500,0.140252590179,0.109945602715,0.325087696314,0.506717681885,0.504220128059,0.638454794884,0.674074888229,0.527920603752,0.320728570223,0.174297481775,0.001758795697,-0.172821521759,-0.348284423351,-0.661116123199,-0.686258494854,-0.643940687180,-0.778585731983,-0.730721056461,-0.645904183388,-0.445671170950,-0.153249248862,-0.037994422019,-0.004551188089,0.086093187332,0.173203364015,0.210627019405,0.390135824680,0.463833510876,0.382412552834,0.440505325794,0.436184078455,0.351447910070,0.211813271046,-0.006664726883,-0.203693002462,-0.434063225985,-0.637124001980,-0.651745259762,-0.598431169987,-0.605859220028,-0.447871208191,-0.382178127766,-0.514330625534,-0.403655260801,-0.257256627083,-0.067231990397,0.179767429829,0.213343128562,0.306788146496,0.429244279861,0.478343129158,0.538964927197,0.494759857655,0.411703646183,0.324103027582,0.150311723351,-0.028518594801,-0.150625243783,-0.313623964787,-0.429773539305,-0.445356070995,-0.519155085087,-0.523872137070,-0.387634128332,-0.199850603938,0.003036755370,0.094903193414,0.191251605749,0.342763721943,0.408230215311,0.547203779221,0.719822466373,0.737604320049,0.614660203457,0.456965774298,0.522533833981,0.558065712452,0.329760193825,0.117799833417,-0.207658231258,-0.536389827728,-0.585638582706,-0.575891256332,-0.578053534031,-0.563215076923,-0.529828727245,-0.503022491932,-0.473778873682,-0.426416188478,-0.431122958660,-0.263910859823,-0.043413773179,0.041117336601,0.224688947201,0.295273065567,0.318065315485,0.460195302963,0.390727847815,0.276945352554,0.193889096379,0.085864238441,0.083909593523,-0.108291037381,-0.448920190334,-0.626198709011,-0.710927724838,-0.828762769699,-0.808372616768,-0.635960221291,-0.636528432369,-0.445586502552,-0.141065061092,-0.046256914735,0.267190337181,0.382889837027,0.440786719322,0.710802912712,0.684135973454,0.832505702972,0.973567068577,0.822064220905,0.732873558998,0.569655478001,0.417370408773,0.163957387209,-0.090838432312,-0.217815905809,-0.295743942261,-0.146592989564,-0.129811555147,-0.167622536421,-0.130686134100,-0.283196210861,-0.379825174809,-0.359617948532,-0.206449046731,0.006198691204,0.104190215468,0.110647059977,0.126263111830,0.303143411875,0.432543694973,0.485332369804,0.534961581230,0.444484174252,0.261712342501,0.101551324129,-0.006167435087,-0.265179902315,-0.426517784595,-0.446946203709,-0.670207262039,-0.718032717705,-0.778269469738,-0.825778543949,-0.520207524300,-0.353132188320,-0.120964348316,0.056400112808,0.034560315311,0.206978529692,0.229758143425,0.334874808788,0.462600082159,0.406896889210,0.544980287552,0.496773689985,0.340356826782,0.175371363759,-0.194906145334,-0.398797899485,-0.475872606039,-0.611572146416,-0.674344003201,-0.618976056576,-0.651544570923,-0.635510623455,-0.514663159847,-0.556553244591,-0.466594904661,-0.339512407780,-0.218676894903,0.037927635014,0.152215749025,0.353272914886,0.505581796169,0.496956676245,0.505765140057,0.372255533934,0.303105056286,0.296102046967,0.255726069212,0.102585271001,-0.166024670005,-0.295386403799,-0.447636514902,-0.564075410366,-0.618841171265,-0.673625349998,-0.496545344591,-0.274832099676,-0.116389073431,0.036251544952,0.128487616777,0.141440078616,0.155977532268,0.317975103855,0.450490295887,0.518269181252,0.660750925541,0.755538523197,0.737193107605,0.712654948235,0.599073529243,0.260147511959,0.026523405686,-0.049561038613,-0.232723101974,-0.314325541258,-0.252724558115,-0.332969397306,-0.448171913624,-0.404789477587,-0.512043714523,-0.632300257683,-0.438815772533,-0.358723908663,-0.345110446215,-0.245837107301,-0.106068275869,0.211551517248,0.277518719435,0.212870895863,0.289351224899,0.310297757387,0.301267147064,0.063046135008,0.005447605159,0.067590154707,-0.203862711787,-0.303852140903,-0.531060278416,-0.831284403801,-0.833151817322,-0.837164282799,-0.676147699356,-0.557443022728,-0.380015403032,-0.141996935010,-0.182612642646,-0.028604142368,0.068742655218,0.072100833058,0.340668588877,0.495959281921,0.554277777672,0.520207583904,0.470385581255,0.493632763624,0.357109874487,0.208889156580,-0.004682545550,-0.236491233110,-0.260730803013,-0.322143584490,-0.353471130133,-0.256119012833,-0.303162455559,-0.380935043097,-0.377927839756,-0.456653982401,-0.440584510565,-0.198328867555,0.095211021602,0.327209591866,0.415810853243,0.461494386196,0.504706203938,0.461922496557,0.532238483429,0.569824993610,0.407648950815,0.339685767889,0.219304308295,-0.048952370882,-0.242279201746,-0.418473333120,-0.553801536560,-0.665762126446,-0.723822891712,-0.596177995205,-0.497855067253,-0.387703716755,-0.202118709683,-0.137657463551,-0.028697649017,0.145924061537,0.288389474154,0.369839012623,0.354553043842,0.393521338701,0.423835635185,0.472364038229,0.446637660265,0.205967843533,0.023810654879,-0.179273366928,-0.344337701797,-0.403617501259,-0.530079722404,-0.519589006901,-0.495259940624,-0.466892719269,-0.336660087109,-0.366654992104,-0.376760005951,-0.321811497211,-0.330125600100,-0.228860557079,-0.033080860972,0.143428862095,0.296842873096,0.460746288300,0.506098330021,0.523933529854,0.641886472702,0.612074255943,0.606755852699,0.636307418346,0.438535958529,0.291562110186,0.176164180040,-0.077915884554,-0.243963211775,-0.304636687040,-0.340965688229,-0.229138329625,-0.099928595126,-0.114679023623,-0.111504405737,-0.092976771295,-0.000631522620,0.157831147313,0.281944185495,0.479209810495,0.498785644770,0.466169476509,0.555522203445,0.505428493023,0.463341206312,0.265673577785,-0.058133937418,-0.247562348843,-0.413558542728,-0.498574465513,-0.652563512325,-0.731388509274,-0.661634802818,-0.664762854576,-0.583596765995,-0.553540408611,-0.574361741543,-0.558079719543,-0.474391162395,-0.230991348624,-0.055491998792,0.101815238595,0.171894222498,0.133597657084,0.160543739796,0.136221542954,0.154470115900,0.070290103555,-0.045970391482,-0.049396194518,-0.257228910923,-0.392126351595,-0.475390493870,-0.697374880314,-0.705089092255,-0.566942930222,-0.385860443115,-0.191941678524,-0.108572088182,-0.135532647371,-0.086402654648,0.190648838878,0.344606280327,0.380476832390,0.548653721809,0.701687872410,0.759200632572,0.620851516724,0.539835512638,0.622740626335,0.442876726389,0.248257622123,0.138660728931,-0.081325747073,-0.069600909948,-0.070428036153,-0.234633505344,-0.226403057575,-0.295774906874,-0.357733815908,-0.291476726532,-0.358142942190,-0.314292401075,-0.188497126102,-0.074460707605,0.113988608122,0.147742778063,0.307902723551,0.545160949230,0.504797518253,0.517114520073,0.515192925930,0.394949615002,0.304993033409,0.136006265879,-0.091131880879,-0.259848266840,-0.438733935356,-0.688939392567,-0.720647573471,-0.659835815430,-0.667030632496,-0.521658062935,-0.393050104380,-0.236616596580,-0.096231497824,0.003104731906,0.104174621403,0.070111066103,0.268868029118,0.413430869579,0.410836160183,0.541508078575,0.421139508486,0.412635236979,0.415114432573,0.074558936059,-0.169036835432,-0.276168853045,-0.262670636177,-0.369652479887,-0.532343327999,-0.513100147247,-0.560303270817,-0.487462103367,-0.449393808842,-0.593793392181,-0.561435759068,-0.330246001482,-0.017748858780,0.133886188269,0.207726135850,0.329404503107,0.406800866127,0.585478723049,0.645609140396,0.565398037434,0.539025187492,0.404772013426,0.231811210513,-0.012886744924,-0.348368048668,-0.612558066845,-0.671736359596,-0.649571299553,-0.809392333031,-0.656006574631,-0.344759613276,-0.359801322222,-0.185931444168,0.063593283296,0.157924488187,0.269858658314,0.519074499607,0.741957902908,0.575715303421,0.643479228020,0.858693718910,0.597844183445,0.499747097492,0.539809226990,0.262462109327,-0.030419994146,-0.248059913516,-0.507690906525,-0.540474534035,-0.426169037819,-0.616403818130,-0.677915632725,-0.504113852978,-0.500393331051,-0.473104149103,-0.447191476822,-0.261330127716,0.039224345237,0.099013611674,0.203658118844,0.287543922663,0.297267913818,0.433871090412,0.520973920822,0.532205045223,0.452369898558,0.285832613707,0.132287308574,-0.074140727520,-0.314577341080,-0.496113896370,-0.575082421303,-0.595867931843,-0.665509283543,-0.678755700588,-0.512065649033,-0.388938307762,-0.345888048410,-0.127052515745,0.116357959807,0.252756685019,0.413252502680,0.539185523987,0.652665555477,0.760572850704,0.821079194546,0.883855938911,0.822571277618,0.648930311203,0.501103460789,0.313550531864,0.013189869933,-0.217241674662,-0.201528325677,-0.232254579663,-0.362264931202,-0.380475819111,-0.430310815573,-0.400869578123,-0.370728641748,-0.419946759939,-0.158176958561,0.012901480310,0.042995654047,0.321770161390,0.370976299047,0.383665949106,0.552292466164,0.577915132046,0.564692318439,0.321944117546,0.101277433336,0.026531912386,-0.181591004133,-0.282532304525,-0.431017994881,-0.662769913673,-0.803918838501,-0.876873493195,-0.863498687744,-0.791237831116,-0.574591577053,-0.388720929623,-0.217583864927,-0.071407578886,0.149749338627,0.534123003483,0.494968265295,0.543922305107,0.726145386696,0.491438984871,0.582294344902,0.650920391083,0.383554160595,0.227540358901,-0.050055749714,-0.146582722664,-0.172747686505,-0.428008586168,-0.380584359169,-0.269016891718,-0.393437176943,-0.364130407572,-0.284772515297,-0.274883747101,-0.168702751398,-0.171041354537,-0.132160946727,0.136061236262,0.249903380871,0.355425804853,0.543544352055,0.467200517654,0.466002553701,0.690929591656,0.613524675369,0.396723896265,0.333955258131,0.189171031117,0.038999158889,-0.158109292388,-0.329311281443,-0.341255277395,-0.501431643963,-0.526652216911,-0.341070562601,-0.242424398661,-0.089144505560,0.017036465928,0.075670421124,0.153666034341,0.220069915056,0.380021274090,0.457101374865,0.461933940649,0.645210564137,0.800134241581,0.661025285721,0.512767910957,0.433056890965,0.195779249072,-0.011248764582,-0.188188612461,-0.319124519825,-0.375870108604,-0.488034248352,-0.394187033176,-0.359880149364,-0.458782047033,-0.313521802425,-0.330213844776,-0.483732342720,-0.325235009193,-0.055423229933,0.041174575686,0.125620245934,0.268357157707,0.305543452501,0.397273182869,0.465668469667,0.426319688559,0.406632065773,0.265772521496,0.164701804519,0.099005676806,-0.128721266985,-0.394433051348,-0.636068999767,-0.818846583366,-0.910894691944,-0.798325479031,-0.613295197487,-0.479771107435,-0.247124210000,-0.122643887997,-0.004434465431,0.210025906563,0.261833876371,0.451983004808,0.727900326252,0.742039203644,0.846018373966,0.918418467045,0.628976523876,0.546635866165,0.544828534126,0.155602738261,0.007397782989,-0.020421499386,-0.275533318520,-0.284123897552,-0.307559221983,-0.489357620478,-0.536226630211,-0.462850749493,-0.342966973782,-0.361220896244,-0.290077269077,-0.044675860554,0.072301030159,0.237932294607,0.587322890759,0.742245137691,0.636061549187,0.683382093906,0.675690650940,0.582263112068,0.654512166977,0.407519340515,0.127849057317,0.060458064079,-0.256764739752,-0.450034052134,-0.594251275063,-0.809954464436,-0.718220233917,-0.697372734547,-0.632026493549,-0.401327788830,-0.297586172819,-0.086392864585,0.092264436185,0.219050973654,0.399397522211,0.431448370218,0.436310827732,0.505883991718,0.534169733524,0.480981439352,0.555530011654,0.474952369928,0.117376722395,0.000323532120,-0.276387870312,-0.538921952248,-0.415821880102,-0.478594869375,-0.457778006792,-0.505754292011,-0.681668102741,-0.486219435930,-0.476027160883,-0.483192890882,-0.172394528985,-0.001684274292,0.128870293498,0.390231221914,0.580945789814,0.660382747650,0.824370861053,0.858963489532,0.799836397171,0.784964799881,0.529625117779,0.414384692907,0.271701425314,-0.097257912159,-0.151107475162,-0.265279769897,-0.467114359140,-0.523744046688,-0.665186345577,-0.683201253414,-0.469905257225,-0.166674986482,-0.032385155559,0.084417358041,0.337848037481,0.346015483141,0.378410756588,0.654512047768,0.817950904369,0.793844103813,0.735281884670,0.687004327774,0.481011092663,0.222812369466,-0.003952206112,-0.264090448618,-0.422512978315,-0.593439996243,-0.635985791683,-0.579399645329,-0.800187408924,-0.738415896893,-0.435611099005,-0.548068940639,-0.510426878929,-0.309346973896,-0.335641235113,-0.044867251068,0.312345802784,0.319195777178,0.357396453619,0.413981914520,0.488818019629,0.670150518417,0.602248072624,0.276790559292,0.089761428535,-0.097601160407,-0.385273605585,-0.416876524687,-0.427387475967,-0.628153860569,-0.688749909401,-0.651969909668,-0.570502042770,-0.320218026638,-0.087466947734,0.049474541098,0.116270355880,0.152803361416,0.321631103754,0.446530520916,0.490842700005,0.621238231659,0.745333492756,0.829969823360,0.808654546738,0.678461551666,0.451844692230,0.227500692010,0.087665222585,-0.114475376904,-0.190081194043,-0.214892581105,-0.288588851690,-0.240134432912,-0.246385902166,-0.209811612964,-0.170704513788,-0.174589201808,-0.110788024962,-0.098676338792,0.094571419060,0.265048503876,0.336955875158,0.570062160492,0.582226753235,0.523760259151,0.523785352707,0.377528250217,0.319138646126,0.269726395607,0.128288894892,-0.047940034419,-0.227606117725,-0.344111144543,-0.480026513338,-0.587733983994,-0.643757283688,-0.570601999760,-0.415371805429,-0.320840358734,-0.100166216493,-0.011710272171,0.056682821363,0.316128760576,0.345486938953,0.468561083078,0.457558870316,0.234792321920,0.471157670021,0.553634345531,0.378958165646,0.334950923920,0.159329816699,-0.158043935895,-0.405560582876,-0.517849326134,-0.749010801315,-0.786186754704,-0.706635534763,-0.813903987408,-0.587290525436,-0.507744014263,-0.653922975063,-0.454541087151,-0.291944414377,-0.130426049232,0.185076296329,0.417130708694,0.470092535019,0.566262304783,0.724496364594,0.624134063721,0.565305531025,0.537540078163,0.329099923372,0.153804779053,-0.128092408180,-0.309293448925,-0.378514647484,-0.590464472771,-0.577713310719,-0.496101349592,-0.558686316013,-0.436483055353,-0.224057003856,-0.073009490967,0.154896289110,0.333006054163,0.443427294493,0.655530869961,0.709232091904,0.721793651581,0.829772531986,0.733951270580,0.681250929832,0.604572713375,0.413385987282,0.286908864975,-0.042313296348,-0.342935562134,-0.461583673954,-0.562117934227,-0.531280994415,-0.462526500225,-0.476830005646,-0.436299145222,-0.333032727242,-0.495905876160,-0.496807277203,-0.186116695404,-0.191956654191,-0.028145158663,0.275441318750,0.353353530169,0.473683476448,0.404121428728,0.364246368408,0.335508108139,0.188104048371,0.183183118701,-0.022459717467,-0.258253335953,-0.327926665545,-0.521492838860,-0.673235416412,-0.688118457794,-0.705240905285,-0.616810083389,-0.410447031260,-0.299494445324,-0.045809864998,0.240260615945,0.236162155867,0.369663715363,0.615272164345,0.787762284279,0.985278666019,1.022503018379,0.937071621418,0.866871118546,0.802653908730,0.746206939220,0.507754564285,0.051936283708,-0.203744605184,-0.348122566938,-0.502031147480,-0.409492403269,-0.437606513500,-0.527237534523,-0.456603556871,-0.478655666113,-0.431611180305,-0.348107904196,-0.251839846373,-0.052366465330,0.099065296352,0.213173598051,0.342186957598,0.465734064579,0.474652916193,0.514094471931,0.568864524364,0.425135910511,0.213955298066,-0.086536459625,-0.305366903543,-0.454672574997,-0.656089961529,-0.645572543144,-0.737850666046,-0.846933960915,-0.726116180420,-0.753677785397,-0.660452663898,-0.303840517998,-0.012340497226,0.143556803465,0.210194051266,0.312151610851,0.434349089861,0.514956653118,0.510177671909,0.534419000149,0.629556894302,0.559026479721,0.452332705259,0.333185195923,0.107364274561,-0.015942616388,-0.096495456994,-0.168994665146,-0.148972064257,-0.166258186102,-0.292215764523,-0.386996686459,-0.363631099463,-0.347591906786,-0.293578922749,-0.189585790038,-0.101036123931,0.088616997004,0.255401730537,0.345487684011,0.398814260960,0.411715686321,0.481055468321,0.461099028587,0.436781138182,0.396818399429,0.165406361222,0.037933725864,-0.095216773450,-0.278056740761,-0.318383157253,-0.479288369417,-0.618658781052,-0.556283533573,-0.467606335878,-0.425011098385,-0.369648516178,-0.168388023973,-0.027773484588,0.083139620721,0.309996753931,0.380914479494,0.470738410950,0.636076927185,0.655788600445,0.691878020763,0.706315219402,0.564794540405,0.311645507813,0.109932266176,-0.012063391507,-0.264102488756,-0.442071199417,-0.450147300959,-0.603844821453,-0.722810208797,-0.637913286686,-0.617142140865,-0.610125780106,-0.507540225983,-0.447115927935,-0.335538208485,-0.152828559279,-0.023189984262,0.163764521480,0.386123120785,0.531216919422,0.605469405651,0.606884181499,0.504459261894,0.304327815771,0.168441459537,0.057664457709,-0.101284414530,-0.222392141819,-0.433693438768,-0.684828221798,-0.791280448437,-0.820122063160,-0.832564115524,-0.707885384560,-0.515387117863,-0.455498248339,-0.269141465425,0.032547231764,0.203677624464,0.389071404934,0.473555237055,0.475668251514,0.638388216496,0.889947235584,0.984960556030,0.806984901428,0.673501551151,0.513017833233,0.117854319513,-0.131236165762,-0.304528474808,-0.443894296885,-0.353638142347,-0.430435359478,-0.529212355614,-0.416599243879,-0.492664545774,-0.506092369556,-0.419913411140,-0.464873075485,-0.263477772474,0.009921547025,0.180313169956,0.359096705914,0.373822361231,0.425546407700,0.502393007278,0.524288833141,0.645733892918,0.534816920757,0.313368856907,0.208629086614,-0.068643257022,-0.324456453323,-0.522969126701,-0.812677204609,-0.948845148087,-0.939904451370,-0.898089110851,-0.787032246590,-0.637564003468,-0.434692114592,-0.157605186105,-0.027263183147,0.026796938851,0.227130636573,0.352272987366,0.475978046656,0.575161457062,0.544671416283,0.648832738400,0.554921150208,0.305902272463,0.241623505950,-0.019357537851,-0.354172646999,-0.502562344074,-0.535928606987,-0.463458597660,-0.485607028008,-0.531634747982,-0.472360849380,-0.450613677502,-0.484956026077,-0.455219954252,-0.266011327505,-0.020402163267,0.296080768108,0.611574828625,0.666037917137,0.723982393742,0.838354051113,0.833556175232,0.929873585701,0.875610172749,0.602244436741,0.432087957859,0.171956524253,-0.139065682888,-0.387528270483,-0.596699774265,-0.655681073666,-0.660702586174,-0.641253709793,-0.661073803902,-0.678405165672,-0.541586160660,-0.287498533726,-0.005772425793,0.118101425469,0.220347627997,0.273590117693,0.285305976868,0.539808928967,0.531000852585,0.347848683596,0.392103254795,0.249571233988,0.102109424770,-0.090270802379,-0.441659599543,-0.530246436596,-0.559627234936,-0.507319211960,-0.443326860666,-0.560853362083,-0.562087774277,-0.639335513115,-0.590467989445,-0.413512855768,-0.481368511915,-0.324638843536,-0.113123416901,-0.039720244706,0.121548302472,0.207661628723,0.278850108385,0.311248689890,0.419294089079,0.443973571062,0.191922873259,0.158185899258,0.128197312355,-0.023219039664,-0.085574559867,-0.330627918243,-0.487751930952,-0.448737829924,-0.428139209747,-0.322860956192,-0.238553658128,-0.098855756223,0.059292796999,-0.001801298931,0.054346203804,0.216265752912,0.213626340032,0.295560419559,0.430181592703,0.520866334438,0.645750164986,0.596885442734,0.401103407145,0.391702085733,0.374054610729,0.077916301787,-0.044067375362,-0.075744308531,-0.240664690733,-0.150978744030,-0.176319271326,-0.351133316755,-0.295857191086,-0.295529246330,-0.334413796663,-0.305065870285,-0.250558257103,-0.210911810398,-0.059059675783,0.185100287199,0.219882681966,0.355343461037,0.500500798225,0.453704208136,0.515350103378,0.409338742495,0.241508156061,0.226660415530,0.097259446979,-0.148252695799,-0.425215601921,-0.561026215553,-0.638853430748,-0.688567936420,-0.600267291069,-0.620752155781,-0.577052652836,-0.352481484413,-0.220962747931,-0.115307107568,-0.062469080091,-0.025826632977,0.154814586043,0.235252991319,0.288370102644,0.383913308382,0.341158092022,0.435878008604,0.426482319832,0.137011647224,0.010955766775,-0.147537454963,-0.436469197273,-0.582118690014,-0.580275714397,-0.623504400253,-0.654330730438,-0.505550801754,-0.490075141191,-0.422570914030,-0.279214531183,-0.387627065182,-0.215671867132,0.011620951816,0.009548927657,0.216347694397,0.378618061543,0.484059333801,0.565381824970,0.471095353365,0.373833775520,0.217638894916,0.175203993917,0.152991920710,-0.088731832802,-0.217347860336,-0.364469677210,-0.534134805202,-0.510445833206,-0.451684534550,-0.288304269314,-0.229271218181,-0.201574474573,-0.003791747382,0.077637739480,0.259047091007,0.412352740765,0.438796728849,0.551730632782,0.514965772629,0.553507566452,0.601086199284,0.480744719505,0.373679161072,0.185474142432,-0.019918212667,-0.253866463900,-0.358874946833,-0.412824571133,-0.564385652542,-0.546072185040,-0.582368671894,-0.586220622063,-0.521700441837,-0.555320262909,-0.496278226376,-0.427243024111,-0.237160757184,-0.041948720813,0.128536373377,0.360381573439,0.365101367235,0.355827361345,0.348701059818,0.284131288528,0.204094752669,0.063533075154,-0.056558500975,-0.265546292067,-0.298952937126,-0.356781601906,-0.634525120258,-0.650863051414,-0.652509570122,-0.673527717590,-0.558711588383,-0.480592966080,-0.287084370852,-0.016813581809,0.236465811729,0.492335021496,0.653377294540,0.719946444035,0.862453222275,0.981939673424,0.971991777420,0.996628642082,0.862291097641,0.705309867859,0.586822748184,0.238986223936,-0.011129166931,-0.284279406071,-0.508872926235,-0.456817358732,-0.546105086803,-0.488035798073,-0.260475397110,-0.281052350998,-0.321274757385,-0.297036379576,-0.283078342676,-0.113579541445,0.173345357180,0.238652810454,0.273447602987,0.389332920313,0.347191542387,0.397503584623,0.414118647575,0.312114298344,0.196274578571,-0.042550791055,-0.142235741019,-0.265519052744,-0.466656625271,-0.655367434025,-0.936733543873,-0.944085896015,-0.854727625847,-0.807692587376,-0.680629193783,-0.550598800182,-0.207250356674,0.038049098104,0.117410965264,0.312112271786,0.390265762806,0.363104313612,0.393274426460,0.473763853312,0.476605653763,0.475091785192,0.444669574499,0.228326901793,0.085608385503,-0.095184601843,-0.311494469643,-0.330097138882,-0.410592287779,-0.453819185495,-0.439316153526,-0.474714845419,-0.296384364367,-0.085685633123,-0.018988629803,-0.001124376198,0.062714591622,0.212596446276,0.257020086050,0.445780694485,0.690344870090,0.627335131168,0.722561597824,0.782065987587,0.575719118118,0.572139501572,0.476768702269,0.220541685820,0.111500084400,-0.128692030907,-0.436349809170,-0.490211993456,-0.599529206753,-0.840133428574,-0.766437709332,-0.556335687637,-0.450916141272,-0.217124521732,0.002497183857,0.070402942598,0.211313366890,0.342261403799,0.391888678074,0.558007419109,0.635036408901,0.624518513680,0.635846734047,0.365679204464,0.253237336874,0.330886274576,0.060889583081,-0.227929860353,-0.438820540905,-0.515473902225,-0.502547919750,-0.627008557320,-0.611974477768,-0.570316433907,-0.556264460087,-0.566980659962,-0.635541021824,-0.443751901388,-0.249581411481,-0.159818813205,0.056178886443,0.167936444283,0.191629141569,0.300060629845,0.384066790342,0.471348434687,0.534934580326,0.368330627680,0.164950564504,0.028001543134,-0.220750629902,-0.366675198078,-0.460036247969,-0.682938158512,-0.744067430496,-0.705763757229,-0.733770787716,-0.579035758972,-0.309007078409,-0.111528448761,0.133398026228,0.285037487745,0.306630909443,0.396804571152,0.502787411213,0.642900884151,0.750160157681,0.761164009571,0.673974752426,0.484126091003,0.341371029615,0.188575774431,0.037024300545,-0.116956576705,-0.226140931249,-0.205762490630,-0.259818047285,-0.272426247597,-0.318900167942,-0.393667608500,-0.290793061256,-0.304069101810,-0.178555190563,0.082898981869,0.116603523493,0.241874292493,0.398171514273,0.479587972164,0.508448660374,0.541851282120,0.663750469685,0.468667358160,0.279520124197,0.361454993486,0.195913866162,-0.132870957255,-0.327502757311,-0.472409963608,-0.776904702187,-0.853055357933,-0.715989351273,-0.836081206799,-0.802464902401,-0.716143012047,-0.472096264362,-0.031696379185,-0.017098603770,0.095988906920,0.237402647734,0.199096828699,0.364661633968,0.596988379955,0.831326365471,0.750834643841,0.596242249012,0.450755476952,0.234283596277,0.144129082561,-0.227608531713,-0.312434166670,-0.341197341681,-0.604422152042,-0.362918019295,-0.456370174885,-0.655007064342,-0.479277759790,-0.461407005787,-0.280112713575,-0.140146255493,-0.034481778741,0.221399649978,0.494678348303,0.800081312656,0.865926504135,0.924962937832,0.954104006290,0.875005841255,0.894737184048,0.683138132095,0.406038552523,0.105291537941,-0.176606863737,-0.174965322018,-0.413939654827,-0.655123829842,-0.666688919067,-0.767532765865,-0.610578298569,-0.414266049862,-0.213650792837,0.053108062595,0.043175615370,0.183764800429,0.267132878304,0.239969655871,0.408047646284,0.304312080145,0.365206778049,0.544146060944,0.345932364464,0.311104714870,0.268248468637,-0.009645928629,-0.227015227079,-0.393362104893,-0.511516571045,-0.564816057682,-0.544307291508,-0.519216358662,-0.501054406166,-0.520564436913,-0.541685461998,-0.361966609955,-0.236188963056,-0.172259926796,0.067483521998,0.115021295846,0.121381342411,0.404836714268,0.462344914675,0.374712318182,0.495643079281,0.516659855843,0.408590465784,0.275458127260,0.193414852023,0.137926578522,-0.083698689938,-0.217733725905,-0.314961045980,-0.496722340584,-0.568871676922,-0.555623114109,-0.428332865238,-0.356078147888,-0.264794319868,-0.058140017092,0.080530934036,0.297778308392,0.555676519871,0.709154009819,0.642783164978,0.662330269814,0.844340801239,0.711227595806,0.694108545780,0.702800989151,0.343028634787,0.086496941745,-0.044299282134,-0.143092185259,-0.248651474714,-0.286759853363,-0.246918201447,-0.363294959068,-0.407295286655,-0.437065988779,-0.490339338779,-0.334559231997,-0.287527680397,-0.275172233582,-0.013377302326,0.192369997501,0.412449359894,0.672930657864,0.621980667114,0.563445925713,0.590582370758,0.476761609316,0.341713100672,0.245987057686,0.184367507696,-0.102397851646,-0.438209116459,-0.560034692287,-0.735417664051,-0.774643003941,-0.598643600941,-0.471857517958,-0.407886505127,-0.263364493847,-0.148283496499,-0.074591100216,0.136057659984,0.158855199814,0.264840632677,0.494693368673,0.398085534573,0.503719866276,0.591261565685,0.496401369572,0.574489831924,0.359986454248,0.101936884224,-0.077727638185,-0.422287195921,-0.480238229036,-0.409308582544,-0.402449727058,-0.300591498613,-0.286923915148,-0.310468733311,-0.305606216192,-0.387290537357,-0.323113024235,-0.055730585009,0.090863116086,0.302545219660,0.579300463200,0.487459421158,0.430121660233,0.630649149418,0.638375222683,0.479526370764,0.390850454569,0.384766638279,0.139067724347,-0.215432479978,-0.146646082401,-0.231827706099,-0.579578042030,-0.447000682354,-0.377301514149,-0.521892845631,-0.246909826994,-0.007842126302,0.023011989892,0.175074845552,0.230838552117,0.259783446789,0.416840136051,0.455946803093,0.428268522024,0.531838119030,0.461546123028,0.395209312439,0.613306701183,0.381376177073,0.058982122689,0.123166397214,-0.142913401127,-0.432650417089,-0.435738176107,-0.435146570206,-0.502933800220,-0.564085423946,-0.516727089882,-0.585279107094,-0.561693489552,-0.446805566549,-0.415174454451,-0.233796983957,-0.096761576831,0.121458463371,0.424721211195,0.453816205263,0.408383011818,0.456460654736,0.488787412643,0.402695387602,0.357367187738,0.269417196512,0.019137831405,-0.103603266180,-0.255339056253,-0.483503848314,-0.573261678219,-0.570426404476,-0.492394596338,-0.412411242723,-0.166164651513,0.183950826526,0.350692123175,0.530434072018,0.602186441422,0.636794984341,0.862806797028,0.872370481491,0.892237126827,0.960988581181,0.689013600349,0.567842185497,0.548473060131,0.294666409492,0.087297402322,-0.052298292518,-0.217708483338,-0.385099858046,-0.363012582064,-0.319496989250,-0.496432065964,-0.508263409138,-0.420672923326,-0.376545906067,-0.238384947181,-0.107851356268,0.018325667828,0.101896449924,0.195109233260,0.267045646906,0.289870917797,0.376876980066,0.392592221498,0.305415660143,0.129504784942,0.006294605322,-0.143681168556,-0.375000536442,-0.367693036795,-0.498120754957,-0.766459107399,-0.820521533489,-0.845841288567,-0.717678248882,-0.544370949268,-0.398350238800,-0.155919000506,0.019320452586,0.152888730168,0.240183383226,0.365376263857,0.463258177042,0.439774066210,0.567024707794,0.665956079960,0.669899642467,0.751706600189,0.647140383720,0.352156132460,0.087881803513,-0.103414960206,-0.217904150486,-0.287493437529,-0.305196136236,-0.349041819572,-0.442877322435,-0.365928947926,-0.263523399830,-0.364429175854,-0.344388782978,-0.157586619258,-0.008996584453,0.173691213131,0.337961822748,0.471412003040,0.551286280155,0.527636528015,0.570620179176,0.629343688488,0.615147173405,0.533856809139,0.277591705322,0.012363201939,-0.216914474964,-0.529317319393,-0.638654351234,-0.705672919750,-0.837465703487,-0.616816222668,-0.440203934908,-0.379020035267,-0.164809733629,-0.067279540002,0.147792398930,0.259401082993,0.173579841852,0.389803200960,0.530420601368,0.576389789581,0.735722899437,0.735925137997,0.631888329983,0.519920647144,0.369565933943,0.115049205720,-0.104633539915,-0.220002159476,-0.381756931543,-0.521945118904,-0.676844716072,-0.737103760242,-0.538086116314,-0.416241139174,-0.488799273968,-0.474237829447,-0.394811302423,-0.251834899187,0.059718202800,0.238875418901,0.323475420475,0.455218762159,0.418172836304,0.393022179604,0.407322943211,0.353246599436,0.296138733625,0.125739648938,-0.128597646952,-0.406134903431,-0.575995624065,-0.681466519833,-0.871912539005,-0.914853215218,-0.869819641113,-0.791607618332,-0.576676666737,-0.342931896448,-0.039023794234,0.267557591200,0.475607991219,0.643033742905,0.740933537483,0.745385766029,0.774600386620,0.846669554710,0.770381748676,0.730479240417,0.663388848305,0.380336463451,0.252217710018,0.016829879954,-0.368497759104,-0.398856937885,-0.353232145309,-0.380512505770,-0.412213504314,-0.423535257578,-0.324143767357,-0.311354815960,-0.235729038715,-0.042076818645,0.123054534197,0.368599534035,0.492804288864,0.564595401287,0.701099812984,0.643595397472,0.558286786079,0.516729772091,0.418020784855,0.379908472300,0.290656030178,0.059999369085,-0.260293006897,-0.597256362438,-0.773526847363,-0.842359364033,-0.953294515610,-0.963827908039,-0.813891053200,-0.788298249245,-0.755363821983,-0.455474942923,-0.256970435381,-0.047543615103,0.269357353449,0.294096112251,0.337591916323,0.446585476398,0.497690767050,0.625116586685,0.523754179478,0.377762794495,0.314157038927,0.085495911539,-0.163953050971,-0.409443050623,-0.650987982750,-0.779615938663,-0.700645506382,-0.573694884777,-0.480098605156,-0.288908541203,-0.216739639640,-0.154480874538,-0.125481709838,-0.102798871696,0.239591747522,0.422711968422,0.545522451401,0.785997211933,0.763843894005,0.818037152290,0.875640034676,0.686238467693,0.503626883030,0.387796819210,0.254662424326,0.043531328440,-0.204051420093,-0.422136723995,-0.564326882362,-0.746178388596,-0.763263881207,-0.563097774982,-0.525334239006,-0.346206218004,-0.177111089230,-0.116105817258,0.148927897215,0.180486530066,0.271487444639,0.421414583921,0.290437728167,0.413002282381,0.575552701950,0.564585506916,0.527005910873,0.323043823242,0.054565221071,-0.119420319796,-0.198877409101,-0.319861352444,-0.422205895185,-0.439435571432,-0.438700705767,-0.501877844334,-0.594964206219,-0.544990777969,-0.542691588402,-0.534695565701,-0.455167114735,-0.364972025156,-0.092122413218,0.073960445821,0.164526551962,0.226365789771,0.261201500893,0.579911231995,0.676142573357,0.522700428963,0.483627796173,0.416407942772,0.356812357903,0.141862571239,-0.163515463471,-0.383026659489,-0.560064613819,-0.664817094803,-0.731483399868,-0.696863174438,-0.633424103260,-0.539997398853,-0.340357929468,-0.097032360733,0.108570918441,0.162428691983,0.208556666970,0.242354780436,0.332810848951,0.614194273949,0.794590890408,0.861478984356,0.821334123611,0.674635350704,0.473253428936,0.151892289519,-0.002340036910,-0.081760406494,-0.210960969329,-0.215027838945,-0.349374860525,-0.525591433048,-0.522980213165,-0.505986750126,-0.496298283339,-0.465057790279,-0.294005870819,-0.038966935128,0.073883041739,0.207784086466,0.374981790781,0.485480129719,0.585369110107,0.561176836491,0.612469851971,0.673367619514,0.427855163813,0.246812313795,0.146416157484,-0.141019344330,-0.333539754152,-0.517526566982,-0.805222630501,-0.829198837280,-0.781867504120,-0.770304381847,-0.494049638510,-0.299651384354,-0.198243007064,0.011944118887,0.072487413883,0.205613210797,0.428552210331,0.508383572102,0.573242485523,0.626340448856,0.549764871597,0.394227862358,0.340035766363,0.224923282862,0.019710462540,-0.192877903581,-0.417827546597,-0.495090246201,-0.566534519196,-0.541146636009,-0.558171868324,-0.624051213264,-0.436080962420,-0.444309860468,-0.375907272100,-0.234395474195,-0.228270322084,0.120472662151,0.325726658106,0.430337280035,0.549687087536,0.488298058510,0.552776098251,0.504906058311,0.453196048737,0.365133166313,0.254298686981,0.171911492944,-0.151262596250,-0.198318257928,-0.331638157368,-0.538280308247,-0.441917806864,-0.648602366447,-0.601531565189,-0.407136172056,-0.405600637197,-0.178881555796,-0.185366049409,-0.119388930500,0.126874849200,0.120040155947,0.206275716424,0.371236234903,0.498323023319,0.566648006439,0.594007611275,0.520456135273,0.282871872187,0.129482582211,-0.140285864472,-0.356450647116,-0.421767234802,-0.551441669464,-0.404697358608,-0.408474713564,-0.571770250797,-0.582303822041,-0.726761043072,-0.651745021343,-0.544177353382,-0.506217539310,-0.333809405565,-0.203433379531,0.126529917121,0.298856407404,0.282242566347,0.389976650476,0.365692019463,0.393633246422,0.337241053581,0.254285722971,0.306680023670,0.076670736074,-0.172892272472,-0.324666529894,-0.511487185955,-0.595974504948,-0.635592401028,-0.492534190416,-0.230937153101,-0.018501304090,0.182093948126,0.248795524240,0.316735565662,0.515260517597,0.613670885563,0.595648705959,0.628040730953,0.700869619846,0.722275257111,0.706443905830,0.640622377396,0.408537089825,0.141000285745,-0.046064168215,-0.262271583080,-0.468984931707,-0.602714776993,-0.576869130135,-0.479281127453,-0.437151312828,-0.331079900265,-0.355766385794,-0.418578326702,-0.323695480824,-0.311315983534,-0.170839458704,0.013585742563,0.003077849280,-0.006795303896,-0.074293337762,-0.031575210392,0.068868115544,0.109335474670,0.272618561983,0.145351126790,-0.075324095786,-0.031829468906,-0.207809731364,-0.382318586111,-0.457613527775,-0.700335443020,-0.707112431526,-0.626717209816,-0.615432918072,-0.452475011349,-0.373444944620,-0.226164191961,-0.080274090171,-0.098211362958,0.041482970119,0.096377484500,0.188159644604,0.426905721426,0.492353558540,0.659635365009,0.691612780094,0.479295402765,0.391993492842,0.251407861710,0.179162368178,0.144514888525,-0.079958245158,-0.221899122000,-0.288669526577,-0.396389573812,-0.391977369785,-0.267823576927,-0.248495116830,-0.341108828783,-0.313789039850,-0.192908480763,-0.030241172761,0.099982559681,0.209991246462,0.467951416969,0.498567134142,0.368857115507,0.502655565739,0.500039994717,0.408608525991,0.378587484360,0.147686824203,-0.095132641494,-0.315540343523,-0.467491716146,-0.570336103439,-0.743800401688,-0.751913487911,-0.635904133320,-0.477970987558,-0.326546907425,-0.160244703293,0.042570888996,0.140379101038,0.315498769283,0.396870106459,0.418219685555,0.584628522396,0.544885933399,0.575637102127,0.613096952438,0.358190000057,0.192241773009,-0.034528981894,-0.286241352558,-0.369774132967,-0.515610456467,-0.568513274193,-0.484811037779,-0.427569448948,-0.394792497158,-0.423587769270,-0.432023078203,-0.377992630005,-0.242120474577,-0.001648272621,0.126715660095,0.254630178213,0.436324030161,0.407111525536,0.429534733295,0.496003329754,0.424243599176,0.408775746822,0.292341768742,0.057459227741,-0.101583562791,-0.191446468234,-0.335868388414,-0.540829122066,-0.673073768616,-0.756985545158,-0.681218862534,-0.551497876644,-0.485069692135,-0.301022469997,-0.091302387416,0.109049543738,0.248029485345,0.334477156401,0.413882493973,0.407758235931,0.503681540489,0.620755970478,0.641065776348,0.615551173687,0.499673455954,0.462903022766,0.363625973463,0.080017201602,-0.075100995600,-0.198063388467,-0.368868499994,-0.374581694603,-0.343771457672,-0.249722391367,-0.104583859444,-0.186895623803,-0.226732879877,-0.173253893852,-0.145857095718,0.056115493178,0.153425842524,0.217674076557,0.380600452423,0.274309635162,0.228729173541,0.335406601429,0.287439703941,0.330563783646,0.339711368084,0.060520008206,-0.282175093889,-0.493448853493,-0.594647407532,-0.717814385891,-0.845349848270,-0.941581189632,-0.941677451134,-0.816033005714,-0.652614533901,-0.377795904875,-0.198558002710,-0.069813057780,0.233939364552,0.331835031509,0.379746884108,0.503633022308,0.519593298435,0.695517659187,0.730129182339,0.543018579483,0.359694868326,0.051303967834,-0.164955198765,-0.398191899061,-0.600545346737,-0.550459682941,-0.562753736973,-0.539446830750,-0.400023251772,-0.343671172857,-0.256558179855,-0.086723953485,-0.024825040251,0.154059231281,0.483921766281,0.482873558998,0.616233587265,0.770143449306,0.562821030617,0.806772530079,0.956542789936,0.721424698830,0.724101126194,0.431561022997,0.036448594183,-0.078496105969,-0.293610811234,-0.499292612076,-0.541513323784,-0.687582075596,-0.854327201843,-0.699834108353,-0.571141064167,-0.485800862312,-0.274826258421,-0.199956148863,0.028736324981,0.333986669779,0.389398396015,0.306274771690,0.270300835371,0.404937267303,0.473762810230,0.456076920033,0.418559700251,0.307213395834,0.053381025791,-0.307068139315,-0.386180251837,-0.359768927097,-0.538666963577,-0.623333632946,-0.521161615849,-0.550022900105,-0.585649967194,-0.395230293274,-0.382109105587,-0.452722221613,-0.360763370991,-0.200441107154,0.047292910516,0.128559216857,0.230433180928,0.352421879768,0.273172020912,0.402666389942,0.559395253658,0.502048671246,0.393344581127,0.276347190142,0.194974601269,0.045734498650,-0.044729456306,-0.106472887099,-0.365554332733,-0.547652304173,-0.644406139851,-0.789763927460,-0.638855516911,-0.347744852304,-0.171506702900,0.120333887637,0.311177968979,0.360694527626,0.433078825474,0.469687163830,0.689392268658,0.930362880230,1.009893417358,0.953603446484,0.693441331387,0.480237692595,0.303316205740,0.086003683507,-0.103569015861,-0.281243592501,-0.401488542557,-0.498370319605,-0.415152370930,-0.386823058128,-0.515775859356,-0.247699260712,-0.049666855484,-0.139927312732,0.065287642181,0.127613857388,0.039526391774,0.261201083660,0.396063089371,0.491863489151,0.694736659527,0.622181892395,0.416767835617,0.255712181330,0.107464827597,0.046196207404,-0.169622719288,-0.412005007267,-0.507234156132,-0.763870835304,-0.908879697323,-0.871442973614,-0.927300632000,-0.759505987167,-0.439269721508,-0.273368567228,-0.119225613773,0.078193277121,0.218974873424,0.332795768976,0.446441352367,0.399020701647,0.358582735062,0.562568187714,0.706489086151,0.672256827354,0.538368523121,0.313896626234,0.194920271635,0.083896420896,-0.187001392245,-0.325773090124,-0.226406529546,-0.197581201792,-0.274467021227,-0.230706453323,-0.171558141708,-0.180000945926,-0.105541609228,-0.063581086695,-0.071890771389,0.015023000538,0.146473884583,0.324379831553,0.429699927568,0.426994860172,0.564373075962,0.654035031796,0.467126011848,0.320989936590,0.330719351768,0.246769577265,0.081246182323,-0.044692479074,-0.260218471289,-0.467714607716,-0.451931387186,-0.467386245728,-0.568904519081,-0.518644928932,-0.402663111687,-0.232186570764,0.016170065850,0.092650867999,0.065615870059,0.140991479158,0.138098344207,0.211982354522,0.391039699316,0.372284859419,0.401354283094,0.351181864738,0.194762647152,0.159896984696,-0.077216476202,-0.291426479816,-0.387060880661,-0.508537828922,-0.525034189224,-0.544642388821,-0.424877882004,-0.461069345474,-0.720695137978,-0.608604848385,-0.464874804020,-0.444844692945,-0.214189574122,0.046167891473,0.206489771605,0.255104750395,0.322893053293,0.543172895908,0.683992385864,0.625233054161,0.418286174536,0.220060870051,0.161038622260,0.098919756711,0.093663662672,-0.098685950041,-0.352808952332,-0.135166198015,-0.264879465103,-0.505838751793,-0.145875751972,-0.024644399062,0.048203110695,0.259663462639,0.279598146677,0.413581103086,0.580558717251,0.624074041843,0.562105655670,0.627488851547,0.783949673176,0.702196061611,0.651448547840,0.578775584698,0.378209769726,0.256279319525,-0.025889370590,-0.271950215101,-0.306713849306,-0.381939619780,-0.330579906702,-0.204984590411,-0.199650004506,-0.263007462025,-0.261276036501,-0.306027472019,-0.583780407906,-0.619275510311,-0.430912911892,-0.287839382887,-0.067163638771,-0.016594061628,0.084029942751,0.180737316608,0.104457437992,0.264531165361,0.330599993467,0.295125663280,0.241251200438,-0.009497355670,-0.182490304112,-0.437093764544,-0.539380252361,-0.439437061548,-0.576675117016,-0.567531228065,-0.414446026087,-0.355586796999,-0.174549371004,-0.078421510756,-0.148190096021,0.061252117157,0.289180278778,0.276790708303,0.468732386827,0.580986559391,0.578672111034,0.737366378307,0.678112983704,0.528720021248,0.381150275469,0.192379191518,0.033695928752,-0.190088361502,-0.255730897188,-0.227256298065,-0.181149512529,-0.181824401021,-0.293473452330,-0.208388254046,-0.226147860289,-0.321027934551,-0.193142935634,-0.047300174832,0.261699885130,0.493723005056,0.452520608902,0.444498807192,0.444718986750,0.504762053490,0.543468594551,0.395055681467,0.234768494964,0.168839156628,0.082597337663,-0.126874223351,-0.273307979107,-0.305458903313,-0.408917635679,-0.508350610733,-0.466672241688,-0.384678035975,-0.325529813766,-0.157032147050,-0.127567097545,-0.170368134975,0.153648197651,0.341468065977,0.388913363218,0.582521915436,0.543007135391,0.568293750286,0.604699492455,0.478493899107,0.374161869287,0.113569237292,0.015285418369,-0.094266228378,-0.367498785257,-0.419521987438,-0.485972255468,-0.422021239996,-0.344102472067,-0.417433440685,-0.301197290421,-0.306642442942,-0.401043772697,-0.381955146790,-0.339831858873,-0.161168098450,0.033365011215,0.148406669497,0.265936791897,0.348639935255,0.297977268696,0.348044842482,0.466200619936,0.291141659021,0.200107917190,0.224390879273,-0.042015768588,-0.308004558086,-0.385127454996,-0.451523870230,-0.542782723904,-0.578804373741,-0.551965832710,-0.390526026487,-0.101205252111,0.091133020818,0.205188810825,0.268054068089,0.367407977581,0.479336291552,0.429394423962,0.519722521305,0.557145357132,0.478141248226,0.566034615040,0.450172632933,0.355884790421,0.320350885391,0.071066893637,-0.128901585937,-0.261488229036,-0.232954159379,-0.239032462239,-0.227357327938,-0.135432377458,-0.285080164671,-0.214549958706,-0.249582275748,-0.422154337168,-0.169903993607,-0.111999519169,0.018709978089,0.305824220181,0.355418622494,0.503858923912,0.533369183540,0.504162847996,0.412229478359,0.207406267524,0.119601860642,-0.080604009330,-0.250325143337,-0.440722405910,-0.670396804810,-0.767079830170,-0.844933569431,-0.738843381405,-0.652037978172,-0.580491185188,-0.335729897022,-0.090127050877,0.226310089231,0.442208737135,0.472887665033,0.481191784143,0.565703809261,0.654132306576,0.602644860744,0.597780525684,0.498882740736,0.352860093117,0.333583891392,0.117363162339,-0.175779908895,-0.356295675039,-0.425525605679,-0.376008689404,-0.225848466158,-0.042580768466,0.050013381988,0.184773907065,0.162562787533,0.048794124275,0.129065379500,0.152060315013,0.271948307753,0.426663905382,0.470087707043,0.589926838875,0.541224241257,0.475499957800,0.567277669907,0.479929655790,0.302719086409,0.185216888785,-0.001970977522,-0.120994143188,-0.182845860720,-0.362621545792,-0.430076718330,-0.431956022978,-0.565800189972,-0.650149345398,-0.509508609772,-0.269809454679,-0.200002282858,-0.121681287885,-0.008434140123,0.097982451320,0.282682389021,0.230324551463,0.190760642290,0.262401461601,0.267013937235,0.388957738876,0.352050304413,0.185623675585,-0.023897424340,-0.255390435457,-0.287976652384,-0.372721344233,-0.435939729214,-0.444943964481,-0.519781827927,-0.480687767267,-0.439027398825,-0.371977388859,-0.251303464174,-0.241902947426,-0.218681946397,-0.057326164097,0.067715823650,0.232123330235,0.489040404558,0.487403959036,0.493015378714,0.551230847836,0.454611539841,0.507923543453,0.362311631441,0.090666547418,0.039352599531,-0.093629859388,-0.198316365480,-0.281061559916,-0.406494051218,-0.502918899059,-0.520915210247,-0.410657972097,-0.317018061876,-0.049448903650,0.149237886071,0.153028309345,0.379297941923,0.437343031168,0.448653161526,0.644245564938,0.597585201263,0.633478105068,0.773298084736,0.761978268623,0.694182276726,0.426921755075,0.150769397616,-0.027339253575,-0.255272716284,-0.391736596823,-0.355235666037,-0.249144077301,-0.273360252380,-0.372581094503,-0.430610090494,-0.450001418591,-0.346698552370,-0.314535140991,-0.293072819710,-0.149312391877,-0.029090434313,0.191370815039,0.296962887049,0.337833791971,0.452352643013,0.385934352875,0.395853936672,0.250820815563,0.053095433861,0.099925994873,-0.097793109715,-0.237815812230,-0.442124396563,-0.814634501934,-0.791583776474,-0.701218605042,-0.578754186630,-0.409233093262,-0.376053959131,-0.240379065275,-0.104914911091,-0.012882729061,0.115917235613,0.192827209830,0.217507377267,0.266347348690,0.346762180328,0.364710330963,0.387730032206,0.420218378305,0.320523887873,0.113630957901,-0.106219232082,-0.238169118762,-0.286960840225,-0.348759770393,-0.362231671810,-0.319733858109,-0.284399509430,-0.226282909513,-0.223955675960,-0.249435395002,-0.236942246556,-0.220710173249,-0.076342463493,0.128268659115,0.246447935700,0.363983541727,0.480565488338,0.475383013487,0.458448261023,0.539501130581,0.449630200863,0.338537514210,0.385041445494,0.232985079288,0.069745957851,-0.038576532155,-0.277503192425,-0.335643678904,-0.401464045048,-0.606413424015,-0.602795898914,-0.508243799210,-0.336075156927,-0.071702465415,0.028387608007,0.159900486469,0.353023260832,0.415030002594,0.562515795231,0.653283655643,0.623990774155,0.664026677608,0.482320964336,0.217287376523,0.080637097359,-0.122309356928,-0.305766016245,-0.458841741085,-0.490966379642,-0.430322587490,-0.537174940109,-0.611793696880,-0.593685626984,-0.592021584511,-0.583347558975,-0.534425079823,-0.404445797205,-0.337989389896,-0.201541483402,-0.003819289152,0.107030488551,0.211761340499,0.214494332671,0.351112216711,0.418803423643,0.320883929729,0.414808154106,0.251255959272,0.068696059287,-0.038249161094,-0.266311645508,-0.174441084266,-0.239351779222,-0.327682644129,-0.185300827026,-0.168455511332,0.088771916926,0.278932541609,0.293468058109,0.380995333195,0.344361186028,0.426887542009,0.491945534945,0.539114534855,0.645042598248,0.497251600027,0.437249153852,0.485403984785,0.476996362209,0.496386259794,0.312777340412,0.076698645949,-0.119051180780,-0.275537133217,-0.263770341873,-0.283670991659,-0.243041560054,-0.147966057062,-0.220799356699,-0.293741405010,-0.268552571535,-0.251088202000,-0.312972426414,-0.305670559406,-0.231103479862,-0.154425173998,0.033100981265,0.058198969811,0.003905575257,0.135223522782,0.177776679397,0.124128960073,0.063652567565,0.002497330308,-0.138407826424,-0.364806324244,-0.440209567547,-0.553101301193,-0.714147388935,-0.722601056099,-0.661186754704,-0.574846506119,-0.439257949591,-0.171669974923,-0.023205744103,-0.011889993213,0.047671351582,0.054104421288,0.155526727438,0.307973027229,0.472302377224,0.589991807938,0.535724759102,0.517394781113,0.440394103527,0.367577254772,0.247545748949,-0.045112807304,-0.106065072119,-0.189737513661,-0.346393823624,-0.313243746758,-0.360167413950,-0.273126214743,-0.175459519029,-0.274931162596,-0.284760862589,-0.339865058661,-0.279342114925,-0.012472890317,0.214696690440,0.409045219421,0.509272396564,0.569850564003,0.625234901905,0.618842661381,0.490283161402,0.286241799593,0.152997478843,-0.034431949258,-0.161662176251,-0.184712320566,-0.330198734999,-0.450150877237,-0.496649295092,-0.535529553890,-0.504097640514,-0.339586228132,-0.075388036668,0.066175080836,0.083860494196,0.134228199720,0.176487401128,0.177266627550,0.291041702032,0.402352869511,0.409622758627,0.513690590858,0.459908127785,0.298339307308,0.213699221611,0.025525527075,-0.067556984723,-0.214901536703,-0.397206395864,-0.436441183090,-0.450732111931,-0.329938411713,-0.280751734972,-0.159391254187,-0.134191125631,-0.358674705029,-0.269615292549,-0.233221799135,-0.142113089561,0.053313694894,0.056006919593,0.226179316640,0.189205884933,0.152449235320,0.128349289298,-0.039314746857,0.128676041961,0.035934377462,-0.027107190341,0.010924279690,-0.303135246038,-0.354540079832,-0.473847091198,-0.570174396038,-0.465259641409,-0.443179905415,-0.233104959130,-0.181584104896,-0.147270455956,0.000515220221,0.115111075342,0.335769176483,0.356362551451,0.361281096935,0.343169778585,0.319535136223,0.470546454191,0.438579618931,0.504609644413,0.518643498421,0.261864125729,0.183629825711,-0.010173358954,-0.252662390471,-0.238678961992,-0.274648576975,-0.331592381001,-0.282795548439,-0.191480755806,-0.214950338006,-0.302440345287,-0.200461462140,-0.081343226135,0.011934414506,0.157191395760,0.224320709705,0.329414159060,0.426136344671,0.384993404150,0.343336194754,0.378669589758,0.373468905687,0.182889550924,0.035335645080,-0.058708950877,-0.340185999870,-0.473980367184,-0.472796052694,-0.582835435867,-0.566036820412,-0.567329108715,-0.598482370377,-0.433028757572,-0.304121106863,-0.166689887643,0.062588430941,0.234091356397,0.361135363579,0.439645409584,0.499219596386,0.478349179029,0.447994023561,0.497209817171,0.449419498444,0.322202444077,0.144112125039,0.011229251511,-0.108218543231,-0.278464376926,-0.234389647841,-0.194593369961,-0.165899664164,0.057205762714,0.131709456444,0.155683040619,0.125460579991,-0.069360502064,-0.051461067051,0.008805266581,-0.010059068911,0.127306088805,0.269102841616,0.337326049805,0.350925356150,0.318655371666,0.343008995056,0.313236892223,0.095731869340,-0.061170347035,-0.061496853828,-0.177255555987,-0.350010395050,-0.525636792183,-0.725373327732,-0.797205865383,-0.735004842281,-0.533984839916,-0.439833998680,-0.364129662514,-0.081517636776,-0.065823741257,-0.017680153251,0.354948222637,0.342608481646,0.180901065469,0.469228476286,0.597285509109,0.367916166782,0.487701505423,0.481637090445,0.034418907017,-0.031124694273,-0.071190007031,-0.457078307867,-0.618419826031,-0.598802804947,-0.612577855587,-0.553033947945,-0.454887539148,-0.432222783566,-0.356021285057,-0.243911489844,-0.176445946097,0.045988067985,0.255659401417,0.366812020540,0.529982149601,0.610796093941,0.597532153130,0.601261019707,0.654646754265,0.572086632252,0.372284293175,0.239523828030,0.033296324313,-0.108719050884,-0.201113387942,-0.423835009336,-0.583767831326,-0.729613542557,-0.745429992676,-0.541986763477,-0.410687208176,-0.246442332864,0.006793980021,0.139521628618,0.233919844031,0.392176866531,0.458976060152,0.471221178770,0.505592584610,0.431197792292,0.460008889437,0.529370963573,0.406985551119,0.335626810789,0.118553616107,-0.253889530897,-0.311368048191,-0.254167705774,-0.390889555216,-0.456550031900,-0.343337237835,-0.361558347940,-0.354052186012,-0.241169780493,-0.313183307648,-0.295515000820,-0.186496123672,-0.110760115087,0.077162690461,0.186089828610,0.332713335752,0.500016152859,0.430090934038,0.339573681355,0.321239650249,0.276737034321,0.183016613126,0.055212523788,-0.119102045894,-0.309906035662,-0.439224988222,-0.536462903023,-0.626330018044,-0.760514855385,-0.708672940731,-0.449039608240,-0.336722463369,-0.165683627129,0.063101544976,0.256498068571,0.435084164143,0.264449477196,0.283134222031,0.570892989635,0.445804119110,0.505973875523,0.668725192547,0.326052099466,0.186395630240,0.189260989428,-0.081320673227,-0.224698558450,-0.357989221811,-0.382067173719,-0.226087018847,-0.316085994244,-0.292587697506,-0.190486043692,-0.344048351049,-0.363668859005,-0.231891244650,-0.164214849472,-0.032083962113,0.185743585229,0.253531187773,0.386156409979,0.537417471409,0.464020431042,0.616022229195,0.595766127110,0.361213296652,0.387541562319,0.142496570945,-0.078983895481,-0.067617096007,-0.170984983444,-0.307549357414,-0.580113112926,-0.672148942947,-0.551510155201,-0.529984474182,-0.457328706980,-0.324301064014,-0.127935215831,0.049351237714,0.162655249238,0.291513741016,0.374395549297,0.420967936516,0.423261910677,0.506368696690,0.579091072083,0.446253240108,0.386479496956,0.313891768456,0.057763978839,-0.165734961629,-0.311106294394,-0.335864275694,-0.371237993240,-0.462934672832,-0.465492129326,-0.467366784811,-0.360180646181,-0.337138235569,-0.519237041473,-0.343612074852,-0.032422728837,0.025694558397,0.156331941485,0.266264170408,0.240009665489,0.229389682412,0.279819786549,0.368942201138,0.299169093370,0.272151023149,0.333761096001,0.257367581129,0.240150287747,0.176633715630,0.061858896166,-0.079271487892,-0.289156675339,-0.271247804165,-0.202999994159,-0.121148176491,0.055249292403,0.184574723244,0.285035490990,0.280923336744,0.337822496891,0.407975971699,0.418855249882,0.497169077396,0.575170099735,0.776615858078,0.756437242031,0.563891649246,0.522554457188,0.197330579162,0.028878351673,-0.016161564738,-0.404550671577,-0.457042098045,-0.456055372953,-0.610755801201,-0.520734369755,-0.470356166363,-0.429168432951,-0.529172778130,-0.624246835709,-0.430273383856,-0.376062422991,-0.280303597450,-0.009777821600,0.172880008817,0.199160322547,0.240470618010,0.412601202726,0.375170677900,0.369404613972,0.313711047173,0.035387858748,0.050934575498,-0.058128025383,-0.334160238504,-0.479408979416,-0.767013013363,-0.906344652176,-0.794999837875,-0.646990060806,-0.471493661404,-0.264664530754,-0.125705137849,-0.042452782393,0.178673818707,0.422667443752,0.576808989048,0.594235599041,0.603597462177,0.671587944031,0.535524904728,0.547693073750,0.642082154751,0.347719132900,0.142998397350,0.021003026515,-0.245442554355,-0.275945156813,-0.265430152416,-0.296161502600,-0.155259490013,-0.093761645257,-0.070642612875,-0.097421877086,-0.236452803016,-0.139786556363,-0.081888087094,-0.072864972055,0.270691633224,0.387681305408,0.360815972090,0.549050629139,0.441324323416,0.331665307283,0.418627768755,0.245533496141,0.015629919246,-0.088808126748,-0.080413930118,-0.120094306767,-0.336485475302,-0.419950753450,-0.515294671059,-0.631078124046,-0.427122950554,-0.198362648487,-0.110591031611,-0.050677511841,0.034208208323,0.192566618323,0.239890143275,0.235152512789,0.315485626459,0.331656426191,0.306903332472,0.390688896179,0.457333832979,0.320197463036,0.203014373779,0.075795188546,-0.169880345464,-0.195789754391,-0.224923312664,-0.328032106161,-0.335356235504,-0.445767223835,-0.320235788822,-0.136150360107,-0.263579756021,-0.296485334635,-0.304167002439,-0.399832367897,-0.240747928619,0.104331023991,0.093271300197,0.039208374918,0.306276857853,0.282219558954,0.264039665461,0.439380258322,0.303798407316,0.157887995243,0.133064538240,0.087560743093,0.005314524285,-0.166600346565,-0.359538286924,-0.503323853016,-0.507311582565,-0.451594144106,-0.410733610392,-0.244994893670,-0.035636417568,0.059997841716,0.219493001699,0.436034739017,0.428957164288,0.440918892622,0.592289388180,0.595748901367,0.620379090309,0.696784675121,0.676260888577,0.580234944820,0.362893939018,0.147681027651,-0.091249719262,-0.282757431269,-0.314890861511,-0.379767596722,-0.381926625967,-0.375534921885,-0.358790069818,-0.300587475300,-0.444137364626,-0.435254991055,-0.336994171143,-0.313177824020,-0.075088739395,0.021919487044,0.181077629328,0.394578635693,0.302244156599,0.366405129433,0.294084906578,0.174987673759,0.220523044467,0.017949242145,-0.020600160584,-0.175801113248,-0.428724437952,-0.377365261316,-0.562142789364,-0.634569942951,-0.477657288313,-0.397753506899,-0.263516426086,-0.156092897058,0.028618177399,0.156917020679,0.249395400286,0.373718351126,0.435796976089,0.517932951450,0.457456380129,0.551488399506,0.554658412933,0.306462973356,0.526875376701,0.569700777531,0.235746607184,0.151212751865,0.020855868235,-0.054188679904,0.040466692299,0.087895601988,0.075057327747,0.038102962077,0.061081036925,-0.012956630439,-0.119061902165,-0.144531279802,-0.137477159500,0.065039068460,0.173447310925,0.150057002902,0.378772616386,0.441850483418,0.255010128021,0.260086268187,0.284934490919,0.230038732290,0.189851552248,0.107398934662,-0.066531501710,-0.298422306776,-0.508431434631,-0.686536967754,-0.737499773502,-0.801789045334,-0.817906200886,-0.568467974663,-0.483755469322,-0.417307317257,-0.137240692973,-0.104733519256,-0.057735610753,0.194779425859,0.264163106680,0.316901624203,0.467928856611,0.465337246656,0.399365961552,0.349649757147,0.278780817986,0.181098952889,0.015362992883,-0.102703258395,-0.267821758986,-0.369331389666,-0.317284345627,-0.473308712244,-0.482118308544,-0.312441736460,-0.344195961952,-0.264411717653,-0.199005365372,-0.202686220407,-0.027796410024,0.207774147391,0.347266227007,0.332604974508,0.472041845322,0.658823609352,0.611719131470,0.515864372253,0.311538368464,0.204822212458,0.226268857718,0.081681892276,-0.022101590410,-0.158828258514,-0.378126561642,-0.507495999336,-0.504680037498,-0.280516713858,-0.163192287087,-0.168759971857,-0.083364449441,-0.037884853780,0.213116452098,0.498746901751,0.506216228008,0.515722870827,0.488599240780,0.468083053827,0.556852996349,0.520530998707,0.381907135248,0.245841711760,0.136992201209,-0.007925982587,-0.283634036779,-0.461766809225,-0.404532432556,-0.393092691898,-0.439101785421,-0.310492962599,-0.258995115757,-0.294951468706,-0.208763748407,-0.198598325253,-0.146110638976,-0.044394239783,-0.010211887769,0.129771173000,0.291683226824,0.319379627705,0.233563154936,0.268831312656,0.342775762081,0.251268327236,0.114048033953,-0.015890941024,-0.084651410580,-0.248966872692,-0.384601086378,-0.414825290442,-0.570683240891,-0.609348952770,-0.643197536469,-0.619133710861,-0.458361566067,-0.452856630087,-0.279522061348,-0.092608220875,0.019226560369,0.230539575219,0.250421285629,0.357549667358,0.520829677582,0.532313346863,0.587981820107,0.528223216534,0.369524866343,0.334664523602,0.335622161627,0.075973242521,-0.219987571239,-0.296576499939,-0.370911151171,-0.331648379564,-0.332936644554,-0.469195127487,-0.428579002619,-0.391285330057,-0.417686939240,-0.294834017754,-0.054431982338,0.134162262082,0.281869709492,0.420947223902,0.415307343006,0.428683221340,0.530322968960,0.555776953697,0.474126935005,0.371341586113,0.399874508381,0.261270076036,-0.023863943294,-0.146397978067,-0.413056433201,-0.626599729061,-0.672349989414,-0.819591224194,-0.739764034748,-0.498090803623,-0.317816138268,-0.109707362950,0.091800160706,0.269689232111,0.378236860037,0.472584515810,0.526991069317,0.531484961510,0.536410868168,0.518720149994,0.489447981119,0.240775749087,0.003530774731,-0.151310965419,-0.481743693352,-0.481905966997,-0.389775961637,-0.518532216549,-0.440246403217,-0.511328935623,-0.634288489819,-0.504538238049,-0.453409463167,-0.362494349480,-0.238197878003,-0.137294977903,0.015779180452,0.125000163913,0.265471786261,0.352399140596,0.394718825817,0.476737111807,0.504443764687,0.468802541494,0.351881474257,0.256920993328,0.169826015830,0.058442261070,-0.028305586427,-0.178575783968,-0.296566009521,-0.401639401913,-0.518833577633,-0.443372845650,-0.249047577381,-0.092043288052,0.103946022689,0.234621837735,0.219565987587,0.367819309235,0.498760253191,0.436500251293,0.477767854929,0.457901775837,0.505472719669,0.656947314739,0.517825424671,0.357481867075,0.186706498265,-0.071324884892,-0.274265229702,-0.576978087425,-0.637644469738,-0.465924888849,-0.491858273745,-0.496746540070,-0.450987845659,-0.459996551275,-0.428069621325,-0.454937458038,-0.488333106041,-0.321114897728,-0.105783499777,0.032014869153,0.168897598982,0.159864157438,0.194052368402,0.321365088224,0.333887219429,0.393948853016,0.265790224075,0.096013851464,0.027502302080,-0.210878878832,-0.258562862873,-0.309185922146,-0.423883557320,-0.459742784500,-0.644957602024,-0.644532144070,-0.565987050533,-0.332276910543,0.026195501909,0.080360651016,0.264903485775,0.461781769991,0.506520450115,0.582315444946,0.640762031078,0.737259328365,0.673230826855,0.604154050350,0.504115402699,0.302568793297,0.203154444695,0.057520676404,-0.026217186823,-0.141082733870,-0.166781336069,-0.050618268549,-0.138935416937,-0.154690384865,-0.211840063334,-0.260651379824,-0.142875492573,-0.166549235582,-0.076724544168,0.096957184374,0.249800533056,0.377640038729,0.356801331043,0.396058380604,0.382064968348,0.331496030092,0.339998871088,0.190450683236,0.099676109850,0.184463694692,0.010196557269,-0.294748276472,-0.356343746185,-0.485474079847,-0.508964776993,-0.392321348190,-0.544016540051,-0.500121831894,-0.327041715384,-0.275564342737,-0.159462988377,-0.133432447910,0.029457803816,0.159869834781,0.085644207895,0.151109695435,0.214688464999,0.279618740082,0.344552427530,0.311655372381,0.161128178239,0.048220545053,0.077419273555,-0.131495490670,-0.247787266970,-0.271884083748,-0.460402727127,-0.355686485767,-0.307892411947,-0.406538158655,-0.468369871378,-0.544994056225,-0.455527901649,-0.345807671547,-0.150565072894,-0.097205139697,-0.093280531466,0.167046800256,0.202941358089,0.265493899584,0.381039559841,0.283602327108,0.322054773569,0.360893905163,0.395402908325,0.419237941504,0.227254182100,0.025779262185,-0.167662560940,-0.390046387911,-0.583648204803,-0.667401492596,-0.480511605740,-0.192388370633,-0.013031856157,0.058252807707,0.075662374496,0.178455069661,0.348336547613,0.439233154058,0.491536289454,0.602396309376,0.642410993576,0.556615948677,0.533461987972,0.449757605791,0.242394417524,0.122504256666,-0.036178313196,-0.217560410500,-0.326117217541,-0.407805234194,-0.391221880913,-0.407810628414,-0.392158478498,-0.372967809439,-0.490814626217,-0.516494214535,-0.530133008957,-0.402466773987,-0.136958628893,-0.059893086553,0.087463684380,0.197794526815,0.139882236719,0.126939296722,0.092078983784,0.014737920836,-0.044317245483,-0.046335492283,-0.187681168318,-0.385133922100,-0.462821274996,-0.594484686852,-0.664069592953,-0.642883002758,-0.556596398354,-0.417401731014,-0.333251595497,-0.218009471893,-0.031948391348,0.096430100501,0.139097765088,0.323797971010,0.357977300882,0.232082009315,0.349709004164,0.402559876442,0.540317356586,0.657735168934,0.488335609436,0.400728523731,0.273150354624,0.225596487522,0.164396166801,0.012333250605,0.102400965989,0.092446751893,0.077846184373,0.084283478558,-0.027284914628,0.051910087466,0.006168175023,-0.149333149195,-0.118249058723,-0.083846002817,-0.009694224223,0.163295611739,0.283734828234,0.248037710786,0.234326884151,0.290123403072,0.309125900269,0.313496381044,0.179223299026,0.066480249166,0.074408024549,0.010930350050,-0.182606920600,-0.482268512249,-0.579945921898,-0.674550175667,-0.846424818039,-0.656344354153,-0.535492002964,-0.451750695705,-0.198295265436,-0.151435494423,-0.000827235053,0.160719126463,0.115935467184,0.134209528565,0.180019661784,0.216394662857,0.191180735826,0.146747618914,0.054900147021,-0.079294845462,-0.156123161316,-0.286838471889,-0.371181637049,-0.425811678171,-0.452088177204,-0.446857988834,-0.486848652363,-0.346418380737,-0.168898224831,-0.089052118361,-0.040881060064,0.014529756270,0.125760659575,0.113441169262,0.229514911771,0.347117185593,0.231476634741,0.400785654783,0.534987688065,0.396999537945,0.364793241024,0.299394994974,0.138525664806,-0.030058380216,-0.171781197190,-0.320593625307,-0.349660366774,-0.328649610281,-0.498657763004,-0.419057667255,-0.202556386590,-0.107422888279,0.214289695024,0.418597847223,0.393898755312,0.419211894274,0.485513597727,0.603714227676,0.633332371712,0.670004487038,0.683450639248,0.618850886822,0.617597341537,0.427545517683,0.173297479749,-0.028310230002,-0.296089082956,-0.362464994192,-0.308019727468,-0.358816683292,-0.435274481773,-0.393470466137,-0.248181149364,-0.198350816965,-0.225231662393,-0.256680786610,-0.297735214233,-0.286539435387,-0.231055021286,-0.046801600605,0.180428475142,0.184844955802,0.167614817619,0.206663832068,0.188410550356,0.190702542663,0.091137945652,0.042546067387,-0.028304602951,-0.356825858355,-0.477838784456,-0.531038224697,-0.709616422653,-0.673677206039,-0.640685200691,-0.615401208401,-0.522430717945,-0.431909799576,-0.231055378914,-0.116414315999,-0.060230918229,0.079798422754,0.216009423137,0.323307514191,0.320910483599,0.327072232962,0.447328805923,0.481045037508,0.391834914684,0.247264221311,0.043393220752,-0.058298058808,-0.037339814007,-0.071584299207,-0.118479885161,-0.188443079591,-0.265402287245,-0.163498282433,-0.084457643330,-0.163750395179,-0.177058547735,-0.089383922517,0.098801814020,0.226009860635,0.272754579782,0.451111286879,0.462853074074,0.419914722443,0.599406123161,0.623038172722,0.537773787975,0.490849226713,0.324376344681,0.140235573053,0.036163337529,-0.200021162629,-0.421991765499,-0.435918033123,-0.739915966988,-0.801409482956,-0.466514110565,-0.660375416279,-0.532309174538,-0.040671188384,0.047752704471,0.264876842499,0.414306730032,0.396386981010,0.451649695635,0.459860384464,0.398477941751,0.313740253448,0.364897996187,0.317494392395,0.217536196113,0.037331856787,-0.285738289356,-0.343100160360,-0.461907833815,-0.579143106937,-0.587160229683,-0.664441108704,-0.518774628639,-0.452310979366,-0.369518071413,-0.290378570557,-0.404470115900,-0.296049922705,-0.218464896083,-0.074951834977,0.146652862430,0.211854144931,0.453179866076,0.574627995491,0.461490333080,0.444106370211,0.515533208847,0.480101644993,0.403994321823,0.298827439547,-0.055770117790,-0.157335594296,-0.221741080284,-0.509420990944,-0.441506445408,-0.547297656536,-0.618484079838,-0.322025865316,-0.255512416363,-0.031268678606,0.189676359296,0.218489497900,0.345459342003,0.293520212173,0.374164372683,0.605391442776,0.707279801369,0.784017205238,0.729237198830,0.591293632984,0.360044151545,0.109058387578,-0.165805682540,-0.456906676292,-0.490160584450,-0.507302761078,-0.520138740540,-0.453870832920,-0.437933295965,-0.366959005594,-0.297933876514,-0.158937111497,-0.093473613262,-0.070686191320,0.083932943642,0.138274580240,0.253597497940,0.286948710680,0.255417913198,0.447530686855,0.443287223577,0.360750555992,0.385539799929,0.181133866310,-0.083178296685,-0.156702592969,-0.234706684947,-0.479046285152,-0.672537446022,-0.667421817780,-0.744417846203,-0.768466055393,-0.392268091440,-0.136257231236,-0.049386326224,0.152373462915,0.237183585763,0.438096642494,0.555697023869,0.560006380081,0.688520669937,0.570976197720,0.541961252689,0.602652490139,0.455170273781,0.262707501650,-0.001258937642,-0.186055615544,-0.213947683573,-0.270952701569,-0.559485077858,-0.538193702698,-0.305643528700,-0.427560895681,-0.118853576481,0.005839481950,-0.392952859402,-0.290147006512,-0.183809369802,-0.027295460925,0.250000089407,0.284015744925,0.510789573193,0.604740083218,0.453416049480,0.433181226254,0.428474366665,0.351155370474,0.307052135468,0.272034555674,0.034791640937,-0.165534913540,-0.343484491110,-0.520939409733,-0.444926619530,-0.558409214020,-0.618180930614,-0.482361555099,-0.492077440023,-0.176457256079,0.067047134042,0.027741363272,0.103524707258,0.031213270500,0.120771564543,0.300139337778,0.345847189426,0.559558510780,0.482236087322,0.289911389351,0.431243926287,0.300462454557,-0.025598576292,-0.054668057710,-0.158186733723,-0.381358414888,-0.354813545942,-0.373032629490,-0.408396810293,-0.228431522846,-0.246992453933,-0.268647164106,-0.212118357420,-0.339680671692,-0.183005809784,-0.020204860717,-0.035744331777,0.253204613924,0.387552589178,0.295333564281,0.329466700554,0.208315566182,0.063236035407,0.172548115253,0.220736339688,0.041785497218,-0.168983429670,-0.283016473055,-0.351309418678,-0.502248764038,-0.582033753395,-0.490478396416,-0.351622223854,-0.218454584479,-0.064005538821,0.190428808331,0.252345889807,0.239348217845,0.445347130299,0.481480509043,0.392851740122,0.360454797745,0.430457144976,0.402371764183,0.300249040127,0.482720136642,0.296594530344,0.071169175208,0.077548883855,-0.311893075705,-0.393682688475,-0.287445485592,-0.299319356680,-0.204725384712,-0.179886236787,-0.117053963244,-0.267805010080,-0.352911680937,-0.295150876045,-0.374581009150,-0.184736371040,0.023070205003,0.098315291107,0.197369933128,0.242364510894,0.320503532887,0.388996094465,0.379984825850,0.266224354506,0.110225647688,-0.032678563148,-0.157232910395,-0.261821091175,-0.366009593010,-0.461946994066,-0.615022957325,-0.653582215309,-0.526153147221,-0.442964553833,-0.266578376293,0.000652771560,0.077498182654,0.127419009805,0.339895248413,0.427692830563,0.399780005217,0.449765741825,0.558746397495,0.679219245911,0.582792758942,0.467992067337,0.459912121296,0.325092345476,0.279884397984,0.174512133002,-0.023866135627,-0.014345807955,-0.050891391933,-0.128898158669,-0.090159296989,-0.052024960518,-0.064729377627,-0.159907117486,-0.247419506311,-0.237928301096,-0.231361687183,-0.122235246003,0.100566618145,0.189040347934,0.261550873518,0.294802069664,0.212420195341,0.113213509321,0.062813013792,0.188077896833,0.067092560232,-0.131998524070,-0.063187763095,-0.291728764772,-0.568354308605,-0.585852742195,-0.601881980896,-0.725276827812,-0.718543529510,-0.355490833521,-0.284694045782,-0.302768260241,-0.060155957937,-0.001505067688,0.174973592162,0.255927890539,0.233287632465,0.451586514711,0.410313636065,0.340056270361,0.480490028858,0.346807777882,-0.002768221777,-0.058390993625,-0.119288437068,-0.461269885302,-0.434359520674,-0.373153060675,-0.544796049595,-0.431719481945,-0.313137114048,-0.201235309243,-0.040918942541,-0.019437136129,0.061993755400,0.125742018223,0.192426666617,0.312491953373,0.379527837038,0.453496575356,0.468709230423,0.504181504250,0.463062047958,0.305323183537,0.271056890488,0.172551661730,0.080911897123,0.031333018094,-0.111712433398,-0.152007684112,-0.281837433577,-0.421880722046,-0.358065128326,-0.302479237318,-0.150048732758,0.067180119455,0.162515982985,0.161044090986,0.227698981762,0.358633160591,0.310921728611,0.331738024950,0.404037147760,0.354640394449,0.384747833014,0.328394800425,0.292518109083,0.263695120811,0.057860862464,-0.064895741642,-0.254493117332,-0.446747750044,-0.369337528944,-0.310833424330,-0.304153829813,-0.175227373838,-0.162162587047,-0.285082191229,-0.331103175879,-0.460003912449,-0.476144462824,-0.246995568275,-0.071522168815,0.127632796764,0.171369120479,0.084301933646,0.149099975824,0.180201694369,0.201399102807,0.183141648769,0.097480013967,-0.036908715963,-0.173531249166,-0.195623785257,-0.358060777187,-0.442153334618,-0.452586114407,-0.631949305534,-0.543416321278,-0.403133660555,-0.341841280460,-0.125901371241,0.037218485028,0.207806110382,0.309301972389,0.345293223858,0.461328715086,0.465522438288,0.448734641075,0.502407670021,0.546091020107,0.527680933475,0.386364430189,0.208452045918,-0.019586121663,-0.233904197812,-0.285106301308,-0.258474528790,-0.200928509235,-0.183519586921,-0.168999642134,-0.101875357330,-0.142592072487,-0.159661248326,-0.177615731955,-0.224232718349,-0.051879268140,0.120109386742,0.271337419748,0.440589696169,0.412112981081,0.411360144615,0.475957959890,0.443806052208,0.395729601383,0.325739234686,0.195855885744,0.023944895715,-0.212659507990,-0.431467324495,-0.519075691700,-0.664621055126,-0.794106543064,-0.723048806190,-0.681257605553,-0.519951820374,-0.323072046041,-0.230699881911,0.114401921630,0.299322277308,0.339335888624,0.505708336830,0.345513284206,0.304892510176,0.460489094257,0.353887915611,0.323077052832,0.233955293894,-0.002059801016,-0.121200598776,-0.287323236465,-0.426870822906,-0.451109945774,-0.485156625509,-0.487637490034,-0.442230850458,-0.327071219683,-0.170594677329,-0.119974330068,-0.120531201363,-0.058617021888,0.002814454027,0.090572886169,0.231974288821,0.326347082853,0.324018269777,0.333177536726,0.509444952011,0.621952176094,0.533807218075,0.438026845455,0.363151043653,0.260028570890,0.094518117607,0.073580637574,-0.038528047502,-0.377117156982,-0.373508065939,-0.425674051046,-0.556902587414,-0.334527581930,-0.220795497298,-0.009829926305,0.196084991097,0.189737930894,0.392051398754,0.395689964294,0.357799142599,0.535086870193,0.440625429153,0.323211878538,0.330662548542,0.260604739189,0.165307834744,-0.024585228413,-0.345463633537,-0.575257778168,-0.650272846222,-0.731052875519,-0.741198122501,-0.724490463734,-0.720047175884,-0.517347574234,-0.354950159788,-0.396734476089,-0.341867595911,-0.183234333992,0.025848323479,0.259451150894,0.328221589327,0.324131518602,0.319313496351,0.354580014944,0.360334932804,0.181661203504,0.113208562136,0.052844129503,-0.068597577512,-0.166287079453,-0.354903310537,-0.283293187618,-0.371133834124,-0.603702425957,-0.485854446888,-0.523491024971,-0.309225857258,0.015729358420,0.071148984134,0.371160507202,0.470783919096,0.540907144547,0.624437689781,0.483089953661,0.599023878574,0.616503059864,0.585288584232,0.567136943340,0.409204065800,0.357924342155,0.126154214144,-0.067273065448,-0.174902692437,-0.312875211239,-0.214312463999,-0.201891228557,-0.260276049376,-0.224967420101,-0.163249850273,-0.159940496087,-0.255832344294,-0.253186970949,-0.235250160098,-0.160095348954,-0.053071551025,0.065532229841,0.350815147161,0.458001613617,0.346960514784,0.224860757589,0.178455933928,0.181428983808,0.074884846807,0.051514077932,0.010300582275,-0.172925770283,-0.302973389626,-0.467731624842,-0.620852053165,-0.673251450062,-0.678961455822,-0.599336266518,-0.410601854324,-0.179781779647,-0.014737027697,0.105480961502,0.162639543414,0.105926446617,0.123014666140,0.332849740982,0.489524811506,0.513671934605,0.491099625826,0.297925651073,0.171574875712,0.169676497579,0.019533034414,-0.199948400259,-0.469736367464,-0.539372801781,-0.426762491465,-0.484985113144,-0.518155753613,-0.411726683378,-0.248423635960,-0.247677281499,-0.296988934278,-0.174155950546,-0.164086937904,-0.025668077171,0.205110549927,0.221612438560,0.310683250427,0.379583954811,0.369986653328,0.370414346457,0.378950744867,0.355745226145,0.187161505222,0.094690367579,-0.031973253936,-0.223610505462,-0.319871902466,-0.573202550411,-0.720181703568,-0.646544933319,-0.613624811172,-0.500813424587,-0.392816901207,-0.241069808602,0.035256028175,0.142976582050,0.239116206765,0.392220288515,0.373179167509,0.481340020895,0.578582286835,0.476470977068,0.597109615803,0.623864531517,0.427062600851,0.242295339704,-0.086909204721,-0.277728855610,-0.362480700016,-0.431036770344,-0.376224398613,-0.385862022638,-0.303851991892,-0.297218292952,-0.306811600924,-0.205138131976,-0.361968755722,-0.329045981169,-0.118693739176,-0.013314580545,0.182172432542,0.196216687560,0.152714401484,0.143316030502,0.179005131125,0.298366934061,0.217819705606,0.137417525053,0.056686770171,-0.061211392283,-0.187670797110,-0.354781508446,-0.381647735834,-0.494354963303,-0.585670769215,-0.658456027508,-0.688436806202,-0.394835382700,-0.243235379457,-0.075773328543,0.201960042119,0.313156098127,0.450660824776,0.462987095118,0.530988514423,0.641084253788,0.635405838490,0.683486521244,0.618928909302,0.561102271080,0.466442227364,0.303480565548,0.163039609790,-0.104763083160,-0.284700095654,-0.319943904877,-0.298010945320,-0.265691190958,-0.211020529270,-0.245192363858,-0.388121247292,-0.276920944452,-0.239515244961,-0.150476083159,0.195175483823,0.185258939862,0.239473566413,0.402596324682,0.351793289185,0.448583602905,0.383501261473,0.257564961910,0.283519715071,0.039508327842,-0.235675096512,-0.344513207674,-0.451584666967,-0.464355915785,-0.542617380619,-0.841116726398,-0.892500579357,-0.712362647057,-0.605374932289,-0.259286880493,-0.023204378784,-0.056381303817,0.074132017791,0.175887286663,0.290848970413,0.325648844242,0.246620431542,0.336248546839,0.426727682352,0.450620889664,0.254656314850,0.083090402186,0.026527926326,-0.222771123052,-0.323885321617,-0.436927616596,-0.467768371105,-0.277084231377,-0.256420373917,-0.134411558509,-0.069598965347,-0.085159473121,-0.086510114372,-0.185094520450,-0.064301937819,-0.097051121294,-0.137981101871,0.132304042578,0.297657132149,0.399662762880,0.331259340048,0.206385329366,0.244926825166,0.293902605772,0.230855837464,0.021346859634,-0.028748968616,-0.090095579624,-0.232094019651,-0.260726690292,-0.374200969934,-0.449973613024,-0.426869332790,-0.214638501406,0.002556961728,0.010596143082,0.100996434689,0.135425731540,0.254071474075,0.409586489201,0.259621977806,0.174060970545,0.224919453263,0.264051586390,0.242416560650,0.191016897559,0.199283257127,0.138748496771,0.049098484218,-0.091434828937,-0.300432384014,-0.400166362524,-0.304800540209,-0.138319745660,-0.106089740992,-0.092526704073,-0.056849036366,-0.076402984560,-0.156053677201,-0.261730432510,-0.215257585049,-0.156853824854,-0.082143642008,0.127999499440,0.255091607571,0.298044234514,0.270858854055,0.255850046873,0.274351626635,0.153189718723,0.055679168552,-0.031234642491,-0.177338719368,-0.212536588311,-0.304782301188,-0.485186398029,-0.531599044800,-0.563482940197,-0.595333397388,-0.438051402569,-0.218971729279,-0.093325480819,0.031356293708,0.169821992517,0.258260637522,0.365044891834,0.465936541557,0.447590827942,0.451147556305,0.538267135620,0.514695346355,0.474121689796,0.445695072412,0.242333739996,0.027766432613,-0.165006503463,-0.340735107660,-0.332362800837,-0.332414835691,-0.295813083649,-0.083734467626,-0.019601462409,-0.119602419436,-0.196388348937,-0.179205581546,-0.012975854799,0.059748310596,0.109450101852,0.289226293564,0.263497918844,0.257680386305,0.423657804728,0.385002881289,0.292633980513,0.216918110847,0.064879484475,-0.096225731075,-0.248488619924,-0.286874324083,-0.316890329123,-0.410164207220,-0.533008515835,-0.623265624046,-0.569249272346,-0.455422103405,-0.227983370423,-0.077626667917,-0.054985478520,0.111154355109,0.236794099212,0.348507821560,0.405456930399,0.377626925707,0.409793525934,0.323570579290,0.260209798813,0.222173437476,0.144717469811,0.021169254556,-0.214580565691,-0.305397629738,-0.377945363522,-0.433070927858,-0.347232758999,-0.251072108746,-0.120910927653,-0.042933661491,-0.049289174378,-0.178164541721,-0.158131286502,0.031979307532,0.083424583077,0.291398555040,0.457159638405,0.516543865204,0.609172403812,0.526907503605,0.633622407913,0.644199371338,0.415571838617,0.391364514828,0.318413197994,0.175318270922,-0.012141793966,-0.180753529072,-0.332227945328,-0.490514636040,-0.365534096956,-0.345499813557,-0.385164260864,-0.280627608299,-0.276593178511,-0.123050726950,0.117628321052,0.304931551218,0.352470010519,0.357166260481,0.475092351437,0.498268485069,0.602432310581,0.554673552513,0.312421709299,0.206780731678,0.058335017413,-0.060267403722,-0.355365395546,-0.730017900467,-0.800726890564,-0.730696260929,-0.585712134838,-0.506869077682,-0.428038805723,-0.439598202705,-0.540205001831,-0.499430984259,-0.479193657637,-0.289277911186,-0.118124984205,0.046256717294,0.339666187763,0.329086393118,0.370226651430,0.373535722494,0.322294771671,0.473187983036,0.313595175743,0.153334647417,0.031388115138,-0.250422507524,-0.334626406431,-0.425530970097,-0.563629090786,-0.691032588482,-0.723532021046,-0.580167889595,-0.371641844511,-0.013631679118,0.254604846239,0.394431263208,0.491261452436,0.563342273235,0.718708753586,0.766842901707,0.852518975735,0.815788269043,0.596094608307,0.576975405216,0.446308016777,0.302738189697,0.196920990944,-0.137680158019,-0.288104265928,-0.330690413713,-0.413777858019,-0.240770474076,-0.191914513707,-0.341714948416,-0.121327072382,-0.002433679067,-0.098491288722,0.175366505980,0.163595244288,0.103785470128,0.466361075640,0.426991641521,0.467194288969,0.635856747627,0.308176368475,0.328375339508,0.518114805222,0.215142637491,0.088685192168,0.030224796385,-0.322903037071,-0.417465120554,-0.482232570648,-0.696184813976,-0.721245110035,-0.812240242958,-0.818455517292,-0.628941833973,-0.518460094929,-0.343813240528,0.034734569490,0.310587108135,0.266595900059,0.310588479042,0.355300337076,0.313758343458,0.453584104776,0.460244864225,0.434189587831,0.358500868082,0.211177155375,0.219398885965,0.011313372292,-0.262693136930,-0.484150081873,-0.521860361099,-0.383978813887,-0.550785899162,-0.452129453421,-0.332841694355,-0.522353053093,-0.419890612364,-0.389426857233,-0.285319596529,-0.038888022304,0.059084661305,0.241133376956,0.403496026993,0.605258524418,0.689997017384,0.736349463463,0.769347667694,0.541094124317,0.515137135983,0.328225135803,0.070459023118,0.070148512721,-0.267322480679,-0.380047649145,-0.397034108639,-0.626855254173,-0.487726688385,-0.377737283707,-0.199415743351,0.108278021216,0.217391684651,0.350741922855,0.432020872831,0.522555947304,0.529354512691,0.535022139549,0.653240203857,0.576863765717,0.670394480228,0.708451747894,0.467807054520,0.323937267065,0.028709426522,-0.234272614121,-0.392425447702,-0.534033954144,-0.500902414322,-0.524916112423,-0.503284275532,-0.359051883221,-0.275420486927,-0.406054109335,-0.451317787170,-0.179376557469,-0.211857959628,-0.192041844130,0.153056904674,0.146385133266,0.201398298144,0.407023340464,0.321498334408,0.315484732389,0.319266110659,0.129517093301,0.001425168943,-0.240478724241,-0.469130605459,-0.471466928720,-0.594881236553,-0.697127163410,-0.735442698002,-0.759633839130,-0.586122453213,-0.462001442909,-0.318761557341,-0.035581100732,0.241656333208,0.412350714207,0.499959528446,0.608053922653,0.550952017307,0.616244435310,0.883919239044,0.875009059906,0.846294879913,0.865338563919,0.634608268738,0.450747966766,0.365333706141,0.116135060787,-0.026316024363,-0.082988701761,-0.238992482424,-0.216818705201,-0.172667711973,-0.185425713658,-0.134792298079,-0.110174998641,-0.095025062561,-0.143762081861,-0.025247314945,0.196536958218,0.277592003345,0.425658553839,0.541458070278,0.570004522800,0.515324890614,0.401349037886,0.322484821081,0.173123657703,0.006696103141,-0.183626174927,-0.285733878613,-0.411305665970,-0.627305388451,-0.653500080109,-0.811387002468,-0.829363405704,-0.577977061272,-0.536952793598,-0.249024420977,0.022955141962,0.007942474447,0.209928482771,0.300695031881,0.207641586661,0.217653855681,0.314080268145,0.431358128786,0.488459020853,0.451709747314,0.303042978048,0.160099968314,-0.083333618939,-0.282458990812,-0.316972583532,-0.506225824356,-0.547612786293,-0.438074201345,-0.365173012018,-0.175475701690,-0.051304940134,-0.005003597122,-0.182559847832,-0.279689669609,0.063033916056,0.206565856934,0.223259806633,0.377653807402,0.370245337486,0.313976645470,0.359506577253,0.436455041170,0.329856574535,0.139063641429,0.116057217121,0.068650551140,-0.011817089282,-0.081025369465,-0.150740504265,-0.251067847013,-0.420574963093,-0.305386453867,-0.313040941954,-0.385166585445,0.121836587787,0.248726859689,0.101886294782,0.319739758968,0.346687942743,0.402136117220,0.588816761971,0.693080723286,0.614993453026,0.492594093084,0.555477559566,0.435945510864,0.298925131559,0.171323254704,-0.100216142833,-0.221444979310,-0.330946117640,-0.330284804106,-0.178884431720,-0.057893700898,-0.037373822182,-0.152453199029,-0.124315448105,-0.232786342502,-0.370003342628,-0.172803893685,-0.140268668532,-0.086191870272,0.111057616770,0.241181224585,0.386064827442,0.325403898954,0.268405884504,0.323258161545,0.277516067028,0.144398882985,-0.025018159300,-0.126673564315,-0.289526194334,-0.411960601807,-0.460206001997,-0.631945252419,-0.697053432465,-0.705429434776,-0.671657264233,-0.398772954941,-0.099671997130,0.063295803964,0.104830920696,0.173430249095,0.198263660073,0.126378417015,0.209904402494,0.259665280581,0.259691923857,0.308218538761,0.290131419897,0.354120343924,0.295840740204,0.095764309168,-0.079053297639,-0.278225451708,-0.239359110594,-0.137668818235,-0.144620671868,-0.103203527629,-0.015292343684,0.059362497181,-0.086410805583,-0.058342475444,0.066238835454,-0.151088491082,-0.068219222128,0.247464805841,0.415621280670,0.515039563179,0.413819015026,0.249322727323,0.133290857077,0.193620383739,0.256140649319,0.141436025500,0.036191295832,-0.100635737181,-0.169010609388,-0.387977957726,-0.689856946468,-0.669284462929,-0.587390065193,-0.454449236393,-0.228756591678,0.001250255038,0.148189187050,0.203392535448,0.331302881241,0.363472819328,0.422766506672,0.477400153875,0.453896582127,0.516066730022,0.308505743742,0.137755945325,0.149747908115,-0.016797591001,-0.112649232149,-0.245023563504,-0.411826044321,-0.492078185081,-0.434789776802,-0.268006116152,-0.336600780487,-0.193604961038,-0.009524455294,-0.222042888403,-0.258643478155,-0.283730834723,-0.306971609592,-0.060647543520,0.148107275367,0.293382525444,0.400705575943,0.557983815670,0.710157394409,0.712514638901,0.567179739475,0.259983807802,0.108705520630,0.054114434868,-0.085418738425,-0.138803899288,-0.293880820274,-0.520884215832,-0.544019877911,-0.467551350594,-0.390561491251,-0.306994080544,-0.233359232545,-0.062669768929,0.120036348701,0.227880313993,0.396866619587,0.393899351358,0.344419986010,0.495017737150,0.434141069651,0.353082805872,0.363354295492,0.168298363686,0.073943875730,-0.024632733315,-0.253863513470,-0.396802991629,-0.581670343876,-0.579476296902,-0.357573837042,-0.318765431643,-0.293966829777,-0.130072504282,-0.094748429954,-0.223302543163,-0.286841392517,-0.210797786713,-0.086525656283,0.046223271638,0.206779703498,0.304465770721,0.296045571566,0.326273113489,0.348320543766,0.291469156742,0.189097270370,0.021273782477,-0.074434123933,-0.135674238205,-0.276282399893,-0.365043491125,-0.380575150251,-0.357002466917,-0.288371801376,-0.242742404342,-0.284374535084,-0.246374592185,-0.020621819422,0.212718278170,0.407427698374,0.476205021143,0.424638211727,0.455180883408,0.467563807964,0.399015575647,0.432594478130,0.539562165737,0.452304959297,0.263153463602,0.088061749935,-0.189069405198,-0.350553303957,-0.416906028986,-0.455754160881,-0.366958230734,-0.366030156612,-0.358075410128,-0.279496729374,-0.311281621456,-0.318494468927,-0.245063468814,-0.108752623200,0.088489897549,0.155785307288,0.162406846881,0.283414721489,0.346396416426,0.410596042871,0.508008301258,0.389037013054,0.254267811775,0.171604171395,0.003479829524,-0.127308025956,-0.258054316044,-0.403393119574,-0.512795925140,-0.568813323975,-0.647787570953,-0.686402559280,-0.545751333237,-0.459780991077,-0.289699584246,-0.012596939690,0.122490078211,0.244914412498,0.270409107208,0.320650339127,0.359415709972,0.285825997591,0.448964238167,0.573296308517,0.483719795942,0.408210813999,0.301705390215,0.045632276684,-0.252146482468,-0.367084473372,-0.494126409292,-0.485674798489,-0.354662299156,-0.460515797138,-0.421095252037,-0.293044030666,-0.281675606966,-0.250374704599,-0.163488924503,0.004243921954,0.077100455761,0.275779306889,0.387735098600,0.276134788990,0.452614873648,0.501180350780,0.449194550514,0.499865353107,0.295176059008,0.142111942172,0.035884097219,-0.102183766663,-0.234390318394,-0.454831391573,-0.511631727219,-0.571412026882,-0.654978334904,-0.591031372547,-0.524710774422,-0.313619285822,-0.016665369272,0.179929375648,0.277811974287,0.278253287077,0.385153532028,0.549957096577,0.558774650097,0.564926385880,0.540853679180,0.395335048437,0.304689705372,0.131365820765,-0.128355726600,-0.295875221491,-0.508679330349,-0.600447237492,-0.508936285973,-0.534035623074,-0.609584629536,-0.527473568916,-0.384836941957,-0.369039058685,-0.364116877317,-0.386229842901,-0.414896368980,-0.216971725225,-0.052051085979,0.117244914174,0.368055611849,0.379197418690,0.404544502497,0.426792651415,0.316112071276,0.274224817753,0.109181717038,-0.073018133640,-0.144344180822,-0.220989793539,-0.324047237635,-0.512297034264,-0.613457381725,-0.714013278484,-0.727404892445,-0.561402678490,-0.473791509867,-0.174112290144,0.035765577108,0.078953064978,0.431907862425,0.603236019611,0.680125057697,0.837995529175,0.847121477127,0.951327919960,0.946037232876,0.840208053589,0.775942265987,0.436521381140,0.105117432773,-0.062796384096,-0.344791084528,-0.452445894480,-0.390127956867,-0.357473850250,-0.192672058940,-0.179190292954,-0.258629322052,-0.188766285777,-0.193397343159,-0.127950787544,-0.070661142468,-0.122485011816,-0.021681558341,0.109815649688,0.212288290262,0.304284572601,0.318537712097,0.232029274106,0.017004961148,-0.149705901742,-0.182117491961,-0.181176692247,-0.278767257929,-0.495892673731,-0.699007391930,-0.848262250423,-0.896406292915,-0.833420157433,-0.737696647644,-0.524943709373,-0.201846852899,0.001792885363,0.120798453689,0.184630468488,0.176497891545,0.310161530972,0.314015150070,0.143115654588,0.260872423649,0.377898484468,0.310470193624,0.297706872225,0.171401843429,-0.025592388585,-0.162727952003,-0.290701031685,-0.295105308294,-0.316825896502,-0.312707453966,-0.069377519190,0.008138624951,-0.081273302436,-0.037382714450,-0.117712542415,-0.253386974335,-0.123898290098,0.094130799174,0.161979407072,0.250211983919,0.345815122128,0.333355575800,0.374284029007,0.344948291779,0.315881580114,0.370956569910,0.275059551001,0.179100885987,0.127046838403,0.052652183920,-0.094700388610,-0.334634155035,-0.433712631464,-0.496331691742,-0.600028872490,-0.594957470894,-0.497023046017,-0.351617306471,-0.183992430568,-0.017791057006,0.041278954595,0.075342588127,0.126103267074,0.114464037120,0.307388663292,0.510027468204,0.349477052689,0.208904936910,0.149292290211,-0.002567003714,-0.011990935542,-0.073013067245,-0.227576017380,-0.203714147210,-0.229140862823,-0.217336073518,-0.120428964496,-0.241004824638,-0.365568459034,-0.444130450487,-0.558592319489,-0.505217552185,-0.353335171938,-0.219362989068,-0.037246901542,0.185874834657,0.383725404739,0.437698036432,0.359166830778,0.416425228119,0.423259943724,0.255524784327,0.230629593134,0.090514652431,-0.078423574567,-0.101353757083,-0.348326385021,-0.528005361557,-0.561792016029,-0.594569325447,-0.512340128422,-0.420225530863,-0.209584608674,-0.084310516715,0.001526756561,0.219185337424,0.214368268847,0.281157255173,0.339904159307,0.306000202894,0.489735484123,0.501237213612,0.511319518089,0.492383509874,0.251971721649,0.118152298033,-0.129343867302,-0.299515604973,-0.314341098070,-0.407358855009,-0.345197290182,-0.308970183134,-0.302065670490,-0.235283941031,-0.327560096979,-0.365017443895,-0.235764876008,-0.159636199474,-0.105840064585,0.046650476754,0.214559152722,0.299572527409,0.260301083326,0.228455111384,0.300555258989,0.291955113411,0.235359147191,0.120803743601,-0.068095773458,-0.088109381497,-0.138682976365,-0.358503222466,-0.490022391081,-0.598038733006,-0.758061230183,-0.664750039577,-0.423423320055,-0.395841866732,-0.247272193432,-0.053048793226,-0.017579877749,0.161809876561,0.177982255816,0.154326364398,0.236582905054,0.300423175097,0.472967833281,0.358959108591,0.316488057375,0.315772414207,0.049992091954,-0.028573170304,-0.283574879169,-0.373924106359,-0.301205068827,-0.423779875040,-0.241317152977,-0.242927417159,-0.236509561539,-0.146770432591,-0.297931164503,-0.216378405690,-0.197859913111,-0.064564824104,0.109427683055,0.167826086283,0.476745396852,0.483459085226,0.459798306227,0.547066390514,0.468304842710,0.471865475178,0.387280821800,0.291884094477,0.115625031292,-0.037099201232,-0.173944786191,-0.460824638605,-0.533384025097,-0.627933919430,-0.503588497639,-0.242562100291,-0.274499326944,-0.123766079545,-0.051211953163,0.094167053699,0.336035609245,0.270975291729,0.359025120735,0.354705929756,0.337620556355,0.480166167021,0.354115784168,0.203656584024,0.023917954415,-0.160399436951,-0.224347904325,-0.374329686165,-0.580061614513,-0.703403770924,-0.588388144970,-0.391048073769,-0.249172925949,-0.186257213354,-0.272971570492,-0.285590648651,-0.207812771201,-0.088006861508,0.023165505379,0.040503565222,0.094527654350,0.169662103057,0.293195694685,0.295976787806,0.173586711287,0.147243991494,-0.022905601189,-0.072965353727,0.027538679540,-0.059032857418,-0.082849793136,-0.191504240036,-0.328378826380,-0.337707579136,-0.460976928473,-0.443754374981,-0.260981649160,-0.260293871164,-0.244704276323,0.026075160131,0.173364996910,0.216367691755,0.351339817047,0.310784071684,0.384457379580,0.537815272808,0.499087572098,0.515061974525,0.401797741652,0.221341297030,0.138674616814,0.031901773065,-0.001619385905,-0.126332461834,-0.248939007521,-0.139732107520,-0.132614985108,-0.210235625505,-0.122204378247,-0.073657125235,-0.113737590611,-0.157836630940,-0.244679436088,-0.215228542686,-0.109948664904,-0.036755252630,0.142558366060,0.314612746239,0.328415870667,0.304945945740,0.376656681299,0.413871765137,0.357258319855,0.289844810963,0.068871811032,-0.078693926334,-0.081896111369,-0.287564843893,-0.476042270660,-0.566551685333,-0.618661642075,-0.551073193550,-0.454735696316,-0.219954818487,-0.114481449127,-0.184817776084,0.137407988310,0.312944352627,0.064276359975,0.303578019142,0.459791064262,0.158293500543,0.471473038197,0.660203039646,0.271601110697,0.198260605335,-0.046897623688,-0.452966719866,-0.499012053013,-0.475650578737,-0.527951955795,-0.576898634434,-0.452153891325,-0.445757210255,-0.425654619932,-0.166327789426,-0.268572926521,-0.363245248795,-0.111975319684,0.061684049666,0.163707107306,0.284700334072,0.461392074823,0.481561005116,0.430476158857,0.484058260918,0.408563882113,0.363775849342,0.276675969362,0.102884009480,0.023491539061,-0.179394811392,-0.371475189924,-0.521877884865,-0.659456074238,-0.613299965858,-0.660099744797,-0.642793476582,-0.286482721567,0.002303848974,0.114410169423,0.349783897400,0.567298710346,0.512218534946,0.491054862738,0.585637211800,0.623104751110,0.653346359730,0.559192180634,0.493971735239,0.421653300524,0.108986459672,-0.018471444026,-0.112391993403,-0.404874116182,-0.380042284727,-0.320107132196,-0.479316502810,-0.428087860346,-0.371317356825,-0.424392223358,-0.337849467993,-0.270336210728,-0.235958397388,-0.144480049610,-0.027901632711,0.154928326607,0.288616716862,0.270979702473,0.203614801168,0.258243143559,0.345177978277,0.332090228796,0.293907910585,0.182090610266,0.104760862887,0.002315102844,-0.190862670541,-0.318239986897,-0.554758667946,-0.576590895653,-0.412442922592,-0.502283871174,-0.387084335089,-0.173757269979,-0.046829272062,0.237119078636,0.378178745508,0.490229368210,0.701916396618,0.721627652645,0.850800395012,1.177682161331,1.023394227028,0.727599084377,0.759711921215,0.413040459156,0.106058008969,0.158107608557,-0.160252705216,-0.438550710678,-0.519292056561,-0.524887979031,-0.302886188030,-0.308313965797,-0.305726110935,-0.192106693983,-0.300962805748,-0.164455294609,0.044246133417,-0.046396650374,0.104583084583,0.328359067440,0.260189354420,0.401900500059,0.451990157366,0.227659195662,0.300493538380,0.170912370086,-0.069809392095,-0.041846364737,-0.372330665588,-0.639233648777,-0.581389129162,-0.674610078335,-0.716387689114,-0.781017124653,-0.817514300346,-0.515570998192,-0.268581241369,-0.156776115298,0.038825795054,0.101585336030,0.157584235072,0.306740999222,0.427649199963,0.654083788395,0.704198658466,0.579697251320,0.601423442364,0.491234809160,0.316502898932,0.257141590118,0.125724494457,0.018788022920,-0.050711426884,-0.193485155702,-0.269502371550,-0.228545695543,-0.139214217663,-0.085588157177,-0.145090386271,-0.147497653961,-0.062400456518,-0.126462414861,-0.150019913912,0.029622375965,0.109813839197,0.258480608463,0.578437626362,0.652079641819,0.610431790352,0.557847559452,0.404173851013,0.365181535482,0.348469793797,0.174766272306,-0.067313082516,-0.263568550348,-0.422961145639,-0.483890771866,-0.527409672737,-0.695106208324,-0.663707673550,-0.530286848545,-0.401113092899,-0.067889660597,0.079655140638,0.063344970345,0.174014613032,0.309452146292,0.437841504812,0.536308169365,0.550961971283,0.475547611713,0.496580809355,0.431102275848,0.225462481380,0.141892477870,-0.128759831190,-0.282475382090,-0.148748189211,-0.289999842644,-0.416375696659,-0.308580517769,-0.300641894341,-0.417129486799,-0.420281082392,-0.360222935677,-0.361631512642,-0.221160694957,-0.004644784145,0.153474837542,0.189405083656,0.241141363978,0.413124948740,0.296852320433,0.256259590387,0.409450978041,0.292981475592,0.301941871643,0.177289247513,-0.127029106021,-0.121315337718,-0.307605177164,-0.543382763863,-0.550391733646,-0.602227866650,-0.575799226761,-0.525199234486,-0.399203747511,-0.100149996579,0.112507171929,0.228225946426,0.343386828899,0.353007316589,0.358585774899,0.505958795547,0.624803960323,0.659260809422,0.586929917336,0.402301996946,0.323048830032,0.317669123411,0.174520969391,0.029980091378,0.036203041673,-0.052295316011,-0.147273659706,-0.151965305209,-0.254913359880,-0.244962856174,-0.284782558680,-0.347949713469,-0.200229078531,-0.227094411850,-0.156287357211,0.002939868020,-0.015316033736,0.242509037256,0.428122460842,0.334870547056,0.322213292122,0.290763348341,0.276432245970,0.323504060507,0.307571828365,0.102719500661,-0.091734655201,-0.139825314283,-0.357791393995,-0.601779222488,-0.753331184387,-0.796710431576,-0.588114380836,-0.432933747768,-0.287287473679,-0.092954598367,-0.094579622149,0.027838688344,0.225321844220,0.148206695914,0.229057535529,0.516487121582,0.540556907654,0.459774672985,0.530724227428,0.513652980328,0.232435464859,-0.003576351795,-0.118093892932,-0.223535984755,-0.287164509296,-0.341022878885,-0.217518270016,-0.134915769100,-0.195583954453,-0.105776898563,-0.047224700451,-0.085833750665,-0.051230143756,0.219155669212,0.335799962282,0.269132882357,0.667736291885,0.826368391514,0.657875299454,0.819022655487,0.764816641808,0.588307380676,0.500083208084,0.291814863682,0.155903324485,-0.001076029730,-0.245146125555,-0.371524482965,-0.414897322655,-0.476966321468,-0.432600766420,-0.401642680168,-0.402203917503,-0.207246586680,-0.039351027459,0.030650090426,0.156095117331,0.256530970335,0.224213153124,0.210604757071,0.215895473957,0.113442182541,0.164887323976,0.155415907502,0.035877130926,0.032526295632,-0.188262358308,-0.356916308403,-0.293045997620,-0.387267589569,-0.472308844328,-0.349445015192,-0.291371256113,-0.293146073818,-0.248545885086,-0.329739302397,-0.418291687965,-0.522744178772,-0.483759999275,-0.209875166416,-0.167472243309,-0.059117745608,0.083724282682,0.023359287530,0.184036120772,0.185846269131,0.052833259106,0.218329623342,0.296415895224,0.201036572456,0.144886150956,0.055644083768,-0.162889882922,-0.232990443707,-0.134594723582,-0.162128642201,-0.153271764517,-0.115708917379,-0.074107386172,0.032675847411,0.112997010350,0.290409982204,0.370759636164,0.353512316942,0.467174291611,0.503297984600,0.513605833054,0.525194883347,0.549281597137,0.531792283058,0.288606464863,0.302152961493,0.422040492296,0.150388047099,-0.057758506387,-0.014554641210,-0.092629417777,-0.263243049383,-0.101685822010,-0.034478344023,-0.259836494923,-0.251838773489,-0.329736381769,-0.220894932747,0.054500781000,-0.090797722340,0.135650917888,0.453950315714,0.349549144506,0.436433911324,0.388164550066,0.203605592251,0.264086544514,0.286319017410,0.129384979606,-0.073051445186,-0.212042227387,-0.430412679911,-0.586721003056,-0.657425701618,-0.770159125328,-0.682874262333,-0.613829731941,-0.467728555202,-0.109579958022,-0.015142327175,-0.015533198602,0.100440286100,0.221295520663,0.322176635265,0.390963435173,0.449956566095,0.388881117105,0.364580780268,0.354951888323,0.173356160522,-0.004101471975,-0.262278854847,-0.422706425190,-0.382441490889,-0.442908316851,-0.434366375208,-0.456844151020,-0.523435413837,-0.401879757643,-0.314828246832,-0.229323610663,-0.194457590580,-0.178969338536,0.024896742776,0.166242435575,0.333044141531,0.437742680311,0.292185366154,0.293091773987,0.390236198902,0.424419522285,0.424829214811,0.371512293816,0.278220534325,0.082185864449,-0.111271217465,-0.247107058764,-0.320813804865,-0.370634943247,-0.379156738520,-0.311291068792,-0.297040879726,-0.229856953025,-0.137174546719,0.040621183813,0.315295308828,0.412993818521,0.486649036407,0.494351536036,0.423914343119,0.488258332014,0.584410846233,0.580377817154,0.439698487520,0.342996954918,0.182771071792,-0.071371667087,-0.183809369802,-0.291529834270,-0.342484891415,-0.370740175247,-0.420542508364,-0.371489495039,-0.322258323431,-0.240577146411,-0.271737277508,-0.366057068110,-0.279147982597,-0.232100248337,-0.213567391038,-0.062264233828,0.115763694048,0.244148328900,0.265342861414,0.210049599409,0.191578269005,0.183502227068,0.113594263792,-0.031505879015,-0.171877518296,-0.263531595469,-0.415094643831,-0.536568224430,-0.602022528648,-0.769891262054,-0.832307517529,-0.692684054375,-0.518104135990,-0.179871350527,0.215353697538,0.354816943407,0.504765689373,0.748849928379,0.815338909626,0.823040127754,0.835110068321,0.843165993690,0.871366679668,0.801633656025,0.536833405495,0.158539101481,-0.073540002108,-0.242149859667,-0.369101136923,-0.349767327309,-0.378332883120,-0.350247800350,-0.344023704529,-0.388745874166,-0.262747973204,-0.272586852312,-0.263857483864,-0.182611614466,-0.234297797084,-0.044328469783,0.118437290192,0.165375515819,0.273256987333,0.163382455707,0.076708175242,0.114975154400,0.169457674026,0.141693577170,0.005907285493,-0.095203123987,-0.346908956766,-0.500345826149,-0.512618958950,-0.637700796127,-0.637562751770,-0.625237286091,-0.559046089649,-0.422687619925,-0.315672844648,-0.106833294034,-0.031247768551,0.078665465117,0.206461712718,0.161932870746,0.237927660346,0.262425065041,0.291403263807,0.422010213137,0.395033240318,0.305732011795,0.211415693164,0.039982136339,-0.116156272590,-0.108911037445,-0.186759009957,-0.302547216415,-0.193701326847,-0.236955016851,-0.298160791397,-0.226176410913,-0.259726643562,-0.284785211086,-0.321051508188,-0.224692508578,-0.107497654855,-0.069531090558,0.188087344170,0.357542455196,0.356070578098,0.345713078976,0.356295228004,0.408808231354,0.340583652258,0.339536011219,0.233405545354,-0.013026697561,-0.091612927616,-0.267680108547,-0.385278701782,-0.471933305264,-0.622224032879,-0.581620752811,-0.600782930851,-0.484418392181,-0.245112657547,-0.139753177762,0.074314743280,0.203983142972,0.241784080863,0.342911362648,0.468716084957,0.629804015160,0.686616301537,0.608770251274,0.440667271614,0.350207418203,0.315648406744,0.196500614285,0.028431458399,-0.234689697623,-0.406268984079,-0.409740298986,-0.372118026018,-0.374666959047,-0.446905314922,-0.420549571514,-0.383018791676,-0.407475531101,-0.337726533413,-0.188172206283,-0.020904354751,0.171133488417,0.306986182928,0.265718817711,0.270640671253,0.359077930450,0.337802916765,0.339174002409,0.297354727983,0.128525406122,-0.071653813124,-0.216035649180,-0.289983540773,-0.517882168293,-0.742912650108,-0.789502084255,-0.887277960777,-0.820427834988,-0.585761070251,-0.505597352982,-0.242262423038,0.074950687587,0.084593281150,0.139820441604,0.230573490262,0.307783752680,0.398719161749,0.329641699791,0.268594115973,0.307841598988,0.345683217049,0.224188372493,0.077884688973,0.072758279741,-0.035247415304,-0.153245359659,-0.184665709734,-0.236390024424,-0.301793009043,-0.299153447151,-0.207076326013,-0.246777668595,-0.288037389517,-0.331531137228,-0.428310334682,-0.271362066269,-0.067590273917,0.088440164924,0.244337990880,0.316227048635,0.361486703157,0.349404573441,0.340789198875,0.255778133869,0.272742539644,0.353212147951,0.072318561375,-0.092694193125,-0.110164806247,-0.312207430601,-0.437767267227,-0.628170609474,-0.739888846874,-0.677269041538,-0.621645510197,-0.428681761026,-0.315717428923,-0.166553378105,0.049863420427,0.114550493658,0.306124329567,0.460802882910,0.590322256088,0.765305876732,0.801127493382,0.773958861828,0.501375615597,0.267300218344,0.079660378397,-0.249011158943,-0.246267110109,-0.329053878784,-0.521362781525,-0.420470684767,-0.460471421480,-0.445180654526,-0.241540372372,-0.238872095942,-0.320133715868,-0.133270710707,0.104849524796,0.074596166611,0.194739758968,0.389864176512,0.490591675043,0.711484968662,0.679865062237,0.529559016228,0.465478032827,0.328880101442,0.217003032565,-0.047494422644,-0.242873489857,-0.326191216707,-0.609856188297,-0.648784697056,-0.630536437035,-0.822083771229,-0.735982179642,-0.619028627872,-0.463737398386,-0.157978743315,-0.182796925306,-0.109491504729,0.174369677901,0.214361771941,0.210718169808,0.178771108389,0.222951814532,0.299889117479,0.143377661705,0.049033876508,-0.002732060151,-0.133301958442,-0.150013476610,-0.289165169001,-0.549389600754,-0.486855506897,-0.384394496679,-0.352190017700,-0.188997879624,-0.228444591165,-0.215465232730,-0.198087021708,-0.311952471733,-0.181165695190,-0.185517579317,-0.105095170438,0.134482339025,0.120757080615,0.165730640292,0.138142749667,0.108193345368,0.237405762076,0.285656809807,0.293998181820,0.244439244270,0.183434724808,0.083670049906,-0.117349743843,-0.268379390240,-0.312871813774,-0.427086353302,-0.507662355900,-0.360490649939,-0.293310910463,-0.160043880343,0.027241682634,0.053916916251,0.189901143312,0.213022977114,0.292762517929,0.479630529881,0.466199636459,0.544392645359,0.513821065426,0.364030539989,0.249096736312,0.076395347714,0.006915738340,-0.123910702765,-0.239157229662,-0.322326779366,-0.471018582582,-0.443980991840,-0.388495594263,-0.289843022823,-0.188364252448,-0.211669325829,-0.195224165916,-0.240270420909,-0.195812344551,-0.086646631360,-0.002547416836,0.216363564134,0.279256433249,0.330499470234,0.358080357313,0.217375159264,0.214357584715,0.041500631720,-0.057488605380,-0.011850714684,-0.241812452674,-0.303103417158,-0.428444474936,-0.626902520657,-0.634169936180,-0.644638597965,-0.470001190901,-0.444844365120,-0.292257785797,-0.050517428666,-0.096069879830,0.236792191863,0.293102383614,0.182295113802,0.424837201834,0.353505969048,0.465328574181,0.573118507862,0.433449834585,0.339159071445,0.059600982815,-0.005249319598,-0.122602671385,-0.319881647825,-0.338297814131,-0.505135655403,-0.405214369297,-0.199371874332,-0.161017104983,-0.131914690137,-0.172858297825,-0.173989325762,-0.176620930433,-0.011937096715,0.137331187725,0.186077654362,0.279355347157,0.171482205391,0.153611361980,0.052252683789,0.001734484220,0.221956774592,0.081803575158,-0.003415375249,-0.045661211014,-0.277612388134,-0.296602487564,-0.320998668671,-0.412536710501,-0.524749815464,-0.487187445164,-0.458246469498,-0.500797986984,-0.229124322534,-0.124234303832,-0.024911420420,0.274691313505,0.310901135206,0.355122447014,0.388287454844,0.323925763369,0.302185714245,0.279008150101,0.215818643570,0.130141869187,0.137113347650,0.053753141314,-0.020094003528,-0.129043504596,-0.344764083624,-0.308939337730,-0.325933307409,-0.289048731327,-0.210558548570,-0.348758786917,-0.295014113188,-0.386677443981,-0.415631383657,-0.160762533545,-0.109217621386,0.054995190352,0.198921993375,0.344038963318,0.577980339527,0.538842856884,0.558342397213,0.542798757553,0.442901432514,0.468040704727,0.302252262831,0.001348229125,-0.190529704094,-0.281110435724,-0.429147154093,-0.560762703419,-0.523685276508,-0.483229964972,-0.415288478136,-0.251412540674,-0.045863486826,0.188054412603,0.403860867023,0.535161018372,0.597018361092,0.671403527260,0.737582087517,0.806073427200,0.775307178497,0.634968519211,0.480798780918,0.255473107100,0.147401139140,-0.009005728178,-0.361180543900,-0.524735510349,-0.505248665810,-0.443269103765,-0.418562144041,-0.405569255352,-0.330055654049,-0.246542245150,-0.196994259953,-0.286897778511,-0.319489806890,-0.280814021826,-0.179501339793,0.048855651170,-0.003717355663,-0.054181572050,0.009860540740,-0.036321129650,0.129080608487,0.085989490151,-0.118961654603,-0.069918826222,-0.237586110830,-0.455026984215,-0.373216569424,-0.332441985607,-0.593560814857,-0.738634288311,-0.621920704842,-0.606824159622,-0.334998518229,-0.177834421396,-0.365743994713,0.003870962886,0.368661850691,0.329996109009,0.430601626635,0.498235017061,0.517107427120,0.540150940418,0.584059953690,0.669975936413,0.589765012264,0.383567810059,0.214875862002,0.089599139988,-0.165849566460,-0.262107193470,-0.154498249292,-0.285969138145,-0.379324495792,-0.400658816099,-0.276068031788,-0.143933266401,-0.338455379009,-0.135113656521,0.071604549885,0.073847316206,0.340281248093,0.308808416128,0.395649403334,0.532413482666,0.448086559772,0.653434813023,0.535966813564,0.258514136076,0.281580656767,0.162271395326,0.031441636384,-0.002134654671,-0.236342847347,-0.484427422285,-0.549830973148,-0.795335948467,-0.769456028938,-0.463372260332,-0.496552944183,-0.252361834049,-0.023248357698,0.005322275683,0.330689638853,0.297312557697,0.155845522881,0.392340064049,0.555176019669,0.601425051689,0.628525614738,0.498426854610,0.324703186750,0.200843706727,-0.034657947719,-0.120354697108,-0.185347825289,-0.438792526722,-0.516409993172,-0.523565232754,-0.385396540165,-0.268637418747,-0.368085741997,-0.330488592386,-0.398674756289,-0.348637700081,-0.054653532803,0.018689831719,0.039651587605,0.155746236444,0.400312960148,0.532385587692,0.409560024738,0.330366551876,0.429881811142,0.494681060314,0.204211398959,-0.030858220533,-0.240463197231,-0.537681937218,-0.479572415352,-0.579376637936,-0.815308570862,-0.815042257309,-0.802699863911,-0.559674680233,-0.114813543856,0.150647640228,0.281142920256,0.482358932495,0.455757319927,0.337920427322,0.532507181168,0.614124536514,0.593465507030,0.548017203808,0.371175557375,0.327950686216,0.281322032213,0.099568560719,-0.130692794919,-0.284647792578,-0.329827278852,-0.206256628036,-0.068449944258,-0.130240619183,-0.028646878898,-0.171826019883,-0.443225443363,-0.194291099906,-0.151764377952,-0.154555797577,0.057620823383,0.021848142147,0.140172749758,0.412729799747,0.544109106064,0.608994722366,0.495654016733,0.318974465132,0.352607399225,0.306386858225,-0.008846119978,-0.157841086388,-0.097049184144,-0.142869338393,-0.364724367857,-0.664987683296,-0.761570155621,-0.651574254036,-0.592614948750,-0.398717224598,-0.234294101596,-0.322783768177,-0.082661628723,0.225651606917,0.286090523005,0.343523114920,0.260883688927,0.483657062054,0.632497489452,0.377082407475,0.408195197582,0.288392603397,0.111874982715,0.061764992774,-0.222898244858,-0.302005380392,-0.244091406465,-0.212132692337,-0.147456973791,-0.094519548118,-0.097598649561,-0.165595963597,-0.060848914087,-0.066474623978,-0.066276296973,0.068554379046,0.097805187106,0.425796806812,0.576721787453,0.496792912483,0.715687394142,0.617254376411,0.430360674858,0.420339405537,0.270593315363,0.185640215874,0.082113645971,0.086315676570,0.087055258453,-0.225469723344,-0.365030884743,-0.346355408430,-0.351545661688,-0.218065515161,-0.128809824586,-0.036425653845,0.069468282163,0.145504295826,0.238005906343,0.110554233193,-0.010290762410,0.086595438421,0.223637148738,0.286264002323,0.247318014503,0.235088258982,0.104513771832,0.165329799056,0.335183173418,-0.018470007926,-0.187471613288,-0.210145667195,-0.423529386520,-0.305518358946,-0.200021743774,-0.205116197467,-0.282551765442,-0.370888054371,-0.353745698929,-0.466739058495,-0.326091706753,-0.145408734679,-0.130253851414,0.114694595337,0.209422364831,0.177058666945,0.277954250574,0.219455242157,0.179623022676,0.408255815506,0.495153814554,0.353808909655,0.328026205301,0.238438233733,-0.028970623389,-0.169057056308,-0.187180608511,-0.266698867083,-0.297076433897,-0.135922968388,-0.009624286555,-0.092251345515,-0.027506010607,0.160606816411,0.123066827655,0.199439242482,0.330458790064,0.311376899481,0.454899579287,0.585573852062,0.677930176258,0.677423417568,0.460606306791,0.395451813936,0.304778784513,0.052356641740,-0.086879990995,-0.141530126333,-0.190916150808,-0.207294270396,-0.204482406378,-0.232206463814,-0.196863964200,-0.273947328329,-0.404075980186,-0.347393155098,-0.414978742599,-0.352333426476,-0.084831088781,0.170425817370,0.493975579739,0.474686890841,0.384859770536,0.422576755285,0.333512932062,0.300044506788,0.209122449160,0.216325625777,0.166386380792,-0.064413376153,-0.136767908931,-0.434494435787,-0.717379689217,-0.506915390491,-0.321383178234,-0.349731117487,-0.133221358061,0.082281492651,-0.045875705779,0.149502530694,0.343032747507,0.125566482544,0.265518724918,0.379660457373,0.273409873247,0.486487835646,0.462598145008,0.184210672975,0.194072186947,-0.020201256499,-0.324915885925,-0.138508632779,-0.186026379466,-0.335631459951,-0.113649815321,-0.203319549561,-0.260353952646,-0.067961804569,-0.178341448307,-0.293877452612,-0.205909579992,-0.085657581687,0.009439337999,0.095386080444,0.128359422088,0.112460047007,0.154902890325,0.181877404451,0.248758465052,0.358046621084,0.295549422503,0.109793618321,0.020327730104,-0.030934464186,-0.223691269755,-0.357279658318,-0.396704643965,-0.476607978344,-0.418912082911,-0.392032176256,-0.388739138842,-0.133011251688,0.015044164844,0.100010655820,0.292259305716,0.312554061413,0.396455109119,0.518139481544,0.496421039104,0.397756069899,0.246525034308,0.329859703779,0.345124900341,0.196500554681,0.143774807453,-0.126402691007,-0.302441120148,-0.283961147070,-0.345739632845,-0.283443897963,-0.194002911448,-0.141244918108,-0.186854332685,-0.272627174854,-0.318875223398,-0.429992496967,-0.306270629168,-0.152835547924,-0.082448780537,0.148716434836,0.251209616661,0.362779796124,0.431723684072,0.330389112234,0.342649757862,0.221153706312,0.135074779391,0.197927743196,0.062541477382,-0.048316873610,-0.160078063607,-0.323692381382,-0.370162963867,-0.316893875599,-0.135167911649,-0.033640049398,0.107273511589,0.346184819937,0.379742264748,0.497725218534,0.613115370274,0.555737793446,0.646427571774,0.607865929604,0.435696661472,0.450686126947,0.469927489758,0.373741030693,0.191927865148,0.044539615512,-0.130532592535,-0.287105739117,-0.239369779825,-0.268283575773,-0.246238619089,-0.092759802938,-0.037914700806,0.065398983657,-0.012274453416,-0.198654785752,-0.193125993013,-0.107796840370,0.064621031284,0.062305938452,-0.043867662549,0.001964314608,-0.022512407973,-0.074537679553,-0.018512204289,0.092996448278,0.060815379024,-0.060624968261,-0.130823105574,-0.367305070162,-0.521026849747,-0.396214455366,-0.379188627005,-0.450260967016,-0.374889552593,-0.307082056999,-0.236431702971,-0.083459958434,-0.041734207422,0.076607272029,0.220125839114,0.230719655752,0.322646200657,0.297975808382,0.407087683678,0.563223719597,0.348154842854,0.359405398369,0.410220354795,0.314443051815,0.367093265057,0.190194666386,-0.015095569193,-0.055205009878,-0.028027946129,0.015389825217,-0.140580087900,-0.206238910556,-0.153104051948,-0.187633648515,-0.179412916303,-0.148882031441,-0.120108909905,-0.070927821100,0.059292525053,0.243500232697,0.329814821482,0.317340999842,0.310976058245,0.371528565884,0.386436611414,0.395541787148,0.374142765999,0.108730986714,-0.089784279466,-0.119823031127,-0.293036758900,-0.442783564329,-0.542758762836,-0.640641093254,-0.500489890575,-0.357579022646,-0.298730671406,-0.102636583149,0.026533888653,0.126665309072,0.237549170852,0.175993546844,0.224570289254,0.340535193682,0.271930277348,0.303232371807,0.333971321583,0.237153008580,0.252302169800,0.086937837303,-0.121602341533,-0.073298856616,-0.182709723711,-0.292960226536,-0.316494137049,-0.417634010315,-0.368454813957,-0.266202092171,-0.156590461731,-0.173594608903,-0.266321659088,-0.137497454882,-0.022841131315,0.106421649456,0.174937397242,0.161133304238,0.276666790247,0.228598266840,0.261326342821,0.348587810993,0.193687945604,0.188014894724,0.150728806853,-0.023770863190,-0.120270118117,-0.226569071412,-0.364223480225,-0.516148984432,-0.564693927765,-0.571567833424,-0.514469325542,-0.375786691904,-0.254095047712,-0.022077722475,0.142262041569,0.156535938382,0.143581107259,0.219122469425,0.341988801956,0.356277674437,0.509441733360,0.544166803360,0.370760798454,0.356713831425,0.246124967933,0.112293653190,0.018803907558,-0.172738820314,-0.266145050526,-0.259290128946,-0.199973076582,-0.161676570773,-0.168567344546,-0.225384607911,-0.271623730659,-0.268064111471,-0.319111108780,-0.219802990556,-0.097131043673,0.000876029953,0.200283497572,0.145726352930,0.169341176748,0.399935692549,0.402149260044,0.410090476274,0.389588057995,0.232560276985,0.142769038677,-0.059138879180,-0.282570660114,-0.298908829689,-0.396129608154,-0.590913474560,-0.704331815243,-0.775767505169,-0.657867670059,-0.471511483192,-0.322438836098,-0.100500948727,-0.010888325982,0.068601287901,0.215737268329,0.321976959705,0.500070035458,0.583588898182,0.559088528156,0.504674077034,0.385536044836,0.279415339231,0.139652282000,-0.015925338492,-0.196850866079,-0.385455310345,-0.420005559921,-0.368130654097,-0.366642057896,-0.306902199984,-0.167849749327,-0.132083207369,-0.084566086531,0.081443205476,0.225262328982,0.262233316898,0.250546485186,0.360029011965,0.445849567652,0.470302015543,0.517850100994,0.461387276649,0.420378863811,0.300093919039,0.177902907133,0.184004992247,0.018045000732,-0.070168726146,-0.159046277404,-0.475915193558,-0.563185811043,-0.564207911491,-0.607105612755,-0.434476256371,-0.324492961168,-0.247376605868,-0.001882123528,0.095117457211,0.196222230792,0.376821607351,0.254138290882,0.124693170190,0.120763666928,0.110698930919,0.251353353262,0.284385621548,0.188358455896,0.101259149611,-0.166638076305,-0.341636598110,-0.299943596125,-0.316023290157,-0.290574312210,-0.237835824490,-0.317968994379,-0.366942703724,-0.301325827837,-0.298729896545,-0.398454397917,-0.426843017340,-0.370707988739,-0.289822965860,-0.213542446494,-0.122415594757,0.090855151415,0.215654179454,0.222147315741,0.300854206085,0.356201589108,0.459325700998,0.456809252501,0.260464608669,0.186897873878,0.107190787792,-0.081631183624,-0.277375519276,-0.433326125145,-0.488088399172,-0.402610927820,-0.226017266512,-0.160628497601,0.002545589581,0.111358582973,0.015067290515,0.193698808551,0.303851962090,0.350360006094,0.446199595928,0.347518116236,0.532070398331,0.519505620003,0.264964759350,0.387684345245,0.263345599174,0.057407692075,0.040375255048,-0.134523078799,-0.238865181804,-0.311454653740,-0.357758074999,-0.303698331118,-0.353502333164,-0.489750981331,-0.541882812977,-0.448069095612,-0.312792867422,-0.110927842557,-0.001175707323,0.033523216844,0.202798947692,0.182021379471,0.193378388882,0.244168385863,0.033079825342,0.075917400420,0.080330118537,-0.066136501729,-0.022526131943,-0.209217652678,-0.353079944849,-0.396796196699,-0.601003110409,-0.657655596733,-0.692013144493,-0.613068282604,-0.338504016399,-0.231765210629,-0.209693714976,-0.077689215541,0.085978910327,0.160615101457,0.210378512740,0.254620492458,0.243964329362,0.331812202930,0.412623584270,0.325630158186,0.205186426640,0.077531024814,-0.022841926664,-0.031134717166,-0.065980732441,-0.162566527724,-0.179652810097,-0.182846024632,-0.231242969632,-0.187203377485,-0.204634785652,-0.280058652163,-0.233237445354,-0.191287100315,-0.127461716533,-0.046426065266,0.004775635898,0.138106510043,0.194664642215,0.151379331946,0.250422030687,0.335624635220,0.303564697504,0.344386309385,0.290898472071,0.131713822484,0.084798425436,-0.065989553928,-0.333105057478,-0.420664101839,-0.383186250925,-0.376636087894,-0.356690555811,-0.259523510933,-0.149288073182,-0.084576770663,-0.017795875669,0.018993370235,0.065334439278,0.137608468533,0.131586939096,0.201257243752,0.314232349396,0.340310364962,0.335537016392,0.325881093740,0.366131991148,0.230847597122,0.030130062252,-0.047213934362,-0.213843867183,-0.355504304171,-0.474852502346,-0.452032148838,-0.410735487938,-0.527848124504,-0.381393969059,-0.420594751835,-0.532938778400,-0.277167946100,-0.299444586039,-0.228165343404,0.049115367234,0.046726524830,0.112603694201,0.160340607166,0.134308516979,0.149904504418,0.121451400220,0.121105670929,0.066779002547,0.028106752783,-0.070424683392,-0.261320382357,-0.360618054867,-0.410358399153,-0.341828048229,-0.311500817537,-0.198694586754,0.012442531995,-0.050229888409,0.092665001750,0.363945960999,0.423805236816,0.551892280579,0.603484570980,0.643764734268,0.688606619835,0.640452802181,0.541590392590,0.338421016932,0.182956337929,-0.020250506699,-0.130131691694,-0.122104793787,-0.307111203671,-0.320548593998,-0.202756687999,-0.261230587959,-0.231063663960,-0.149195253849,-0.251180440187,-0.325233161449,-0.304509580135,-0.388786792755,-0.343872547150,-0.183211252093,-0.107035599649,-0.048313271254,-0.013487482443,0.104902930558,0.159349665046,0.142547309399,0.184630602598,0.165633589029,0.108905673027,-0.068409726024,-0.171418473125,-0.256801009178,-0.440038740635,-0.419070422649,-0.518613457680,-0.590911269188,-0.469789385796,-0.471890658140,-0.330996811390,-0.183129847050,-0.072268411517,0.092878334224,0.152571767569,0.243370801210,0.258720695972,0.324371218681,0.417266696692,0.413731575012,0.514213263988,0.456646174192,0.358629256487,0.284302294254,0.055522039533,-0.108034625649,-0.170697107911,-0.095701910555,-0.170638725162,-0.310111641884,-0.225822046399,-0.242006734014,-0.210245281458,-0.217402920127,-0.277167528868,-0.188492164016,-0.096067838371,0.179873928428,0.311959892511,0.366998761892,0.521574079990,0.460214078426,0.546378672123,0.516034722328,0.360309958458,0.352166026831,0.101937495172,-0.142319560051,-0.358030676842,-0.545355916023,-0.634315431118,-0.779938399792,-0.781011939049,-0.714913427830,-0.506223201752,-0.270096629858,-0.117715150118,0.168526157737,0.307830870152,0.389092236757,0.532091915607,0.583592057228,0.510863065720,0.486199527979,0.674831151962,0.602489054203,0.389376968145,0.217893809080,-0.048551797867,-0.143787488341,-0.292848140001,-0.387564629316,-0.468528956175,-0.684551537037,-0.550178110600,-0.340126663446,-0.261435180902,-0.300035983324,-0.380015045404,-0.293115854263,-0.270756870508,-0.134324416518,0.002688140143,-0.002660759259,0.096655987203,0.211310938001,0.335499495268,0.287319570780,0.287585318089,0.314863622189,0.042700979859,-0.062814570963,-0.185008302331,-0.377056449652,-0.406119555235,-0.528925776482,-0.587199747562,-0.664827883244,-0.687369704247,-0.483633816242,-0.301340878010,-0.141626238823,0.014330291189,0.214557260275,0.297975718975,0.277591258287,0.312194168568,0.325091034174,0.483422905207,0.515053153038,0.442664057016,0.425662755966,0.170352026820,0.143305853009,0.167248278856,-0.127167567611,-0.238113656640,-0.265198022127,-0.289180904627,-0.256319314241,-0.286015987396,-0.261915594339,-0.289069414139,-0.437589555979,-0.344318479300,-0.091559670866,-0.064118929207,0.170647740364,0.391795337200,0.222728744149,0.405632227659,0.541783154011,0.427611261606,0.535625815392,0.258712261915,0.095585152507,0.311828434467,0.012772549875,-0.185288503766,-0.202999025583,-0.530510663986,-0.520881533623,-0.435842782259,-0.571198523045,-0.516902983189,-0.435490906239,-0.278708547354,-0.013147211634,0.109264999628,0.258463770151,0.482780426741,0.502389252186,0.459986060858,0.564909100533,0.547935247421,0.482560127974,0.452801316977,0.304374873638,0.207184806466,0.020647594705,-0.194550931454,-0.247707515955,-0.333856135607,-0.325821727514,-0.314668506384,-0.291766375303,-0.213767960668,-0.304020762444,-0.219007834792,-0.095944009721,-0.132134199142,-0.007873433642,0.131261944771,0.249568298459,0.385768711567,0.475761085749,0.472656279802,0.399850130081,0.438652098179,0.418915987015,0.321415811777,0.205346390605,-0.000749195227,-0.113224357367,-0.257623225451,-0.475120246410,-0.641326308250,-0.775771737099,-0.713809370995,-0.601489126682,-0.533509850502,-0.356982171535,-0.184084817767,-0.004062853288,0.158428579569,0.177465572953,0.188212588429,0.323775231838,0.458424597979,0.458889245987,0.468244552612,0.431107610464,0.263583749533,0.265815049410,0.289203345776,0.109641492367,-0.061362877488,-0.215791091323,-0.252817481756,-0.198373228312,-0.283719897270,-0.324823647738,-0.283835023642,-0.343187063932,-0.429136186838,-0.371987044811,-0.291756898165,-0.207841351628,0.103148035705,0.220361381769,0.107444636524,0.316825240850,0.439363062382,0.380290687084,0.556431651115,0.497142493725,0.314308255911,0.369528263807,0.160328269005,-0.058053340763,-0.194753378630,-0.418370723724,-0.355078637600,-0.499603271484,-0.580201625824,-0.268522262573,-0.287477195263,-0.149645686150,0.120951496065,0.122295804322,0.294856578112,0.447567462921,0.498759508133,0.635768413544,0.787703096867,0.726050853729,0.643353343010,0.736132740974,0.525726735592,0.312511563301,0.181828781962,-0.119768261909,-0.218281656504,-0.337733477354,-0.409576684237,-0.355803161860,-0.383054494858,-0.286271721125,-0.312274515629,-0.350300312042,-0.241438418627,-0.147228226066,0.020568056032,0.035888738930,0.050788234919,0.242551669478,0.418318480253,0.498770803213,0.484225541353,0.570313811302,0.459277093410,0.180606141686,0.154208838940,0.091173492372,-0.020361866802,-0.145443305373,-0.407792508602,-0.637096166611,-0.810678064823,-0.861920058727,-0.780421078205,-0.618378639221,-0.323659271002,-0.124447621405,-0.167042508721,-0.107683159411,0.102931357920,0.162823468447,0.304735511541,0.506598472595,0.448185205460,0.433853417635,0.382241964340,0.209413543344,0.216207578778,0.082836009562,-0.144685253501,-0.194227039814,-0.253817379475,-0.222255766392,-0.181299522519,-0.254148244858,-0.277580648661,-0.334273129702,-0.363445669413,-0.376429170370,-0.383741527796,-0.162065431476,-0.139387503266,-0.229362025857,0.200433403254,0.431200891733,0.303197383881,0.533759176731,0.631421625614,0.507570981979,0.526560664177,0.417067080736,0.271738022566,0.160626396537,0.032832618803,-0.105295471847,-0.360768973827,-0.561498522758,-0.484555184841,-0.363448202610,-0.502143204212,-0.296241402626,0.191191583872,0.181357979774,0.210415273905,0.333069205284,0.230349689722,0.349843025208,0.520794272423,0.531874954700,0.532091975212,0.443841129541,0.301629155874,0.202170535922,0.062204677612,-0.033201526850,-0.087635777891,-0.267523258924,-0.375183969736,-0.382713824511,-0.328581243753,-0.217433422804,-0.284804701805,-0.369770318270,-0.388839572668,-0.407754212618,-0.338575959206,-0.292601525784,-0.221143588424,0.002226596465,0.259869098663,0.275480121374,0.207550421357,0.301791548729,0.294681340456,0.264367312193,0.170194506645,-0.011949327774,-0.030434507877,-0.131726950407,-0.196578353643,-0.204870700836,-0.310056477785,-0.232493311167,-0.173909842968,-0.124915190041,0.037673886865,0.122119791806,0.247152447701,0.323502361774,0.391431510448,0.508367657661,0.472183257341,0.467333108187,0.454239845276,0.424319654703,0.619474351406,0.713934123516,0.529901027679,0.324975132942,0.135603576899,0.070805311203,0.129758268595,0.027908459306,-0.144098550081,-0.238825842738,-0.189166441560,-0.028447847813,-0.129803746939,-0.371842384338,-0.437338441610,-0.495878815651,-0.578833162785,-0.455392926931,-0.256273865700,-0.260517299175,-0.170682087541,0.069390691817,0.098056644201,0.071048103273,0.137736856937,0.103927865624,-0.041624411941,-0.030918762088,0.044583953917,-0.088775917888,-0.260705739260,-0.425396531820,-0.553583502769,-0.515564382076,-0.506961226463,-0.531377732754,-0.348751366138,-0.186940327287,-0.193122491241,-0.023154173046,0.092438451946,0.152409374714,0.466011017561,0.540497660637,0.429745733738,0.409019559622,0.447723954916,0.589775800705,0.537636458874,0.424415528774,0.342519342899,0.135367184877,-0.024856735021,-0.111907079816,-0.129676237702,-0.119336895645,-0.057326417416,-0.101729638875,-0.267429441214,-0.165476217866,-0.144699320197,-0.172950819135,0.091378130019,0.207379058003,0.371963620186,0.613211095333,0.554337441921,0.539495110512,0.527812957764,0.442787230015,0.440196514130,0.367610514164,0.302502900362,0.077246405184,-0.232856720686,-0.257805526257,-0.387281417847,-0.482940942049,-0.331163674593,-0.400964647532,-0.419598221779,-0.276578962803,-0.189247280359,0.026855424047,0.185722753406,0.249054700136,0.350376665592,0.405832618475,0.473664790392,0.510644912720,0.539293289185,0.557204008102,0.418973535299,0.284488171339,0.164909452200,-0.044474463910,-0.100176699460,-0.169511422515,-0.483195960522,-0.572640419006,-0.424182206392,-0.357048422098,-0.257389515638,-0.189859032631,-0.251911848783,-0.306894510984,-0.228374361992,-0.111637733877,-0.013018957339,0.169880777597,0.253017246723,0.210611030459,0.210454449058,0.244004130363,0.315984964371,0.331110417843,0.233292847872,0.055953513831,-0.154604002833,-0.233530804515,-0.243645280600,-0.366488367319,-0.514161288738,-0.640585720539,-0.689903855324,-0.571756899357,-0.358344048262,-0.092775829136,0.070416972041,0.169974356890,0.299285084009,0.315696150064,0.411822438240,0.555874288082,0.576418817043,0.580034017563,0.509841978550,0.455887585878,0.428265452385,0.273672401905,-0.012534293346,-0.234900981188,-0.245717659593,-0.295367032290,-0.218703702092,-0.045967340469,-0.186133489013,-0.273503243923,-0.249535903335,-0.278561562300,-0.256046056747,-0.170870766044,0.028883572668,0.098117716610,0.186871424317,0.370847731829,0.369222342968,0.477047085762,0.633307158947,0.577787399292,0.399915754795,0.235748529434,0.074713766575,-0.124782070518,-0.145337328315,-0.282699704170,-0.554413080215,-0.642225980759,-0.738200366497,-0.643218100071,-0.506367325783,-0.472567826509,-0.317086726427,-0.154419854283,0.163885727525,0.427149087191,0.550656676292,0.625136137009,0.605253219604,0.729942917824,0.654312908649,0.525165259838,0.460441499949,0.193210273981,0.083036251366,-0.180149555206,-0.434878110886,-0.407381266356,-0.527303099632,-0.489251881838,-0.357872068882,-0.252122968435,-0.094049721956,-0.060767218471,-0.032944783568,-0.071585372090,0.020812891424,0.161455348134,0.119198821485,0.204025715590,0.239312455058,0.201307877898,0.185467302799,0.140322521329,0.145742610097,0.178327754140,0.269355624914,0.085256107152,-0.136278569698,-0.126340061426,-0.313609361649,-0.326340556145,-0.335776805878,-0.569824218750,-0.463430315256,-0.436369121075,-0.474417686462,-0.254101753235,-0.193796485662,-0.147119909525,-0.040190767497,-0.072142899036,-0.078737825155,0.077116794884,0.228255972266,0.238471865654,0.356805175543,0.426533222198,0.304998546839,0.265290856361,0.152745261788,0.015511155128,-0.083728440106,-0.255468606949,-0.228271722794,-0.186998963356,-0.326758056879,-0.316022694111,-0.266102254391,-0.406695425510,-0.538842797279,-0.546230912209,-0.439399302006,-0.214373737574,0.075546666980,0.361351817846,0.519094228745,0.518197953701,0.465938687325,0.491321861744,0.546347677708,0.497197419405,0.405734658241,0.269493639469,0.111605614424,-0.019124032930,-0.171013459563,-0.434596240520,-0.655099332333,-0.563372612000,-0.550258278847,-0.525396525860,-0.301351457834,-0.231596633792,-0.036609426141,0.048844594508,0.114447914064,0.442572146654,0.427866607904,0.494515001774,0.682912409306,0.658589541912,0.690937817097,0.524934411049,0.398851752281,0.373083680868,0.160130798817,-0.046443734318,-0.226981490850,-0.301543623209,-0.310013324022,-0.299941509962,-0.243320792913,-0.262075155973,-0.370310783386,-0.461699247360,-0.405421406031,-0.385590851307,-0.318941116333,-0.115151509643,-0.042924668640,0.073645494878,0.242369323969,0.323263794184,0.386056154966,0.465603441000,0.469459921122,0.323268234730,0.285716861486,0.192574113607,0.030329775065,-0.071179173887,-0.398213535547,-0.571921646595,-0.540913820267,-0.527172327042,-0.379603207111,-0.330201834440,-0.349161624908,-0.281163603067,-0.146527677774,-0.029894247651,-0.019571200013,0.041350297630,0.182554468513,0.303982079029,0.291569888592,0.259831577539,0.278191924095,0.237680032849,0.289116919041,0.258594959974,0.122661799192,0.071293786168,-0.076799809933,-0.155489459634,-0.207307174802,-0.342050641775,-0.309996455908,-0.312162965536,-0.366482853889,-0.349662482738,-0.393283843994,-0.357770085335,-0.200918719172,-0.072932839394,0.036820180714,0.161755964160,0.178173989058,0.166389644146,0.373290747404,0.547990500927,0.522258222103,0.496869236231,0.417944490910,0.272645026445,0.093310154974,-0.117136225104,-0.264269590378,-0.413997918367,-0.500231862068,-0.521229684353,-0.547109305859,-0.431161612272,-0.387333154678,-0.376628994942,-0.171682715416,-0.007423356641,0.182233601809,0.289047926664,0.377105116844,0.673980653286,0.620328783989,0.505979120731,0.542978346348,0.290933698416,0.204198762774,0.065328225493,-0.221738502383,-0.212741002440,-0.304968386889,-0.406026363373,-0.433756530285,-0.484716653824,-0.472490131855,-0.628718137741,-0.668165564537,-0.602288305759,-0.522945880890,-0.235909029841,-0.114568494260,0.035398770124,0.283420175314,0.385047435760,0.499388575554,0.435271948576,0.356781810522,0.317446380854,0.227790117264,0.270545482635,0.252949327230,0.239811360836,0.111807964742,-0.117767602205,-0.226768553257,-0.352402001619,-0.288180172443,-0.250600695610,-0.248995929956,-0.072524026036,-0.046168841422,0.056382853538,0.173215016723,0.131115421653,0.178960829973,0.285396426916,0.431320220232,0.547044694424,0.618858933449,0.513560414314,0.308974802494,0.210622340441,0.035264581442,-0.026008222252,-0.054305206984,-0.110390163958,-0.107748217881,-0.317685753107,-0.407644867897,-0.446688562632,-0.539881706238,-0.507397830486,-0.625040590763,-0.569169223309,-0.464642912149,-0.490116894245,-0.312282443047,-0.223370134830,-0.128338590264,-0.029444428161,0.000388947228,0.118949435651,0.084415033460,0.073389492929,0.078515589237,0.030451465398,0.016855474561,-0.114315614104,-0.274473041296,-0.455270737410,-0.518598794937,-0.614272713661,-0.768830716610,-0.575991094112,-0.336986631155,-0.182753756642,-0.040505684912,0.078542016447,0.220069348812,0.285364598036,0.385877490044,0.463116377592,0.539349198341,0.621776401997,0.617445766926,0.575492322445,0.436733871698,0.279724180698,-0.016673769802,-0.145642116666,-0.065647482872,-0.249251976609,-0.200038760900,-0.138546705246,-0.243300020695,-0.139654889703,-0.123547919095,-0.085723303258,-0.190300747752,-0.248924985528,-0.102196432650,-0.075778119266,0.162549793720,0.199797064066,0.136994779110,0.337583124638,0.307219296694,0.254257440567,0.263250231743,0.258791834116,0.192475244403,0.055548347533,0.011700441130,-0.144763782620,-0.350613772869,-0.488813459873,-0.492081880569,-0.431538432837,-0.408311247826,-0.310935795307,-0.277101308107,-0.074428744614,0.109827362001,0.067888155580,0.209283813834,0.181811824441,0.102908372879,0.231097847223,0.245911046863,0.258536458015,0.260714381933,0.254661411047,0.163848161697,0.023824781179,-0.099757552147,-0.337455630302,-0.286080598831,-0.216779097915,-0.311752825975,-0.171213448048,-0.171674221754,-0.191464573145,-0.166630223393,-0.369038641453,-0.408343106508,-0.251100808382,-0.076002597809,0.022925253958,0.071140959859,0.153576388955,0.194920316339,0.220221444964,0.152006745338,0.117235071957,0.024665720761,-0.118839032948,-0.025068303570,-0.124501101673,-0.180762603879,-0.122593432665,-0.411740005016,-0.445018261671,-0.385104030371,-0.404639363289,-0.148093044758,-0.060830079019,0.054187983274,0.294675976038,0.280389934778,0.229664713144,0.307271301746,0.417766273022,0.397552490234,0.357039511204,0.285559773445,0.109581612051,0.085869036615,0.053478196263,-0.115101367235,-0.218341276050,-0.254349529743,-0.318447947502,-0.341159194708,-0.300659924746,-0.306580573320,-0.244434967637,-0.221212208271,-0.333188772202,-0.432925462723,-0.494535088539,-0.336869716644,-0.149887770414,-0.037697773427,0.165104106069,0.169738695025,0.138983979821,0.186640992761,0.143115609884,0.176089495420,0.181959822774,0.142401590943,0.049735188484,-0.073180876672,-0.145414933562,-0.366052359343,-0.532110333443,-0.595041275024,-0.566611349583,-0.366135656834,-0.286702066660,-0.201170235872,-0.094636268914,-0.075796358287,0.028499562293,0.239000082016,0.342851400375,0.232207849622,0.465810865164,0.635023176670,0.411380350590,0.661736309528,0.653672277927,0.262475758791,0.360784828663,0.229883074760,-0.138871550560,-0.132913485169,-0.042852263898,-0.185655444860,-0.227553114295,0.007399069145,0.006758857053,-0.013391812332,0.035224381834,-0.115117944777,-0.021611370146,0.129567980766,0.111769936979,0.135685697198,0.143670544028,0.214759454131,0.227585494518,0.166670486331,0.173832863569,0.112658709288,0.096835955977,0.127694696188,-0.021050682291,-0.225206539035,-0.352698773146,-0.496003240347,-0.609112381935,-0.639024317265,-0.656201958656,-0.565009891987,-0.434367269278,-0.311406165361,-0.117434054613,-0.057501573116,0.037136755884,0.182684868574,0.169248774648,0.338695645332,0.460138976574,0.346898376942,0.394207507372,0.353469073772,0.197079166770,0.083173744380,-0.202070727944,-0.372103959322,-0.416935592890,-0.577990174294,-0.550316989422,-0.470598787069,-0.587074339390,-0.556509733200,-0.426940083504,-0.438232749701,-0.377174466848,-0.269725710154,-0.178925812244,0.015746381134,0.214696109295,0.413238495588,0.499924570322,0.495214045048,0.579750716686,0.574325859547,0.543735802174,0.448625713587,0.189949557185,0.020011011511,-0.080491036177,-0.183945566416,-0.359370380640,-0.472398608923,-0.492056131363,-0.607240438461,-0.530180931091,-0.383555918932,-0.239047288895,0.042360581458,0.136370673776,0.223140239716,0.385401815176,0.458982825279,0.504548549652,0.521298229694,0.611221075058,0.665865421295,0.548606276512,0.383476614952,0.334363430738,0.080970734358,-0.312349766493,-0.247143790126,-0.340174227953,-0.494986623526,-0.249817267060,-0.374367803335,-0.442368090153,-0.303331166506,-0.328484982252,-0.150173977017,-0.182106092572,-0.227064281702,0.058211367577,0.115524344146,0.116279013455,0.327687144279,0.383335351944,0.315945357084,0.408683925867,0.240862071514,0.120574705303,0.266547411680,-0.027176495641,-0.134647205472,-0.187105700374,-0.601772248745,-0.664585947990,-0.769759237766,-0.807668089867,-0.604059875011,-0.547928750515,-0.324277281761,-0.170698314905,-0.044017996639,0.330405503511,0.481790363789,0.422143489122,0.467203021049,0.494076251984,0.500484466553,0.564509451389,0.458575278521,0.352446556091,0.209751218557,-0.207335993648,-0.371049940586,-0.393708556890,-0.521849632263,-0.344374001026,-0.201168194413,-0.303397864103,-0.253199756145,-0.200944378972,-0.257197439671,-0.216632485390,-0.201644763350,-0.157998099923,-0.036481380463,0.064669594169,0.319669336081,0.371720671654,0.254675626755,0.448543876410,0.474736273289,0.428340166807,0.548799216747,0.378105610609,0.163293406367,0.044193085283,-0.192454308271,-0.408016502857,-0.471553564072,-0.547401547432,-0.705898880959,-0.635926127434,-0.523904979229,-0.371530592442,-0.035079009831,0.083015069366,0.230971857905,0.353053480387,0.346618711948,0.518685102463,0.539586186409,0.529424548149,0.541674494743,0.507100522518,0.471812903881,0.250202804804,0.093261957169,-0.145251601934,-0.337491393089,-0.379430294037,-0.543500125408,-0.454296737909,-0.410978257656,-0.429850459099,-0.305490761995,-0.419055014849,-0.477987498045,-0.440656661987,-0.330332577229,-0.167758151889,-0.085442140698,0.196084350348,0.328233867884,0.330342888832,0.456508100033,0.325797975063,0.204189032316,0.215661868453,0.095336146653,-0.089971430600,-0.135996967554,0.027534892783,-0.118348471820,-0.298094272614,-0.135164901614,-0.289769530296,-0.343879491091,-0.131679043174,-0.171663448215,0.008815548383,0.247183009982,0.305242598057,0.432671248913,0.365630567074,0.355855196714,0.458188384771,0.348193407059,0.398255139589,0.473267555237,0.372794061899,0.420357733965,0.332065045834,0.114169120789,0.040345020592,-0.222399577498,-0.430739045143,-0.258531898260,-0.291919231415,-0.429574251175,-0.276605010033,-0.410706937313,-0.541122913361,-0.327869713306,-0.435872077942,-0.450654089451,-0.243148952723,-0.181177541614,0.035159617662,0.071085430682,0.094844631851,0.305230349302,0.259307652712,0.311998605728,0.264374822378,-0.014412349090,0.044633220881,0.070392310619,-0.134317934513,-0.265375733376,-0.497522532940,-0.747948527336,-0.702596783638,-0.582409918308,-0.466241270304,-0.309855669737,-0.273356825113,-0.092460058630,0.167079895735,0.282667577267,0.402868509293,0.411022424698,0.427717328072,0.548601329327,0.630475401878,0.644001066685,0.531160116196,0.468622922897,0.407384455204,0.146185934544,-0.047379549593,-0.028801364824,-0.081104859710,-0.216824233532,-0.200853407383,-0.208406582475,-0.239694371819,-0.197671040893,-0.292834103107,-0.307180464268,-0.289980500937,-0.354100018740,-0.042762883008,0.267768830061,0.270349174738,0.443533837795,0.460433602333,0.259499698877,0.438740521669,0.473008543253,0.188718497753,0.210199713707,0.103185951710,-0.220583736897,-0.287509888411,-0.368525445461,-0.549956262112,-0.589483737946,-0.541369974613,-0.548737823963,-0.386441498995,-0.082339771092,-0.008493684232,0.061162076890,0.136139079928,0.170174658298,0.459376156330,0.579767227173,0.547078371048,0.661592602730,0.515338122845,0.379900068045,0.369001477957,0.147258251905,-0.018063513562,-0.184926182032,-0.348551243544,-0.345948994160,-0.393582254648,-0.353837668896,-0.252909153700,-0.356806635857,-0.389224082232,-0.297158122063,-0.312671512365,-0.240952983499,-0.198373064399,-0.267958134413,-0.116618894041,0.044753480703,0.251745998859,0.487297743559,0.345291495323,0.278266787529,0.371966362000,0.306493371725,0.241856262088,0.074282512069,-0.059481464326,-0.053952377290,-0.221849754453,-0.516572296619,-0.689887821674,-0.584693312645,-0.482225596905,-0.519152998924,-0.256446212530,0.099779307842,0.177510082722,0.180127441883,0.278471589088,0.462346196175,0.538386106491,0.536585509777,0.540211796761,0.531282484531,0.579359948635,0.447937428951,0.282298356295,0.207186117768,-0.051715910435,-0.226817250252,-0.340529948473,-0.419387161732,-0.254589051008,-0.252675116062,-0.424511641264,-0.381493806839,-0.261192053556,-0.350530177355,-0.298422992229,-0.063423536718,-0.170208916068,-0.081863291562,0.288047075272,0.345526456833,0.335136801004,0.232212036848,0.195420205593,0.382474452257,0.327510267496,0.101090289652,-0.006821889430,-0.047062702477,-0.255028784275,-0.444676905870,-0.524595797062,-0.774908661842,-0.759568631649,-0.537849783897,-0.485308200121,-0.311824321747,-0.134573936462,0.051245301962,0.242377132177,0.265664041042,0.371341675520,0.460064768791,0.493021696806,0.595276892185,0.539798676968,0.402140766382,0.367667406797,0.238251790404,0.062538944185,0.037502959371,-0.064713135362,-0.156712725759,-0.173985734582,-0.246957540512,-0.110099539161,-0.043232228607,-0.038415953517,0.167066678405,0.070117570460,-0.059004709125,0.036381870508,0.028439834714,0.206150069833,0.462601631880,0.450880646706,0.437719851732,0.364437639713,0.135193079710,0.213861346245,0.335467398167,0.069418281317,-0.144052833319,-0.283147007227,-0.406849503517,-0.445553064346,-0.591886818409,-0.653836250305,-0.632056951523,-0.566698014736,-0.491125553846,-0.457731068134,-0.213788241148,-0.061440590769,-0.003196424805,0.148823872209,0.143984571099,0.165889650583,0.263986289501,0.350277215242,0.297900199890,0.216118067503,0.326722711325,0.266508072615,0.126838833094,-0.087967455387,-0.318793475628,-0.260151088238,-0.369121968746,-0.425729960203,-0.313582003117,-0.387118309736,-0.359433889389,-0.400577336550,-0.436528295279,-0.256891727448,-0.196098104119,-0.106465466321,0.047637075186,0.054964914918,0.144539892673,0.391347646713,0.534354507923,0.499991089106,0.403317034245,0.382380127907,0.391183942556,0.345799595118,0.201708331704,-0.031416930258,-0.121211402118,-0.311477780342,-0.455391585827,-0.295793324709,-0.312894374132,-0.265624076128,-0.264699876308,-0.168219104409,0.239981994033,0.233978345990,0.445108175278,0.632854223251,0.432923495770,0.626321077347,0.639279901981,0.668916404247,0.694099903107,0.381214559078,0.322460711002,0.139967039227,-0.003070390085,-0.064072608948,-0.297244220972,-0.355873197317,-0.542164921761,-0.612527787685,-0.511310517788,-0.488823115826,-0.377272039652,-0.456254869699,-0.446784049273,-0.308578342199,-0.238585710526,-0.023690899834,0.071623578668,0.207663670182,0.379934370518,0.370435982943,0.418395876884,0.340740025043,0.207426518202,0.170691207051,0.011778084561,-0.201891943812,-0.352011203766,-0.458712786436,-0.525202929974,-0.569039463997,-0.696751534939,-0.756387293339,-0.643941700459,-0.550749540329,-0.426019817591,-0.313425213099,-0.204953208566,-0.018709175289,0.098123192787,0.228184774518,0.364728450775,0.471021711826,0.644847273827,0.693207800388,0.473398596048,0.256677716970,0.290305912495,0.288135379553,0.046082381159,-0.239176854491,-0.351429313421,-0.308696895838,-0.361887007952,-0.327687412500,-0.204482644796,-0.231039196253,-0.205319330096,-0.235625818372,-0.292428314686,-0.218804448843,-0.094920061529,0.115104295313,0.235407650471,0.364693373442,0.448459237814,0.367304801941,0.482467770576,0.477233916521,0.318362683058,0.365406602621,0.298608690500,0.181247889996,0.075714014471,-0.161467999220,-0.301825553179,-0.450557231903,-0.642632842064,-0.640077710152,-0.554055809975,-0.428997367620,-0.246780991554,-0.114490821958,0.076799750328,0.280186653137,0.399747639894,0.523934602737,0.532243311405,0.584837496281,0.701780080795,0.623408079147,0.554067850113,0.360692560673,0.077091567218,0.008712707087,-0.137935295701,-0.315030783415,-0.361218094826,-0.362128436565,-0.352496385574,-0.471832364798,-0.570180773735,-0.492732524872,-0.405890166759,-0.400677859783,-0.348651349545,-0.185344830155,-0.026899091899,0.142229229212,0.301510840654,0.322659641504,0.333200305700,0.402031660080,0.331476360559,0.262326687574,0.292437881231,0.184951052070,0.159510582685,0.185549706221,-0.075139895082,-0.365307778120,-0.520023465157,-0.534711062908,-0.439557433128,-0.419262528419,-0.386861085892,-0.207665175200,0.087056241930,0.345159649849,0.420315921307,0.316821634769,0.263816386461,0.393841475248,0.527647614479,0.733071506023,0.816864371300,0.626599788666,0.552284359932,0.335387498140,0.051702383906,0.052613370121,-0.140282303095,-0.337755501270,-0.365928202868,-0.407294511795,-0.229517430067,-0.279335558414,-0.474996924400,-0.398511737585,-0.521429598331,-0.641847848892,-0.552782118320,-0.420680195093,-0.170795127749,-0.019227778539,0.059918694198,0.138875499368,0.175078570843,0.218804538250,0.312834352255,0.402577579021,0.242971271276,0.127425014973,0.030834686011,-0.269682675600,-0.381747484207,-0.481464654207,-0.597325623035,-0.639815568924,-0.717706322670,-0.636598587036,-0.551452755928,-0.330759435892,-0.115189552307,-0.130608111620,0.088904306293,0.241158083081,0.309873938560,0.476916193962,0.363514870405,0.401522874832,0.533380985260,0.481783181429,0.536220252514,0.369417786598,0.152008131146,0.073116421700,-0.158198535442,-0.221146926284,-0.225731506944,-0.378488719463,-0.322204798460,-0.186945512891,-0.248145192862,-0.333301275969,-0.362548738718,-0.322011679411,-0.106276407838,0.098243393004,0.238713249564,0.418128520250,0.458625346422,0.376674830914,0.363200038671,0.420034289360,0.390039950609,0.229939371347,0.110167145729,0.027194399387,-0.113406904042,-0.378760427237,-0.674511909485,-0.754581153393,-0.686229526997,-0.541906297207,-0.462266147137,-0.443554699421,-0.259658306837,-0.137779399753,-0.029947256669,0.059935681522,0.034649789333,0.171547546983,0.303110390902,0.435115128756,0.534762859344,0.458962559700,0.422639250755,0.307381570339,0.214301571250,0.182270094752,0.005442207213,-0.171699330211,-0.255122631788,-0.201856076717,-0.196732878685,-0.266572922468,-0.302563577890,-0.355387955904,-0.311775803566,-0.409954816103,-0.462644785643,-0.318907201290,-0.300053000450,-0.072154246271,0.120046161115,0.154811426997,0.231129616499,0.111855402589,0.244704693556,0.407571613789,0.300728261471,0.277012169361,0.172067031264,0.121670044959,0.061130523682,-0.100002415478,-0.276495873928,-0.560472071171,-0.571096658707,-0.513550519943,-0.494521856308,-0.221382170916,-0.084011591971,-0.100328661501,-0.103867731988,-0.084465168417,0.017817284912,0.137462809682,0.278155833483,0.386840254068,0.491004437208,0.622684538364,0.651449918747,0.511371135712,0.320196419954,0.095986336470,-0.117209181190,-0.172605633736,-0.308059215546,-0.465167313814,-0.524325251579,-0.518057346344,-0.288669258356,-0.225871652365,-0.274931967258,-0.240601852536,-0.254794985056,-0.073730476201,0.020921083167,0.089784294367,0.280695378780,0.334521591663,0.422848403454,0.456079751253,0.470596462488,0.350595235825,0.154251098633,0.147427082062,-0.076549060643,-0.281688749790,-0.433808535337,-0.620949804783,-0.581223905087,-0.603628695011,-0.512712717056,-0.432501554489,-0.413253754377,-0.223482057452,-0.131750196218,0.118503108621,0.293378949165,0.299451589584,0.376113861799,0.357580482960,0.510222792625,0.556870579720,0.547679543495,0.520026326180,0.265048503876,0.290107667446,0.190254539251,0.036400604993,-0.009742415510,-0.216723784804,-0.107974238694,-0.104822725058,-0.132289990783,0.000755558664,-0.101323284209,-0.092163726687,-0.177721083164,-0.211556851864,-0.025359990075,0.044668275863,0.151983231306,0.147043347359,0.224625721574,0.356650203466,0.330227613449,0.410839110613,0.323340624571,0.260241299868,0.212499156594,-0.111084662378,-0.189088210464,-0.239128574729,-0.400952965021,-0.414056688547,-0.550728499889,-0.710881531239,-0.742714285851,-0.653480708599,-0.500069200993,-0.279141217470,-0.071139447391,-0.160501062870,-0.061605598778,0.194351583719,0.160609051585,0.259138137102,0.309205651283,0.188760131598,0.176400750875,0.105369858444,0.052712451667,-0.032561387867,-0.204992368817,-0.295098781586,-0.397371172905,-0.467069298029,-0.369811385870,-0.286911755800,-0.300790131092,-0.262097716331,-0.259561210871,-0.220350474119,-0.119241133332,-0.083764582872,0.134384438396,0.280942291021,0.290599435568,0.457893073559,0.475555658340,0.447634041309,0.466793239117,0.389433413744,0.366437882185,0.309303671122,0.119800001383,-0.065956473351,-0.135545551777,-0.294841587543,-0.440619349480,-0.415555328131,-0.483618378639,-0.426176369190,-0.307167917490,-0.184757068753,0.150031194091,0.329393416643,0.446667373180,0.558254659176,0.563374578953,0.573487699032,0.429284483194,0.367061287165,0.375315874815,0.345645338297,0.365798056126,0.170103490353,-0.070235721767,-0.264282464981,-0.404773294926,-0.387970328331,-0.477733701468,-0.545338630676,-0.482359021902,-0.345885485411,-0.243704855442,-0.358170568943,-0.354344278574,-0.319432765245,-0.361037790775,-0.156386762857,0.015611702576,0.105034179986,0.164587721229,0.128706291318,0.257245212793,0.375983029604,0.394578814507,0.326336920261,0.136217862368,0.009372821078,-0.159307047725,-0.231378778815,-0.339198291302,-0.614456295967,-0.677141606808,-0.740137279034,-0.624261021614,-0.371329694986,-0.452183097601,-0.370977520943,-0.079205989838,0.091117687523,0.273443758488,0.463254570961,0.375600755215,0.278029173613,0.582563459873,0.670660197735,0.599910676479,0.650070726871,0.401625573635,0.238528534770,0.141161948442,-0.071572512388,-0.182768315077,-0.355234444141,-0.377887457609,-0.395463258028,-0.431235164404,-0.214329853654,-0.213369056582,-0.332076758146,-0.327619254589,-0.211778402328,0.140432029963,0.327646553516,0.313093662262,0.365764617920,0.324481129646,0.369776308537,0.565335035324,0.466050595045,0.300111949444,0.296062201262,0.045091517270,-0.139681652188,-0.141878545284,-0.454605638981,-0.629162728786,-0.609459757805,-0.791833341122,-0.756861090660,-0.672460615635,-0.579025626183,-0.138127222657,0.050231583416,0.117839306593,0.390090942383,0.403887361288,0.459182173014,0.624165832996,0.556303381920,0.515507459641,0.416600018740,0.215125277638,0.239003658295,0.184193253517,-0.100200630724,-0.227634921670,-0.374062627554,-0.504436612129,-0.378539621830,-0.390980005264,-0.388910174370,-0.298343926668,-0.428370773792,-0.413002490997,-0.282736688852,-0.210623979568,-0.024041658267,0.076637133956,0.152756646276,0.376545011997,0.511817097664,0.569266259670,0.615828692913,0.537167966366,0.513493597507,0.532217502594,0.444328516722,0.376922994852,0.152875423431,-0.034086164087,-0.052974406630,-0.421368956566,-0.555703520775,-0.384050339460,-0.566476047039,-0.417421936989,-0.136045917869,-0.199198812246,-0.062537103891,0.111931093037,0.145861223340,0.263178557158,0.402378976345,0.441338270903,0.612834334373,0.719522655010,0.548889279366,0.603257119656,0.546993911266,0.294833570719,0.108723342419,-0.234699591994,-0.338500022888,-0.440550386906,-0.690576553345,-0.744226694107,-0.830293238163,-0.835031032562,-0.731524229050,-0.558989703655,-0.479586035013,-0.422044992447,-0.115548059344,-0.070587337017,0.040530037135,0.343512892723,0.260356754065,0.294310718775,0.459428369999,0.454559803009,0.463905900717,0.277209073305,0.030230011791,-0.021725377068,-0.214829117060,-0.477892547846,-0.564486026764,-0.666657805443,-0.722265183926,-0.622457385063,-0.411033838987,-0.210966035724,-0.145347595215,0.045953202993,0.339273095131,0.465437173843,0.492652475834,0.561716735363,0.725753843784,0.911599695683,0.976740956306,0.842103064060,0.677961528301,0.534735679626,0.419614642859,0.306737601757,-0.080541685224,-0.270970523357,-0.216546967626,-0.347803771496,-0.240088701248,-0.254491299391,-0.480188518763,-0.309975653887,-0.241608083248,-0.333594739437,-0.196886241436,-0.086525775492,-0.034972108901,0.110820561647,0.255593210459,0.378478527069,0.446264386177,0.314324468374,0.265181064606,0.376856982708,0.319328755140,0.225634977221,0.098574146628,-0.175876766443,-0.315416216850,-0.390692293644,-0.625100135803,-0.701697587967,-0.625951170921,-0.687341034412,-0.623745501041,-0.449985265732,-0.281244695187,-0.079758062959,0.017676752061,0.205141350627,0.325272440910,0.243302255869,0.325962930918,0.509626150131,0.550868988037,0.428771018982,0.329374194145,0.281299591064,0.115987539291,-0.113111093640,-0.144140139222,-0.217673361301,-0.501296997070,-0.339410096407,-0.297203332186,-0.519073426723,-0.160832211375,-0.172936603427,-0.458817660809,-0.357381850481,-0.323019802570,-0.147981882095,-0.003783971770,0.095252990723,0.192437633872,0.167790606618,0.351144850254,0.365901201963,0.267718940973,0.310108602047,0.271179080009,0.280851423740,0.191225945950,-0.022879578173,-0.199113383889,-0.408016383648,-0.530464589596,-0.446585297585,-0.407272845507,-0.510634660721,-0.377630174160,-0.085221536458,0.171791553497,0.313573002815,0.261950463057,0.404358536005,0.463816314936,0.423356473446,0.670335829258,0.561867952347,0.378512740135,0.442760318518,0.313013255596,0.291019886732,0.095116570592,-0.262528300285,-0.315567344427,-0.415940612555,-0.446590542793,-0.365367740393,-0.377761870623,-0.276274949312,-0.187432363629,-0.342420190573,-0.439105302095,-0.289858341217,-0.243652403355,-0.139378935099,0.145888060331,0.279973208904,0.362958908081,0.385439485312,0.395428508520,0.398458868265,0.270843714476,0.194301933050,0.026466799900,-0.137023538351,-0.182695820928,-0.331398248672,-0.506230294704,-0.653609216213,-0.628202915192,-0.636349141598,-0.668496251106,-0.357681900263,-0.168294727802,-0.166538938880,0.000592741650,0.299535065889,0.404548823833,0.344900578260,0.585292279720,0.663921892643,0.631736934185,0.783423304558,0.611111283302,0.494696378708,0.524666488171,0.383969426155,0.321597397327,0.241195559502,-0.037303198129,-0.139900490642,-0.013537399471,-0.221291452646,-0.181730285287,0.086556844413,-0.191322550178,-0.181607112288,-0.134272307158,-0.285105198622,-0.002096506767,0.149101704359,0.228730887175,0.331571847200,0.373106926680,0.421049922705,0.284959346056,0.252752780914,0.214893385768,0.153941377997,0.024147056043,-0.225122958422,-0.270641654730,-0.448037087917,-0.681495308876,-0.769034624100,-0.780676782131,-0.695785641670,-0.644198834896,-0.409247517586,-0.220045477152,-0.152036383748,0.056758861989,0.144311785698,0.216212257743,0.323136240244,0.399202913046,0.449695318937,0.364539682865,0.316251516342,0.253205507994,0.166813880205,0.112657308578,-0.120796307921,-0.326614022255,-0.336426109076,-0.448487311602,-0.542371869087,-0.434811860323,-0.398002237082,-0.261052489281,-0.125976413488,-0.250311404467,-0.144055381417,-0.039954334497,-0.076318591833,0.116948671639,0.275317549706,0.416236013174,0.519888103008,0.514335811138,0.444180339575,0.294272035360,0.343492001295,0.350698381662,0.232786238194,0.101552613080,-0.137307241559,-0.226798683405,-0.295973718166,-0.384252458811,-0.451339066029,-0.548211932182,-0.470725089312,-0.248852059245,0.040920943022,0.089287832379,0.111836336553,0.323099076748,0.340614289045,0.511169135571,0.583958685398,0.445095181465,0.611715734005,0.583076357841,0.476403415203,0.534101009369,0.362925946712,0.113396614790,-0.117359168828,-0.345302432775,-0.454436063766,-0.396792829037,-0.364344477654,-0.368486106396,-0.266841232777,-0.315383315086,-0.371872127056,-0.321092665195,-0.296489566565,-0.128366887569,-0.002285099821,0.060480553657,0.196204453707,0.254110038280,0.291441291571,0.345420062542,0.364802032709,0.312758028507,0.249964416027,0.112809389830,-0.159427791834,-0.283326745033,-0.363851189613,-0.491099536419,-0.560144007206,-0.677109360695,-0.709051251411,-0.679139614105,-0.629540801048,-0.469328522682,-0.284377813339,-0.088503681123,0.101541243494,0.317287594080,0.425468355417,0.405454814434,0.491476029158,0.545975744724,0.541861593723,0.512661457062,0.413644880056,0.281262189150,0.005950396415,-0.189968973398,-0.267633050680,-0.447344988585,-0.539765298367,-0.491919726133,-0.454409986734,-0.466176331043,-0.357767701149,-0.244953483343,-0.260705202818,-0.121253885329,0.016978003085,0.157290831208,0.333869427443,0.398676544428,0.573827981949,0.550720989704,0.424693286419,0.531365692616,0.522968828678,0.507522344589,0.430080980062,0.148784071207,-0.117384627461,-0.348080605268,-0.454329103231,-0.615460932255,-0.801146626472,-0.738430917263,-0.682096183300,-0.615045487881,-0.405823290348,-0.196498468518,-0.019966393709,0.198166951537,0.426259458065,0.484061747789,0.555741846561,0.579237520695,0.503342449665,0.546132802963,0.322166919708,0.192485645413,0.215655311942,-0.113013155758,-0.204143017530,-0.330238670111,-0.568591892719,-0.504978477955,-0.574211180210,-0.533225297928,-0.407086431980,-0.351327896118,-0.276208579540,-0.310114443302,-0.252265959978,-0.228897556663,-0.031644094735,0.211897954345,0.160315170884,0.231159031391,0.310182303190,0.474009692669,0.634536087513,0.605268895626,0.585833489895,0.365299135447,0.289234459400,0.277963638306,0.050960924476,-0.092220328748,-0.316599339247,-0.466707885265,-0.447436153889,-0.417288094759,-0.383953988552,-0.314185589552,-0.065433628857,0.108042687178,0.183029696345,0.250859171152,0.340961515903,0.558606684208,0.644521355629,0.678459465504,0.638920664787,0.520687639713,0.551601052284,0.336975634098,0.041749726981,-0.085041798651,-0.417097628117,-0.602646112442,-0.518947184086,-0.576591432095,-0.623392403126,-0.587202787399,-0.565471649170,-0.494907259941,-0.520798385143,-0.576568186283,-0.329550504684,-0.104003712535,-0.092005029321,0.082735121250,0.204964309931,0.227805092931,0.275650918484,0.225262299180,0.294243872166,0.224598884583,-0.009862080216,-0.078358165920,-0.191389605403,-0.303962767124,-0.454287856817,-0.648562550545,-0.667580604553,-0.640112459660,-0.621807098389,-0.530193686485,-0.326238006353,-0.101589523256,0.090118050575,0.196484535933,0.312910556793,0.571322679520,0.623591840267,0.647343635559,0.732606530190,0.624494910240,0.656232655048,0.649432301521,0.559428453445,0.493036448956,0.241799458861,0.069890387356,-0.075065076351,-0.167064815760,-0.153220027685,-0.158844023943,-0.063643969595,-0.171504169703,-0.360797017813,-0.348775982857,-0.324981480837,-0.235011696815,-0.172752261162,-0.205925166607,-0.132519781590,0.080598041415,0.293747961521,0.439024955034,0.471556335688,0.383537739515,0.341205894947,0.308656096458,0.259544163942,0.224973395467,0.068713419139,-0.140065252781,-0.301756829023,-0.416818201542,-0.526780784130,-0.640989720821,-0.679131031036,-0.627151131630,-0.451689392328,-0.214040458202,-0.091261640191,-0.095400296152,-0.031284015626,0.106141231954,0.209858715534,0.300462990999,0.353987157345,0.516082406044,0.596878170967,0.448498904705,0.360053151846,0.199145063758,0.047067120671,-0.089679025114,-0.232667207718,-0.215902164578,-0.403600841761,-0.508984029293,-0.433272361755,-0.474008888006,-0.417798489332,-0.506145596504,-0.507201015949,-0.333552598953,-0.301215708256,-0.074948266149,0.117763899267,0.232766792178,0.443321377039,0.470096111298,0.492212593555,0.491089850664,0.418777436018,0.431740611792,0.268960773945,0.044120598584,-0.034264430404,-0.234936699271,-0.426009327173,-0.543852090836,-0.745690584183,-0.643088638783,-0.465878814459,-0.584144234657,-0.438320130110,-0.160301089287,-0.056837078184,0.171042278409,0.279403507710,0.272437244654,0.456596463919,0.593507826328,0.587347686291,0.569341957569,0.558025062084,0.459180653095,0.301138520241,0.170843079686,-0.008572923951,-0.258025854826,-0.470879971981,-0.413589417934,-0.335497081280,-0.394183874130,-0.329115062952,-0.498173564672,-0.676791489124,-0.589110434055,-0.608731448650,-0.462775379419,-0.285419672728,-0.208567336202,-0.013188707642,0.090294837952,0.235903769732,0.333078891039,0.291945725679,0.292587071657,0.213682234287,0.218796655536,0.161356166005,-0.078775510192,-0.137612521648,-0.273693561554,-0.512781679630,-0.525107264519,-0.536435484886,-0.596570849419,-0.548292696476,-0.337467551231,-0.093743987381,-0.078962363303,-0.031678322703,0.200801908970,0.341672748327,0.484759300947,0.627479553223,0.661592960358,0.808136105537,0.886507689953,0.694588243961,0.614756345749,0.563476264477,0.270756214857,0.108937412500,0.077706471086,-0.023503033444,-0.076778002083,-0.180985033512,-0.223434805870,-0.188251584768,-0.266606241465,-0.305190742016,-0.322991371155,-0.268997877836,-0.085605897009,0.051980871707,0.234251916409,0.372028738260,0.294384986162,0.265408903360,0.359970867634,0.340772867203,0.231684878469,0.107793636620,-0.013927768916,-0.111123681068,-0.235152274370,-0.400052309036,-0.663370549679,-0.826661944389,-0.876936495304,-0.924306392670,-0.737648427486,-0.587164342403,-0.437699526548,-0.154058381915,-0.047472056001,0.091902919114,0.224027335644,0.355588465929,0.460511088371,0.385963559151,0.503089606762,0.554080903530,0.505986630917,0.480645716190,0.226945906878,0.058018982410,-0.151495844126,-0.394497901201,-0.419489800930,-0.386658549309,-0.214412584901,-0.161047160625,-0.271369516850,-0.279069632292,-0.262493342161,-0.124050647020,-0.021694513038,-0.010546112433,0.107025615871,0.201974347234,0.369385927916,0.529921531677,0.514766216278,0.421056419611,0.285407006741,0.337303698063,0.472079068422,0.494593441486,0.413376152515,0.190374210477,-0.023696962744,-0.276701360941,-0.408086568117,-0.379254668951,-0.374763309956,-0.250777959824,-0.148703247309,0.012615882792,0.129478424788,0.090587355196,0.207262367010,0.253323018551,0.314994722605,0.350228130817,0.321992903948,0.456532537937,0.400029420853,0.446605175734,0.524117410183,0.307377964258,0.165576517582,0.003603826510,-0.075681559741,-0.146896019578,-0.293396681547,-0.287553757429,-0.270476341248,-0.224785655737,-0.243368551135,-0.232842981815,-0.254016399384,-0.343081444502,-0.205619812012,-0.150638639927,-0.022591475397,0.147610098124,0.164269015193,0.301895380020,0.269516229630,0.264434576035,0.348737567663,0.278967857361,0.199013009667,0.045302633196,-0.088035978377,-0.319083333015,-0.511402010918,-0.638473451138,-0.832385003567,-0.761992037296,-0.744962453842,-0.671509683132,-0.439636766911,-0.328684985638,-0.096028953791,0.034645996988,0.221302688122,0.431545883417,0.366758823395,0.463598847389,0.477445960045,0.358790397644,0.448474645615,0.480389297009,0.329924345016,0.127946317196,0.043780349195,-0.067590348423,-0.216970071197,-0.238520488143,-0.395466059446,-0.495508015156,-0.362798899412,-0.297565132380,-0.288608074188,-0.351946920156,-0.326547265053,-0.114483118057,-0.003177546663,0.084735818207,0.211294561625,0.330882340670,0.480902045965,0.577651202679,0.525877654552,0.392762273550,0.451700121164,0.419999480247,0.144102215767,0.025636181235,-0.189797013998,-0.467106997967,-0.505679249763,-0.589809596539,-0.633916020393,-0.575749993324,-0.591051936150,-0.452432632446,-0.173804134130,-0.023627961054,0.115712858737,0.194535568357,0.208765372634,0.447234362364,0.554689705372,0.473680377007,0.495717465878,0.496535807848,0.578495442867,0.405640780926,0.065600514412,-0.036521289498,-0.353934258223,-0.454650580883,-0.310916781425,-0.507867872715,-0.442827284336,-0.265597492456,-0.294184744358,-0.211676314473,-0.270330488682,-0.294925779104,-0.091946028173,-0.002139151562,0.098588906229,0.295108616352,0.421305507421,0.556022822857,0.602391004562,0.511554002762,0.572711646557,0.639809191227,0.508149087429,0.409245371819,0.208826526999,-0.112501412630,-0.222165554762,-0.426955252886,-0.681741893291,-0.613337576389,-0.615433514118,-0.554084718227,-0.263484895229,-0.132329091430,0.000546388386,0.100018598139,0.165317177773,0.356143414974,0.419468432665,0.472341686487,0.523196458817,0.450146377087,0.471758097410,0.506769716740,0.393957406282,0.232908368111,-0.007061137352,-0.373111516237,-0.546224534512,-0.620184898376,-0.709217727184,-0.588127493858,-0.656896114349,-0.656698346138,-0.448812484741,-0.574490249157,-0.530436336994,-0.428273320198,-0.303385078907,0.089480429888,0.028351688758,0.108658224344,0.384823948145,0.200413450599,0.289600431919,0.428657829762,0.365200489759,0.407777190208,0.201179981232,-0.054335247725,-0.129647806287,-0.328622996807,-0.439486831427,-0.304130315781,-0.435107201338,-0.485047191381,-0.246895790100,-0.323894500732,-0.112013347447,0.300870805979,0.283770829439,0.418540537357,0.514349520206,0.400521069765,0.559177935123,0.729924559593,0.724877119064,0.742761731148,0.658708095551,0.549652576447,0.571142494678,0.366715818644,0.138582020998,0.058700483292,-0.167839571834,-0.239866092801,-0.252629578114,-0.274586349726,-0.108450718224,-0.097049660981,-0.149166509509,-0.182240083814,-0.244247943163,-0.220937132835,-0.205514654517,-0.022819949314,0.206904232502,0.251252919436,0.366289615631,0.484881043434,0.452246218920,0.422231703997,0.382909715176,0.261601030827,0.128733485937,-0.010044130497,-0.136800840497,-0.262332320213,-0.457791447639,-0.597305059433,-0.703772008419,-0.841977953911,-0.729105710983,-0.461443364620,-0.290462374687,-0.094082035124,0.025354228914,0.106482721865,0.268237829208,0.375230669975,0.536675155163,0.646714091301,0.613318920135,0.581197142601,0.527826666832,0.539618849754,0.433066576719,0.102992236614,-0.199111759663,-0.357441753149,-0.287230879068,-0.272108316422,-0.437409102917,-0.494394838810,-0.475007683039,-0.426857143641,-0.395763307810,-0.448773175478,-0.403734773397,-0.222946420312,-0.082360528409,0.093790277839,0.343631863594,0.414229333401,0.498956739902,0.719913482666,0.669748544693,0.543882131577,0.581971466541,0.409165769815,0.173012539744,0.117001093924,-0.109976150095,-0.394036501646,-0.513335347176,-0.645573377609,-0.611759603024,-0.490365475416,-0.455132573843,-0.341195762157,-0.233996242285,0.041340287775,0.314006209373,0.289191395044,0.466394633055,0.630689322948,0.538796842098,0.668595910072,0.752274036407,0.606210529804,0.529577076435,0.369739145041,0.186606496572,0.100003354251,-0.098590143025,-0.262611210346,-0.360844820738,-0.454248219728,-0.361591637135,-0.223040193319,-0.210604593158,-0.289719671011,-0.401216953993,-0.443242996931,-0.345301717520,-0.212587326765,-0.097029224038,0.079292587936,0.153837770224,0.250806540251,0.444627642632,0.339765369892,0.177831456065,0.180147349834,0.083214648068,0.031958334148,0.051806982607,-0.078005634248,-0.239803150296,-0.382512539625,-0.596417486668,-0.689657032490,-0.605767250061,-0.452163189650,-0.291111230850,-0.237122297287,-0.061001747847,0.205826744437,0.313032746315,0.507950782776,0.674552857876,0.703415036201,0.867476105690,0.989947438240,0.915648579597,0.835962057114,0.761047542095,0.501762092113,0.221854016185,0.090257987380,-0.043164771050,-0.099047280848,-0.163207381964,-0.283594548702,-0.321452885866,-0.356304079294,-0.331957399845,-0.353663891554,-0.390858530998,-0.306278347969,-0.217052340508,-0.083366021514,0.067613236606,0.314330697060,0.414609909058,0.185642778873,0.214261144400,0.373175323009,0.200664639473,0.005074917804,0.022325078025,-0.134656444192,-0.485582917929,-0.546728074551,-0.633932352066,-0.824615359306,-0.828419566154,-0.858132660389,-0.695818781853,-0.489535689354,-0.410933583975,-0.094617567956,0.036228582263,-0.095671437681,0.104727961123,0.323623061180,0.195303454995,0.250119715929,0.399755030870,0.296839535236,0.371390253305,0.396277070045,0.213588938117,0.176488414407,0.021318256855,-0.113260552287,-0.108200192451,-0.168057113886,-0.081177808344,-0.070161335170,-0.144942089915,-0.022214479744,0.011038722470,-0.128864169121,-0.201268672943,-0.054284945130,0.083727121353,0.184145644307,0.399041026831,0.505672752857,0.601364195347,0.597049653530,0.511363208294,0.511236667633,0.351312458515,0.301626592875,0.238047197461,0.001559414668,-0.056221827865,-0.200886711478,-0.411805868149,-0.507622957230,-0.590000450611,-0.538560867310,-0.388604819775,-0.235064253211,-0.073209129274,0.071956202388,0.110595315695,0.098907142878,0.229972332716,0.361381411552,0.430217474699,0.548671126366,0.518359661102,0.364932626486,0.332776755095,0.239063680172,0.042915496975,-0.037605125457,-0.201454073191,-0.390585929155,-0.399443179369,-0.473080128431,-0.484021812677,-0.358395487070,-0.284579426050,-0.251237303019,-0.364142239094,-0.406034439802,-0.300359547138,-0.231989070773,-0.021182632074,0.206142410636,0.322829782963,0.376132726669,0.397292584181,0.492228209972,0.410003423691,0.303043007851,0.334447175264,0.146772176027,0.025718193501,0.048348486423,-0.197208151221,-0.467250049114,-0.542002141476,-0.631664335728,-0.545918762684,-0.288498163223,-0.340808242559,-0.291947871447,-0.004511995241,0.042458001524,0.229843407869,0.416870445013,0.334547400475,0.455867558718,0.592698574066,0.509030520916,0.476372629404,0.539888501167,0.436954557896,0.220247656107,0.069562293589,-0.185260906816,-0.268181860447,-0.267984360456,-0.384106963873,-0.260773539543,-0.365623950958,-0.425519317389,-0.206124886870,-0.322749823332,-0.195506796241,0.027912747115,0.096683755517,0.280016601086,0.207987561822,0.244444653392,0.318333387375,0.261732220650,0.292282670736,0.189814910293,0.171453848481,0.077999994159,-0.021695792675,-0.015762289986,-0.254958540201,-0.377483636141,-0.541436851025,-0.694217205048,-0.570313751698,-0.571895897388,-0.467111885548,-0.348418742418,-0.256156980991,-0.025568541139,0.019727781415,0.211980402470,0.444668859243,0.437244504690,0.512040913105,0.517536401749,0.499417096376,0.510794520378,0.358578413725,0.228492558002,0.071556098759,-0.175347983837,-0.285546183586,-0.341516911983,-0.430036902428,-0.490167081356,-0.549665272236,-0.433269441128,-0.222380265594,-0.181003108621,-0.096872128546,-0.063636168838,-0.198163107038,-0.075312569737,0.173147886992,0.219054579735,0.351706415415,0.588113725185,0.634888768196,0.707530140877,0.831639170647,0.696633517742,0.540746867657,0.431096434593,0.187499955297,-0.024575706571,-0.254592448473,-0.555466890335,-0.697101056576,-0.639530479908,-0.606379568577,-0.594051182270,-0.467945158482,-0.339728325605,-0.171489596367,0.060175266117,0.260371804237,0.368877291679,0.328966885805,0.384925246239,0.473752319813,0.377814829350,0.327662974596,0.299720436335,0.238049045205,0.102803193033,-0.226626500487,-0.448017120361,-0.563781917095,-0.652152061462,-0.595714330673,-0.587778985500,-0.516784071922,-0.421601682901,-0.415592133999,-0.318757593632,-0.382527649403,-0.423563241959,-0.221151962876,-0.097857564688,0.077632427216,0.203358829021,0.215510293841,0.330917656422,0.255990922451,0.171982929111,0.230453148484,0.087831072509,-0.019839249551,-0.050647947937,-0.219747900963,-0.319299906492,-0.300229221582,-0.358413398266,-0.481201797724,-0.478186517954,-0.426342219114,-0.355826616287,-0.117427334189,0.084099344909,0.207302659750,0.378342002630,0.528661847115,0.673519134521,0.655871808529,0.554625689983,0.620631814003,0.655671596527,0.661912798882,0.661986172199,0.529307425022,0.341908931732,0.057958688587,-0.196497738361,-0.262015610933,-0.289736449718,-0.322751373053,-0.340624541044,-0.355273932219,-0.376783877611,-0.381922543049,-0.328118324280,-0.329000413418,-0.291566461325,-0.070804014802,0.088120602071,0.177317529917,0.338053524494,0.424934923649,0.442475020885,0.450871527195,0.389570981264,0.258413344622,0.167835906148,0.079063259065,-0.146419659257,-0.288912028074,-0.401062011719,-0.602544009686,-0.720652878284,-0.877491414547,-0.818542122841,-0.592055380344,-0.533634483814,-0.335270106792,-0.199469968677,-0.087635785341,0.173644229770,0.247044473886,0.301333397627,0.277350455523,0.389320015907,0.647299110889,0.527157247066,0.574078679085,0.564966320992,0.181281253695,0.046000450850,-0.140826001763,-0.361225068569,-0.468835145235,-0.640624105930,-0.674846351147,-0.721437335014,-0.610425949097,-0.393831551075,-0.444376021624,-0.400686681271,-0.268170028925,-0.192470252514,-0.055011488497,0.112264595926,0.327870666981,0.428175538778,0.409332692623,0.343677103519,0.291722536087,0.425900578499,0.381603747606,0.155061930418,0.130372941494,-0.013834700920,-0.248997256160,-0.294176667929,-0.445248693228,-0.613037884235,-0.554758548737,-0.568239629269,-0.600966870785,-0.299234539270,-0.011970688589,-0.000279004627,0.139570832253,0.294219791889,0.304492503405,0.484174638987,0.626842021942,0.652946174145,0.695666968822,0.562622606754,0.425384700298,0.346092134714,0.223534688354,0.082039691508,-0.246816948056,-0.471479684114,-0.395530760288,-0.323635965586,-0.319090634584,-0.482967436314,-0.632915258408,-0.519950866699,-0.532908320427,-0.609688043594,-0.414432555437,-0.234543755651,-0.086588062346,0.176684632897,0.321319371462,0.336835712194,0.413567990065,0.464163661003,0.356993466616,0.261028379202,0.152746319771,0.013283778913,-0.051909897476,-0.236238852143,-0.435872882605,-0.629486441612,-0.872779667377,-0.913998305798,-0.820871293545,-0.703170955181,-0.603486478329,-0.461765676737,-0.177993804216,0.106742218137,0.254196643829,0.375000119209,0.645362079144,0.806275010109,0.908389687538,1.067069053650,0.951635658741,0.873007833958,0.829739749432,0.491286277771,0.219470545650,0.004756971728,-0.226328179240,-0.333252549171,-0.374982506037,-0.332742035389,-0.373726159334,-0.396866947412,-0.297917753458,-0.275233387947,-0.253710269928,-0.310889512300,-0.277431428432,-0.069768182933,0.066048979759,0.238828256726,0.268968790770,0.141023889184,0.003317038529,0.001456056139,0.204040721059,0.065230846405,-0.118860818446,-0.105900943279,-0.311942577362,-0.482560902834,-0.664669275284,-0.843214213848,-0.831396341324,-0.807000458241,-0.743528485298,-0.613972842693,-0.319872707129,-0.116146109998,-0.106114126742,0.105312995613,0.167223304510,0.034188620746,0.079081989825,0.118916608393,0.278320729733,0.388569653034,0.198260679841,0.204415455461,0.258345454931,0.188581153750,0.115396268666,-0.139519721270,-0.162343949080,-0.156434595585,-0.251060545444,-0.063317134976,-0.148040413857,-0.176171615720,-0.096399948001,-0.302324444056,-0.214082971215,-0.259570538998,-0.248905867338,0.111278258264,0.126857578754,0.282201349735,0.441221565008,0.366437882185,0.500217616558,0.460388094187,0.377743870020,0.479880660772,0.446979165077,0.191178932786,-0.023234555498,-0.061268426478,-0.178553789854,-0.245401084423,-0.338534355164,-0.504782080650,-0.517664074898,-0.551917314529,-0.411110341549,-0.203724503517,-0.185403257608,-0.158672109246,-0.135266900063,0.044247861952,0.308141201735,0.470626503229,0.627915084362,0.721169173717,0.603161215782,0.365475296974,0.336258053780,0.232596993446,-0.030880851671,-0.161166280508,-0.336911052465,-0.348690420389,-0.344310462475,-0.482829988003,-0.403347760439,-0.454905658960,-0.634512364864,-0.636525452137,-0.539306998253,-0.363983035088,-0.277289241552,-0.184425890446,0.048227429390,0.156522884965,0.114481449127,0.227479591966,0.330553561449,0.228136315942,0.290928274393,0.308906316757,0.128968432546,0.019535027444,-0.210376143456,-0.392403244972,-0.480992704630,-0.596798062325,-0.590025961399,-0.605149745941,-0.513051450253,-0.304630607367,-0.137142464519,0.061319403350,0.178782418370,0.179179549217,0.205432027578,0.327557563782,0.321712195873,0.378517746925,0.533236205578,0.369158864021,0.327312558889,0.309060811996,0.063606150448,0.063284449279,0.031575571746,-0.132865786552,-0.232019931078,-0.286845624447,-0.190964668989,-0.147846475244,-0.229011893272,-0.308488518000,-0.427239865065,-0.521696031094,-0.478955656290,-0.263245373964,0.024509213865,0.263193547726,0.407616525888,0.383674144745,0.278100699186,0.199254140258,0.188195750117,0.350277245045,0.345268815756,0.068143509328,-0.058753572404,-0.147477447987,-0.230134472251,-0.352704644203,-0.641874015331,-0.695469677448,-0.618651509285,-0.504137217999,-0.238698855042,-0.141979709268,-0.080482006073,0.067552402616,0.121329493821,0.132745683193,0.172501951456,0.263280183077,0.375468969345,0.475173890591,0.481084287167,0.477751195431,0.453617155552,0.198431760073,-0.021301822737,-0.232535451651,-0.464255869389,-0.388176590204,-0.371022105217,-0.420367181301,-0.300380676985,-0.185050964355,-0.116321459413,-0.212288588285,-0.191634848714,-0.059708327055,-0.011991924606,0.147937357426,0.237234562635,0.456196904182,0.680473327637,0.649522960186,0.734198749065,0.671660244465,0.562293052673,0.483456611633,0.198167145252,0.059146799147,-0.078559361398,-0.181449875236,-0.292257845402,-0.670567154884,-0.747619032860,-0.628606081009,-0.644747078419,-0.459213852882,-0.221951246262,-0.126755177975,0.039578758180,0.171855956316,0.211460292339,0.330439567566,0.346631288528,0.328384310007,0.374823778868,0.335265517235,0.304981440306,0.164452821016,-0.065116107464,-0.270014345646,-0.470922380686,-0.594576299191,-0.731151223183,-0.692240178585,-0.508388876915,-0.432952076197,-0.364676356316,-0.383684545755,-0.445595383644,-0.446914076805,-0.375693649054,-0.232532307506,-0.093221113086,0.082033053041,0.152568668127,0.207500174642,0.274018764496,0.182904154062,0.140451282263,0.051602847874,-0.042615573853,-0.007762350142,-0.078214101493,-0.116724707186,-0.073882520199,-0.202365130186,-0.360455363989,-0.265563189983,-0.115085966885,-0.133026123047,-0.210775285959,-0.121285222471,0.144774615765,0.212785229087,0.231953576207,0.372565269470,0.414321660995,0.533736705780,0.748185217381,0.843054115772,0.725261986256,0.683609306812,0.600335955620,0.187204211950,0.206622734666,0.228434950113,-0.221895560622,-0.088052399457,0.037699349225,-0.367686539888,-0.305915832520,-0.097295060754,-0.336456984282,-0.409423023462,-0.247887611389,-0.333915293217,-0.263013690710,0.018693923950,0.058202825487,0.175062090158,0.278220742941,0.173963904381,0.240933224559,0.340221047401,0.325792819262,0.293569236994,0.133320286870,-0.026382626966,0.014337748289,0.038818519562,-0.175423502922,-0.502066493034,-0.724552214146,-0.704594850540,-0.605679273605,-0.531674921513,-0.274983674288,-0.050257630646,0.024403566495,0.111772492528,0.172118529677,0.284054607153,0.318765938282,0.403038740158,0.487990647554,0.270668745041,0.347369790077,0.462804973125,0.205319255590,0.084202297032,-0.086164362729,-0.283082455397,-0.337820261717,-0.368689090014,-0.350237816572,-0.350598126650,-0.283559769392,-0.232917740941,-0.214183792472,-0.285544037819,-0.301658660173,0.045998860151,0.170531064272,0.207452222705,0.474815219641,0.410017162561,0.310376405716,0.399555832148,0.346232384443,0.346750110388,0.471233576536,0.430651932955,0.319916188717,0.239705741405,0.067532636225,-0.105894535780,-0.366279661655,-0.600886881351,-0.663715839386,-0.682170093060,-0.525554299355,-0.333541601896,-0.157200545073,0.006583414041,0.105657868087,0.322575390339,0.433977067471,0.494450956583,0.639094531536,0.710992932320,0.705639183521,0.596903324127,0.523813188076,0.455388426781,0.365828514099,0.126295208931,-0.117760851979,-0.010527892970,-0.175433382392,-0.320863366127,-0.142298415303,-0.319488883018,-0.328042596579,-0.206613644958,-0.404515028000,-0.476729810238,-0.420235782862,-0.269384235144,-0.116820901632,-0.098548904061,0.039302617311,0.256037265062,0.346743404865,0.329222381115,0.353401064873,0.290244311094,0.079001575708,0.085490711033,0.012881661765,-0.173242315650,-0.139690876007,-0.402125865221,-0.582967817783,-0.542244553566,-0.766550242901,-0.593388199806,-0.409025937319,-0.393253803253,0.014434673823,0.168067082763,0.358871549368,0.615778505802,0.531449794769,0.758926033974,0.898719370365,0.812424600124,0.841744422913,0.722048223019,0.693507313728,0.529565036297,0.173513740301,0.002764608245,-0.219243988395,-0.368485271931,-0.385279357433,-0.439060866833,-0.446236431599,-0.342068195343,-0.223498389125,-0.334080308676,-0.351486980915,-0.197413131595,-0.081168390810,0.161127075553,0.212921410799,0.173139825463,0.215062066913,0.156047493219,0.240511521697,0.186088487506,0.111478067935,0.296410650015,0.101941943169,-0.195481166244,-0.149670585990,-0.168585777283,-0.323774904013,-0.520036220551,-0.681947648525,-0.717661082745,-0.615597128868,-0.404827564955,-0.248163640499,-0.154859170318,-0.134907811880,-0.090082660317,0.085885666311,0.122203804553,0.148147642612,0.286585450172,0.328753441572,0.448192954063,0.564074695110,0.504034519196,0.454711884260,0.355694979429,0.159656748176,-0.004787707701,-0.109064497054,-0.114257231355,-0.017009725794,-0.046404454857,-0.203239813447,-0.160261437297,-0.252361774445,-0.481841295958,-0.333145231009,-0.364948749542,-0.452917575836,-0.119428567588,0.006522755604,0.087230741978,0.331223934889,0.508720397949,0.637350320816,0.601643800735,0.672539591789,0.677265286446,0.435850441456,0.309540450573,0.136192291975,-0.123549520969,-0.337087392807,-0.460717767477,-0.578143656254,-0.628012895584,-0.533353149891,-0.592132508755,-0.377363294363,-0.038444697857,-0.064905591309,0.131987541914,0.226314797997,0.142074421048,0.396708101034,0.435089617968,0.468732416630,0.740387856960,0.688400506973,0.657094061375,0.644982397556,0.325361430645,0.093288354576,-0.146894276142,-0.344938069582,-0.292327314615,-0.410889267921,-0.436025202274,-0.218568727374,-0.264875918627,-0.293384045362,-0.287945359945,-0.476528316736,-0.377720177174,-0.113828949630,0.064150214195,0.296912997961,0.381488472223,0.458086282015,0.560745477676,0.404407888651,0.303593724966,0.277127563953,0.117899492383,0.094471313059,0.070336021483,-0.133827984333,-0.264079570770,-0.419450670481,-0.617899358273,-0.582632005215,-0.533857524395,-0.534690260887,-0.417344242334,-0.298547327518,-0.077169701457,0.110263809562,0.200578838587,0.392406761646,0.504985332489,0.626376271248,0.684145033360,0.554892241955,0.567200779915,0.670325815678,0.669393599033,0.473070085049,0.200657486916,-0.031766958535,-0.321665108204,-0.448297291994,-0.382211148739,-0.404189199209,-0.469462811947,-0.315229356289,-0.199609309435,-0.393905729055,-0.424871295691,-0.380348980427,-0.368836581707,-0.078199245036,0.098090991378,0.252425342798,0.514923512936,0.379209846258,0.235573738813,0.461098790169,0.426888167858,0.270772755146,0.475266993046,0.273586481810,-0.117571644485,-0.111349165440,-0.365636318922,-0.552942156792,-0.531117618084,-0.631096422672,-0.567621707916,-0.478473186493,-0.304378688335,-0.085012681782,0.066731423140,0.241324082017,0.311284720898,0.404659837484,0.456167727709,0.539532005787,0.680077672005,0.630113720894,0.618127167225,0.565813660622,0.372450470924,0.150435104966,-0.101456031203,-0.234216839075,-0.327910512686,-0.345377862453,-0.318047940731,-0.339199513197,-0.241367280483,-0.187577143312,-0.078812889755,0.052136547863,0.029421025887,0.208164051175,0.344357877970,0.391719698906,0.591811358929,0.673897683620,0.686299920082,0.611500024796,0.553647756577,0.470034569502,0.252327889204,0.277261108160,0.137482374907,-0.141626745462,-0.167974039912,-0.353633701801,-0.523880541325,-0.590969681740,-0.614144384861,-0.441714525223,-0.285193026066,-0.081301167607,0.054871827364,0.093008235097,0.255438208580,0.368258893490,0.428081482649,0.399887531996,0.348921090364,0.327171474695,0.270049095154,0.314633309841,0.119623161852,-0.129028484225,-0.106491558254,-0.206403747201,-0.335570871830,-0.440631002188,-0.437077015638,-0.352337867022,-0.442225277424,-0.349467158318,-0.224962905049,-0.343504667282,-0.447321355343,-0.421676963568,-0.282984375954,-0.207076415420,-0.101543709636,0.004981799982,0.014950028621,0.182775065303,0.346567541361,0.409224063158,0.378845185041,0.249280512333,0.287976264954,0.345273315907,0.242354527116,0.083766065538,-0.000749003491,-0.041125897318,-0.228391155601,-0.370295643806,-0.428715229034,-0.505577504635,-0.332520127296,-0.026210749522,0.127322182059,0.252683967352,0.351068288088,0.379571408033,0.446150571108,0.466688185930,0.532678306103,0.589644551277,0.451433837414,0.451067894697,0.437196612358,0.289732933044,0.235354274511,-0.000689938082,-0.186032995582,-0.232491835952,-0.291064172983,-0.157861039042,-0.186876133084,-0.274541974068,-0.233133256435,-0.363178372383,-0.399742633104,-0.305759489536,-0.311164140701,-0.239573553205,-0.037911869586,0.052234712988,0.187852844596,0.335907727480,0.210153490305,0.242549717426,0.223621800542,0.037603314966,0.109735444188,-0.032849747688,-0.266202062368,-0.363717645407,-0.526061177254,-0.583848476410,-0.623765528202,-0.605872690678,-0.551356911659,-0.454238891602,-0.234600886703,-0.077311247587,0.100611053407,0.272268623114,0.365521341562,0.393481910229,0.355718851089,0.343363493681,0.379242241383,0.470267236233,0.491202592850,0.535345375538,0.471252620220,0.040831983089,-0.234003946185,-0.320905715227,-0.507142186165,-0.498381435871,-0.440615534782,-0.468498647213,-0.397646427155,-0.416496038437,-0.392301768064,-0.251077771187,-0.254719763994,-0.142674773932,0.009790659882,0.081894420087,0.301660656929,0.404523998499,0.436728894711,0.517757833004,0.404940575361,0.252146571875,0.234178885818,0.146880924702,-0.033322717994,-0.051410514861,-0.094385549426,-0.276449829340,-0.478352725506,-0.677418708801,-0.627312541008,-0.579519808292,-0.497148007154,-0.220177367330,-0.195290744305,-0.050100669265,0.235524401069,0.327805459499,0.378938257694,0.339023202658,0.412347197533,0.456874489784,0.439053744078,0.443518996239,0.311921924353,0.261419743299,0.096337527037,-0.024772884324,-0.092981755733,-0.327956914902,-0.357746988535,-0.449426710606,-0.426733821630,-0.289036661386,-0.332120269537,-0.239132076502,-0.388234555721,-0.422465473413,-0.129585906863,-0.032393265516,0.219605997205,0.360223531723,0.294933676720,0.380932778120,0.397990494967,0.471797138453,0.520100474358,0.396557569504,0.247403249145,0.045239157975,-0.119853131473,-0.223694548011,-0.231055289507,-0.323831886053,-0.553591072559,-0.543957531452,-0.498048037291,-0.402773797512,-0.149944588542,0.036514516920,0.346232533455,0.518498241901,0.569061934948,0.808122456074,0.875088334084,0.917655646801,0.971643805504,0.816412448883,0.738796710968,0.639098882675,0.382301062346,0.168803110719,-0.024702204391,-0.228993281722,-0.375868976116,-0.509484052658,-0.553141176701,-0.499915093184,-0.560815095901,-0.481562137604,-0.237839415669,-0.298959553242,-0.372341513634,-0.224781394005,-0.148159161210,-0.074080601335,-0.008991031907,-0.061366476119,-0.037979595363,0.072447828948,0.050710026175,0.033271022141,0.046761728823,-0.038104280829,-0.073192410171,-0.232851639390,-0.388948798180,-0.412044316530,-0.582149207592,-0.608642220497,-0.594938278198,-0.720922291279,-0.698588907719,-0.551539301872,-0.297424584627,-0.044977102429,0.058624006808,0.068464726210,0.160858094692,0.232599332929,0.222426682711,0.348913609982,0.372481524944,0.506141901016,0.777810633183,0.617044210434,0.497616887093,0.436745971441,0.089648708701,-0.000875580357,-0.080805584788,-0.294464170933,-0.157997563481,-0.060933358967,-0.069818422198,-0.012820614502,-0.114220619202,-0.121951974928,-0.140197157860,-0.212727114558,-0.075258322060,0.023222759366,0.224494054914,0.414812654257,0.346172809601,0.433279037476,0.468288451433,0.328861922026,0.339379310608,0.332387268543,0.217172965407,-0.000625400862,-0.300240546465,-0.505827665329,-0.639763057232,-0.733210563660,-0.744493126869,-0.721424460411,-0.671411335468,-0.543937861919,-0.330296754837,-0.144761726260,0.012818807736,0.228376552463,0.290279299021,0.226027473807,0.296086311340,0.398223608732,0.520224213600,0.593269765377,0.471787333488,0.377976208925,0.254557102919,0.008905454539,-0.140327543020,-0.277452111244,-0.385219693184,-0.355448246002,-0.394797205925,-0.453015297651,-0.413395911455,-0.429666578770,-0.449615478516,-0.410919487476,-0.393047034740,-0.286425650120,-0.116572216153,0.051724508405,0.251246094704,0.315897881985,0.293654978275,0.283750742674,0.277253657579,0.230466082692,0.088873550296,0.116601034999,0.075933739543,-0.138149604201,-0.170481637120,-0.365360826254,-0.593381106853,-0.605551064014,-0.653219997883,-0.569409787655,-0.389044612646,-0.253185331821,-0.092333160341,0.075374215841,0.132928907871,0.193030938506,0.356426805258,0.355403542519,0.370372325182,0.406644999981,0.397143393755,0.525252282619,0.406196773052,0.254357099533,0.165754556656,-0.093276992440,-0.096848487854,-0.129405796528,-0.283095449209,-0.213196575642,-0.255438417196,-0.381721347570,-0.353588491678,-0.374024868011,-0.433445513248,-0.386366188526,-0.378272265196,-0.278432130814,-0.031890049577,0.170808807015,0.306970894337,0.286270946264,0.315762072802,0.305436283350,0.279590010643,0.437726914883,0.325902760029,0.219517335296,0.081251531839,-0.258867412806,-0.337821722031,-0.499750912189,-0.611391663551,-0.680866241455,-0.782691657543,-0.584597826004,-0.592317044735,-0.461160749197,-0.218370527029,-0.198852911592,0.029987543821,0.002384899184,0.073349937797,0.313604742289,0.272467732430,0.501082122326,0.517052292824,0.315520346165,0.325418621302,0.195398792624,0.001069395686,-0.207597821951,-0.322879493237,-0.409737706184,-0.391048520803,-0.310849398375,-0.392567515373,-0.221393644810,-0.137691915035,-0.098662219942,-0.001465347246,-0.178651034832,0.060684252530,0.316113024950,0.373880267143,0.606399893761,0.530545651913,0.524246931076,0.603789329529,0.473824024200,0.415161401033,0.364965021610,0.225910231471,0.094644300640,0.085584640503,-0.075966224074,-0.312492281199,-0.461788147688,-0.581870138645,-0.470209360123,-0.394896268845,-0.288504987955,-0.162646532059,-0.158906564116,0.021152839065,0.101882450283,0.082078434527,0.063633389771,0.118686169386,0.274615854025,0.283589720726,0.314842998981,0.229123950005,0.253705739975,0.375837922096,0.182232394814,-0.010124085471,-0.283301949501,-0.312009334564,-0.220167785883,-0.422633647919,-0.399604916573,-0.520705223083,-0.638398826122,-0.495755881071,-0.511318027973,-0.431149303913,-0.437813758850,-0.429429143667,-0.259593248367,-0.155395880342,0.047116678208,0.139939039946,0.222388640046,0.346862584352,0.370506078005,0.390405029058,0.216302111745,0.097493134439,0.100072987378,0.072619140148,0.023731144145,-0.273886680603,-0.465599358082,-0.479392021894,-0.536255776882,-0.408124029636,-0.222998410463,-0.072437927127,0.043656267226,0.191215276718,0.411179840565,0.446445375681,0.477308064699,0.556845843792,0.559262633324,0.622028052807,0.609416484833,0.596134305000,0.595377564430,0.362699747086,0.140035554767,-0.061896059662,-0.317892640829,-0.350262045860,-0.433123081923,-0.597546398640,-0.493314862251,-0.353585720062,-0.249491304159,-0.271465867758,-0.441584020853,-0.423164010048,-0.271581858397,0.066217444837,0.387913912535,0.385470211506,0.372342675924,0.366994529963,0.351381391287,0.356408804655,0.262958914042,0.116474919021,-0.029461352155,-0.133197396994,-0.318486720324,-0.463695645332,-0.600280821323,-0.789586663246,-0.715406179428,-0.700897514820,-0.657225847244,-0.423058271408,-0.369948893785,-0.207011312246,0.049703031778,0.203062996268,0.235586792231,0.201787576079,0.325198680162,0.400740891695,0.437565475702,0.426085025072,0.313723266125,0.286848932505,0.211886972189,0.014743982814,-0.256114959717,-0.390196621418,-0.384667336941,-0.428738325834,-0.409369975328,-0.320870935917,-0.207881703973,-0.189083397388,-0.238327398896,-0.258493185043,-0.187193050981,0.035153865814,0.113731302321,0.249491438270,0.384268403053,0.281112790108,0.372480571270,0.389557689428,0.378738462925,0.388532668352,0.121610984206,0.055758073926,-0.055273350328,-0.240385308862,-0.240542411804,-0.451486706734,-0.626212358475,-0.587028861046,-0.517527043819,-0.482741355896,-0.359641909599,-0.116994507611,0.028282735497,0.181345120072,0.308155268431,0.399152487516,0.474206954241,0.510727524757,0.646005928516,0.611306250095,0.473704248667,0.380529612303,0.218035787344,0.140163853765,0.034250892699,-0.155998080969,-0.439684808254,-0.623582243919,-0.492614209652,-0.448186218739,-0.449876010418,-0.380349844694,-0.358567655087,-0.331375390291,-0.322170764208,-0.244007334113,-0.241751506925,-0.132761329412,0.188850596547,0.269135653973,0.345702469349,0.434117466211,0.376662492752,0.463073611259,0.461016863585,0.244227245450,0.123242244124,0.115231946111,-0.043294165283,-0.200850680470,-0.250499337912,-0.497032999992,-0.659234344959,-0.594078838825,-0.511883735657,-0.336568236351,-0.107395246625,0.084497503936,0.266434580088,0.564545989037,0.649150431156,0.643953382969,0.869267523289,0.650429964066,0.499204963446,0.750074863434,0.583724677563,0.440859973431,0.402045398951,0.043562889099,-0.205663442612,-0.176881656051,-0.233228698373,-0.344739317894,-0.285713285208,-0.349827468395,-0.330978810787,-0.235860332847,-0.352163136005,-0.245493188500,-0.287164449692,-0.424745291471,-0.225092262030,-0.054005827755,0.048736039549,-0.004103230312,0.054163694382,0.147887334228,0.064994461834,0.118240028620,0.057830832899,0.056890968233,0.013738503680,-0.187657430768,-0.186044931412,-0.356400758028,-0.633166313171,-0.742324471474,-0.748579740524,-0.763708710670,-0.656566321850,-0.379083722830,-0.237857356668,0.029605651274,0.138473629951,0.096261538565,0.273264318705,0.348199963570,0.641040861607,0.775952160358,0.676452934742,0.780095398426,0.702721238136,0.733460366726,0.679918646812,0.406515091658,0.162229642272,-0.180258080363,-0.264852106571,-0.261780172586,-0.225688427687,-0.091476745903,-0.170833379030,-0.219364792109,-0.230325013399,-0.229175701737,-0.121900476515,-0.038761433214,0.120803900063,0.302085250616,0.393495589495,0.458069562912,0.523519694805,0.638631701469,0.697443366051,0.605645060539,0.501805067062,0.312094688416,-0.019533837214,-0.261516034603,-0.427220642567,-0.514284610748,-0.635360896587,-0.803580045700,-0.675058841705,-0.639546632767,-0.598641812801,-0.191421076655,-0.116377487779,-0.199331879616,0.035070452839,0.138418555260,0.080696225166,0.332707822323,0.616866111755,0.555057406425,0.575140893459,0.543678879738,0.434998035431,0.467127054930,0.277060240507,0.130784928799,-0.048162702471,-0.344253301620,-0.282535433769,-0.210751935840,-0.319707870483,-0.401685267687,-0.430073469877,-0.524240553379,-0.490984976292,-0.272687971592,-0.303507685661,-0.120536319911,0.111436389387,0.066850431263,0.357363581657,0.456849336624,0.374472767115,0.493713319302,0.380739390850,0.328533053398,0.330484449863,0.087721727788,-0.051200650632,-0.102001957595,-0.296305090189,-0.352067440748,-0.363794684410,-0.567119777203,-0.547950387001,-0.380405932665,-0.251436918974,-0.127281844616,-0.097259096801,0.121570654213,0.300674408674,0.290830582380,0.445623487234,0.496994227171,0.423560261726,0.522881031036,0.618587613106,0.584495842457,0.484675168991,0.276877284050,0.094154246151,-0.059834267944,-0.298269301653,-0.288330823183,-0.288907051086,-0.368618875742,-0.099607989192,-0.182623982430,-0.431005209684,-0.355915844440,-0.545374095440,-0.467339366674,-0.123156741261,-0.051819127053,0.212142899632,0.430696457624,0.526652932167,0.677209258080,0.553598225117,0.410129040480,0.349211871624,0.204844474792,0.125594422221,0.063842527568,-0.073599852622,-0.255489766598,-0.427020192146,-0.603606760502,-0.778391301632,-0.746693551540,-0.611119449139,-0.568933308125,-0.444658160210,-0.204204186797,-0.022354276851,0.048707183450,0.199487581849,0.413920104504,0.467568129301,0.551792204380,0.728097259998,0.750697731972,0.605709016323,0.510874867439,0.523156046867,0.335625469685,-0.035439178348,-0.139266163111,-0.078320525587,-0.276626378298,-0.252611935139,0.027485953644,-0.064453221858,0.094680890441,0.332325637341,0.080197505653,0.100012458861,0.225085660815,0.228761419654,0.346896499395,0.380637556314,0.443233430386,0.443523496389,0.408317267895,0.467798680067,0.425022125244,0.361677050591,0.271273136139,0.141334831715,0.065721750259,-0.054532557726,-0.174208119512,-0.259600758553,-0.333863288164,-0.360429346561,-0.394641101360,-0.393209785223,-0.417307674885,-0.360858261585,-0.107758924365,-0.084548600018,-0.099746629596,0.076342388988,0.064130790532,0.057733677328,0.229239895940,0.378095000982,0.415941148996,0.300395101309,0.126804128289,0.071472890675,-0.031197480857,-0.253250479698,-0.280509918928,-0.372584789991,-0.557099223137,-0.457212656736,-0.432486474514,-0.518691480160,-0.478535443544,-0.543063759804,-0.574315011501,-0.354214429855,-0.250141054392,-0.223173186183,0.039902899414,0.243799522519,0.430285573006,0.532725453377,0.391268134117,0.478144884109,0.497564375401,0.341068387032,0.341915875673,0.253741025925,0.192707657814,0.074171952903,-0.139465913177,-0.282195508480,-0.488771677017,-0.515474140644,-0.481947749853,-0.325829863548,0.066392801702,0.000365506305,-0.107400737703,0.263696283102,0.451655030251,0.456218570471,0.683446347713,0.807690143585,0.630778551102,0.707996845245,0.836835324764,0.549083769321,0.412696570158,0.270910918713,0.007183877751,-0.017406485975,-0.267470121384,-0.438846737146,-0.277517020702,-0.375183492899,-0.449111938477,-0.270103454590,-0.290397524834,-0.441817045212,-0.381094992161,-0.304600715637,-0.244096696377,0.059704486281,0.285117954016,0.309326976538,0.459453433752,0.566578865051,0.502973854542,0.454502105713,0.390989452600,0.239413529634,0.085881844163,-0.028058955446,-0.163786143064,-0.262262642384,-0.468992441893,-0.699498593807,-0.620846152306,-0.596132695675,-0.477265655994,-0.104482740164,-0.085642606020,-0.081308692694,0.143672019243,0.248243778944,0.336518704891,0.329013466835,0.262228965759,0.319625377655,0.385643720627,0.399950146675,0.304387539625,0.090335749090,-0.016074419022,-0.071448929608,-0.269366204739,-0.370898723602,-0.441190838814,-0.469995975494,-0.213133990765,-0.135088354349,-0.206735610962,-0.148678988218,-0.244505330920,-0.301002562046,-0.143969148397,-0.037612944841,0.014174554497,0.270829707384,0.451303392649,0.347127914429,0.428740620613,0.404331982136,0.253546684980,0.382272660732,0.299982607365,0.174496725202,0.058316949755,-0.199086561799,-0.251367628574,-0.487153351307,-0.635486066341,-0.556341111660,-0.618826568127,-0.449753880501,-0.307947725058,-0.174481213093,0.089735157788,0.212077349424,0.276163488626,0.263616561890,0.446355253458,0.545303225517,0.508279144764,0.636781930923,0.503751039505,0.510267615318,0.575304210186,0.368108004332,0.158450722694,-0.213343739510,-0.389241069555,-0.448227345943,-0.488402664661,-0.373805463314,-0.414673119783,-0.361348092556,-0.404194027185,-0.460917204618,-0.280656933784,-0.200169548392,-0.023809151724,0.096088536084,0.223631501198,0.484514862299,0.494199603796,0.470373570919,0.448264598846,0.390044748783,0.362062662840,0.253196805716,0.169598117471,0.041561082006,-0.094505675137,-0.140588417649,-0.221334591508,-0.321898132563,-0.392437666655,-0.353411525488,-0.173123091459,0.011093902402,0.152355358005,0.311684101820,0.415682286024,0.498168319464,0.583867788315,0.508687198162,0.524351596832,0.573026061058,0.454117864370,0.521246910095,0.445798486471,0.159638136625,0.081953354180,-0.066247478127,-0.264638453722,-0.361056566238,-0.396040886641,-0.438538521528,-0.478943347931,-0.368961721659,-0.413090407848,-0.474664628506,-0.445322245359,-0.544737339020,-0.452234268188,-0.352293908596,-0.260531723499,-0.093183882535,-0.109944649041,0.018889177591,0.151697337627,0.132942423224,0.187384024262,0.159153044224,0.042795799673,-0.063684366643,-0.099529683590,-0.161375418305,-0.292812883854,-0.413030087948,-0.561573565006,-0.655958533287,-0.638465344906,-0.495046555996,-0.343202233315,-0.240422978997,-0.138197049499,-0.095490358770,0.052611209452,0.284579724073,0.437446922064,0.623311638832,0.776491403580,0.789770305157,0.896871864796,0.921365141869,0.660022497177,0.619019150734,0.469941049814,0.030727844685,-0.062379628420,-0.183177784085,-0.300719201565,-0.200285673141,-0.301797896624,-0.336016446352,-0.268964767456,-0.257007628679,-0.169974908233,-0.115530334413,-0.027563685551,0.162607654929,0.289994567633,0.314865618944,0.367455422878,0.485830664635,0.623738408089,0.620021462440,0.446511417627,0.336628198624,0.225064709783,0.117936670780,0.061486333609,-0.095729678869,-0.322401016951,-0.582583904266,-0.682340741158,-0.689760804176,-0.732438802719,-0.577027976513,-0.454498231411,-0.320194751024,-0.066198676825,0.027785390615,0.203749552369,0.295924127102,0.253237545490,0.473218291998,0.599404811859,0.620124042034,0.647224664688,0.476161748171,0.243199452758,-0.003893321380,-0.122453495860,-0.293401867151,-0.567708194256,-0.525651752949,-0.474680274725,-0.476216495037,-0.341641545296,-0.324988543987,-0.352060556412,-0.339811235666,-0.312683075666,-0.165196701884,0.002562409965,0.020474845544,0.120286770165,0.317286252975,0.353914171457,0.427742540836,0.400559872389,0.300534427166,0.325847148895,0.150134399533,0.085357196629,0.007263895590,-0.273434102535,-0.291536390781,-0.449736565351,-0.587188482285,-0.528519988060,-0.648408412933,-0.567415654659,-0.425691485405,-0.313472330570,-0.048965636641,0.123092152178,0.302059471607,0.483393311501,0.495892703533,0.480607450008,0.535750269890,0.534110069275,0.565434575081,0.535679101944,0.349736362696,0.272972762585,0.073908708990,-0.118598788977,-0.248521551490,-0.470577716827,-0.455048739910,-0.524095773697,-0.536848962307,-0.461681097746,-0.577651679516,-0.478768676519,-0.496061414480,-0.489982813597,-0.268940657377,-0.186958491802,0.003288287669,0.177850991488,0.316633582115,0.417076557875,0.378432124853,0.315122872591,0.205211490393,0.167411625385,0.002112642862,-0.135994389653,-0.152548506856,-0.397836118937,-0.533555686474,-0.594033598900,-0.753152012825,-0.788385987282,-0.744116306305,-0.619676887989,-0.466839611530,-0.277291983366,-0.088985830545,0.027933491394,0.270021915436,0.467324525118,0.564417481422,0.700797975063,0.636882781982,0.622210025787,0.660997688770,0.436947017908,0.330633014441,0.131554827094,-0.109537109733,-0.144855573773,-0.393925875425,-0.297638654709,-0.091429077089,-0.157678276300,0.062350794673,0.016155293211,-0.039615567774,0.111444108188,-0.030736427754,0.038291856647,0.173043340445,0.251528114080,0.352548539639,0.271819084883,0.359078228474,0.417694956064,0.360573470592,0.322652310133,0.186099797487,0.228129282594,0.182475030422,-0.004734591581,-0.150967851281,-0.465521663427,-0.557611167431,-0.603947579861,-0.758613765240,-0.670486986637,-0.687805175781,-0.657278418541,-0.468996644020,-0.308243542910,-0.095845095813,-0.045068152249,-0.002322643762,0.059598568827,0.130515679717,0.278195202351,0.259963780642,0.345388770103,0.426276594400,0.324169695377,0.246748328209,0.034337975085,-0.109679795802,-0.217630535364,-0.395162463188,-0.336038649082,-0.379948198795,-0.541862368584,-0.468396097422,-0.416173875332,-0.418637007475,-0.403607517481,-0.417064279318,-0.297389984131,-0.131336748600,0.081451073289,0.374703079462,0.487727850676,0.604330003262,0.635422766209,0.413177460432,0.486138135195,0.538144052029,0.357462406158,0.393278360367,0.222752049565,-0.072644017637,-0.194554939866,-0.460649132729,-0.606693685055,-0.503991961479,-0.508576631546,-0.482176780701,-0.197310328484,0.008636521176,0.113068625331,0.291074603796,0.291878014803,0.261016666889,0.319405019283,0.416930586100,0.602689862251,0.618811964989,0.548069298267,0.444113761187,0.228243857622,0.133998572826,0.014543127269,-0.208688691258,-0.378727078438,-0.472391307354,-0.509742200375,-0.504996180534,-0.391240328550,-0.372782021761,-0.358303368092,-0.267704814672,-0.393618792295,-0.320983052254,-0.077542014420,-0.057825393975,0.054805282503,0.194086417556,0.280194044113,0.350136518478,0.332426190376,0.329269260168,0.158495157957,0.064619891346,0.067597173154,-0.175460055470,-0.263005852699,-0.347249478102,-0.598266899586,-0.703203439713,-0.713561236858,-0.629935085773,-0.555455029011,-0.443579435349,-0.316876292229,-0.170552805066,0.083653062582,0.119618788362,0.174920663238,0.262778282166,0.282504558563,0.476645916700,0.478339523077,0.487548291683,0.502945184708,0.338555842638,0.277524918318,0.041893802583,-0.094638280571,-0.250020593405,-0.488464772701,-0.325471460819,-0.341644048691,-0.279125690460,-0.120225086808,-0.292634814978,-0.361971378326,-0.478941708803,-0.407901883125,-0.253151148558,-0.129777058959,0.254709988832,0.266893774271,0.260876864195,0.431490719318,0.418308138847,0.442492395639,0.329480499029,0.265886574984,0.232992336154,0.163776934147,0.055349357426,-0.268833726645,-0.343540728092,-0.409581065178,-0.552520632744,-0.533883631229,-0.532886207104,-0.392073869705,-0.354883104563,-0.244099199772,-0.013472417369,0.064183995128,0.316935181618,0.392598867416,0.304794073105,0.358183145523,0.424269706011,0.501980781555,0.406521677971,0.321631699800,0.191095948219,-0.034485679120,-0.161408424377,-0.415463179350,-0.520503401756,-0.497238248587,-0.543795466423,-0.438598215580,-0.325603663921,-0.299104005098,-0.351614445448,-0.344031155109,-0.276375830173,-0.194745123386,-0.055400982499,-0.007101485971,0.136016130447,0.201952025294,0.188359931111,0.374452531338,0.364640921354,0.228466391563,0.162175014615,0.140596285462,0.078619517386,-0.074436455965,-0.073530316353,-0.177384376526,-0.270074248314,-0.209267958999,-0.329577863216,-0.340388089418,-0.240107864141,-0.139031007886,-0.016617996618,0.039388723671,0.238956570625,0.448812574148,0.536706745625,0.511712014675,0.477841407061,0.554890871048,0.526156246662,0.564131438732,0.528727531433,0.284616351128,0.240183234215,0.116478092968,-0.104543440044,-0.214481890202,-0.361335903406,-0.405259460211,-0.413793861866,-0.391901582479,-0.301461249590,-0.318174868822,-0.412596762180,-0.526475727558,-0.569025754929,-0.463875055313,-0.219970658422,-0.061986207962,-0.028004582971,0.109898298979,0.217189967632,0.291164964437,0.306158065796,0.251448869705,0.178967595100,-0.041999783367,-0.078109845519,-0.111421033740,-0.378776848316,-0.519841074944,-0.738076448441,-0.911800563335,-0.813010454178,-0.715356707573,-0.646373391151,-0.492425531149,-0.243253812194,-0.034790661186,0.144667774439,0.208229735494,0.261912435293,0.481187552214,0.481106847525,0.487015694380,0.616422414780,0.525111079216,0.421683371067,0.299372851849,0.146784126759,0.003182156710,-0.160266593099,-0.184796988964,-0.214285880327,-0.318849384785,-0.337183326483,-0.255174219608,-0.234512522817,-0.256524056196,-0.198937281966,-0.161461919546,-0.075661554933,0.123092353344,0.409045934677,0.638158917427,0.705343484879,0.786307036877,0.716507256031,0.565176844597,0.580965936184,0.537818431854,0.360171794891,0.081513017416,-0.178727254272,-0.336049020290,-0.481625050306,-0.625783860683,-0.761703431606,-0.815139830112,-0.756529986858,-0.495411992073,-0.206397995353,-0.086842387915,0.160770028830,0.353529810905,0.472888022661,0.688187777996,0.645917415619,0.611413240433,0.639251768589,0.566075503826,0.573982834816,0.344680964947,0.089635722339,-0.038403075188,-0.336141973734,-0.515046954155,-0.628741741180,-0.685721218586,-0.589198708534,-0.536591112614,-0.455563843250,-0.470776379108,-0.488215267658,-0.456673294306,-0.510256886482,-0.306878924370,-0.028222283348,0.072252102196,0.196697145700,0.306851297617,0.308235645294,0.316633552313,0.454890698195,0.390859335661,0.261011540890,0.265434354544,-0.043259758502,-0.210522040725,-0.291462242603,-0.543895006180,-0.430204182863,-0.578727960587,-0.697151422501,-0.396989494562,-0.495897531509,-0.341614931822,0.019928518683,0.088346973062,0.357895731926,0.518651962280,0.535724878311,0.572260439396,0.546495497227,0.595591247082,0.658389806747,0.687104821205,0.508802831173,0.338769823313,0.250335782766,-0.030588315800,-0.175963670015,-0.222889721394,-0.293013840914,-0.352159529924,-0.458040297031,-0.436552613974,-0.429413825274,-0.420706838369,-0.378947943449,-0.274348735809,-0.031730584800,0.015504213050,0.144115075469,0.347609758377,0.280868738890,0.313418239355,0.372594147921,0.370495498180,0.410104960203,0.292289376259,0.143604561687,0.111180461943,0.015465297736,-0.287585496902,-0.575696408749,-0.670119464397,-0.672482371330,-0.680563926697,-0.779955267906,-0.695439815521,-0.439154654741,-0.356637805700,-0.134775400162,0.147396147251,0.215600818396,0.403792738914,0.587809503078,0.656904757023,0.756408393383,0.715478718281,0.611301898956,0.542715013027,0.463684588671,0.386888325214,0.192129075527,-0.025170419365,-0.117288060486,-0.149606212974,-0.124833516777,-0.174792692065,-0.221682295203,-0.066863559186,-0.087824657559,-0.191381484270,-0.072409011424,-0.096778936684,-0.085403278470,0.136748358607,0.296526551247,0.429261207581,0.397186428308,0.348197609186,0.563050985336,0.585705518723,0.345537602901,0.306330800056,0.197034791112,-0.122544415295,-0.144879773259,-0.221984535456,-0.557375788689,-0.621869683266,-0.694338381290,-0.809608459473,-0.735398292542,-0.616649866104,-0.410966575146,-0.388388007879,-0.272781819105,0.058464355767,0.024609621614,0.093479514122,0.325294494629,0.209941551089,0.213480398059,0.471467912197,0.471550285816,0.421426504850,0.486451059580,0.212370797992,-0.033873192966,-0.124170124531,-0.315178722143,-0.293426722288,-0.354183793068,-0.446001499891,-0.300784498453,-0.217353746295,-0.206843778491,-0.309169530869,-0.339179843664,-0.216475546360,-0.100287400186,0.167856052518,0.440961569548,0.565746068954,0.673376321793,0.703387558460,0.523495316505,0.397384256124,0.440699428320,0.319074392319,0.206805527210,0.101966105402,-0.146084070206,-0.263901323080,-0.442062586546,-0.534881532192,-0.420848637819,-0.504698514938,-0.511676609516,-0.329269498587,-0.225683733821,0.019577834755,0.434001863003,0.503806412220,0.414244711399,0.557092785835,0.534595429897,0.549386978149,0.653103947639,0.517657339573,0.484373360872,0.384089469910,0.199194610119,0.040116734803,-0.290625691414,-0.396377861500,-0.416289061308,-0.560554087162,-0.538734912872,-0.455187290907,-0.361533403397,-0.335347682238,-0.358940392733,-0.349402368069,-0.302406728268,-0.092061080039,-0.030569782481,-0.037491139024,0.255412757397,0.521410167217,0.496846139431,0.387305051088,0.459235966206,0.357557266951,0.197891786695,0.377934396267,0.196487560868,-0.140572890639,-0.146081462502,-0.274046182632,-0.497055470943,-0.729472935200,-0.784513652325,-0.604497492313,-0.491679072380,-0.365347653627,-0.123016797006,0.083047062159,0.011804350652,0.122107483447,0.390230417252,0.308913886547,0.551042675972,0.785943567753,0.613307237625,0.610951662064,0.510390162468,0.419764876366,0.299888908863,0.048057369888,0.022115733474,-0.111138172448,-0.216815456748,-0.224793881178,-0.291883707047,-0.163974598050,-0.192089647055,-0.333893686533,-0.287385672331,-0.215042725205,-0.111220262945,-0.026069844142,0.049553819001,0.166262522340,0.362960129976,0.502650439739,0.491975605488,0.513769090176,0.418967515230,0.370765417814,0.355338871479,0.157786577940,0.099063992500,-0.099007017910,-0.344618052244,-0.394530028105,-0.669058740139,-0.797329246998,-0.687305867672,-0.632217645645,-0.440923601389,-0.209064960480,-0.006630336866,0.194861948490,0.387359440327,0.477968037128,0.479319334030,0.585469245911,0.644322693348,0.682421982288,0.672581434250,0.561275780201,0.437499672174,0.163925051689,-0.025453004986,-0.272520959377,-0.551750063896,-0.520186424255,-0.531842529774,-0.396375119686,-0.230408459902,-0.292435228825,-0.228187441826,-0.245175763965,-0.303014934063,-0.287814885378,-0.205654725432,0.012806182727,0.336345791817,0.603894829750,0.434352815151,0.401031106710,0.465400874615,0.224258825183,0.352683812380,0.443133711815,0.256493240595,0.168523728848,0.063661590219,-0.029153531417,-0.210713043809,-0.355571776628,-0.391460806131,-0.317144662142,-0.231892898679,-0.235832825303,-0.069729559124,0.045184064656,0.156608372927,0.286269009113,0.288862317801,0.344399094582,0.339994639158,0.479873508215,0.549059271812,0.458439350128,0.578800439835,0.505373537540,0.371101051569,0.235600337386,-0.118044078350,-0.241804733872,-0.274901598692,-0.418930351734,-0.448212325573,-0.419670492411,-0.387795001268,-0.421212852001,-0.553217291832,-0.591566801071,-0.535217940807,-0.446105569601,-0.223927184939,0.015516698360,0.122616380453,0.228241324425,0.384768009186,0.405008941889,0.329136908054,0.300940424204,0.232463806868,0.162943959236,0.040369037539,-0.164552211761,-0.272458314896,-0.410319030285,-0.607004463673,-0.787527799606,-0.876075327396,-0.726294875145,-0.576712727547,-0.382019400597,-0.043659836054,0.105803750455,0.251033842564,0.522019505501,0.642985880375,0.737958133221,0.873987436295,0.908647119999,0.923341870308,0.894824802876,0.743848443031,0.553180575371,0.393356382847,0.239085525274,-0.074006088078,-0.327802896500,-0.319761246443,-0.367768645287,-0.334608942270,-0.137919977307,-0.073587059975,-0.107849188149,-0.205627217889,-0.242332816124,-0.062270514667,0.226930961013,0.391366332769,0.483794927597,0.681326687336,0.733946979046,0.684720277786,0.588839471340,0.331714063883,0.230982929468,0.185044392943,0.054268028587,-0.056323133409,-0.320402741432,-0.564064204693,-0.672294676304,-0.818460404873,-0.820663034916,-0.636385321617,-0.466371715069,-0.316291123629,-0.230878159404,-0.122562773526,0.090769663453,0.227590858936,0.289539337158,0.303883641958,0.376328647137,0.432499319315,0.362913221121,0.445740312338,0.410208910704,0.246026411653,0.177303463221,-0.063700936735,-0.295838832855,-0.478397190571,-0.551572501659,-0.482516080141,-0.569786489010,-0.610833108425,-0.532652974129,-0.428117305040,-0.388003230095,-0.407136887312,-0.258664876223,-0.076764903963,0.006899129134,0.066418752074,0.266330927610,0.488507717848,0.457964748144,0.377704262733,0.357085227966,0.339538633823,0.288490146399,0.184369340539,0.084422610700,-0.101029478014,-0.166569903493,-0.170313790441,-0.412406563759,-0.515494227409,-0.594270467758,-0.661745429039,-0.355500906706,-0.209299653769,-0.098954744637,0.184050500393,0.255319327116,0.466746747494,0.688097119331,0.656496107578,0.718238532543,0.781737208366,0.719199538231,0.691479444504,0.613598942757,0.320183783770,0.115624472499,-0.079760238528,-0.420108824968,-0.546931266785,-0.691264808178,-0.656865239143,-0.409239381552,-0.481259614229,-0.458257764578,-0.435247361660,-0.537597179413,-0.338836908340,0.009421686642,0.251121401787,0.241454988718,0.261304974556,0.388800024986,0.423722982407,0.497155874968,0.475368738174,0.331843882799,0.261445045471,0.183097422123,-0.054657388479,-0.213453263044,-0.333721935749,-0.653428792953,-0.699680268764,-0.756588399410,-1.028167724609,-0.837587237358,-0.612783849239,-0.535469949245,-0.238450765610,0.014499289915,0.281335949898,0.557479441166,0.529196023941,0.429914057255,0.611242830753,0.766147851944,0.792301714420,0.823878526688,0.529471874237,0.358891069889,0.424626559019,0.072814829648,-0.112028576434,-0.115344874561,-0.318461894989,-0.223744884133,-0.125192925334,-0.075375609100,0.096393473446,-0.004352595657,-0.141030356288,-0.092121139169,0.022410267964,0.105702333152,0.151109218597,0.185420602560,0.224684223533,0.418486386538,0.504002034664,0.464213609695,0.442932575941,0.259353399277,0.126867488027,0.005189679563,-0.121123276651,-0.150741487741,-0.336802423000,-0.578990042210,-0.792701303959,-0.885009288788,-0.842921614647,-0.826686441898,-0.627523541451,-0.445651859045,-0.438981413841,-0.177109166980,0.126499846578,0.143424794078,0.289595454931,0.425506651402,0.332560718060,0.484264940023,0.568392157555,0.478051841259,0.483853191137,0.254768818617,0.072345927358,-0.107194960117,-0.452292114496,-0.521187424660,-0.522930681705,-0.564068853855,-0.553550362587,-0.482787668705,-0.375541210175,-0.402236968279,-0.380419522524,-0.359576404095,-0.181267946959,0.224277287722,0.378667443991,0.473905235529,0.555076479912,0.649066329002,0.853419005871,0.712690651417,0.505232214928,0.518852949142,0.459262251854,0.344840735197,0.162560328841,-0.151585280895,-0.364245921373,-0.436542719603,-0.534942328930,-0.550965964794,-0.599542498589,-0.539358496666,-0.205015480518,-0.101664580405,-0.059819176793,0.091838933527,0.265993773937,0.496622174978,0.455082029104,0.462103128433,0.527799129486,0.483430653811,0.577238202095,0.466885089874,0.417847871780,0.332551658154,-0.078870974481,-0.166259765625,-0.301139086485,-0.536185860634,-0.513256788254,-0.595702946186,-0.563533425331,-0.477298825979,-0.454073697329,-0.351584315300,-0.342738986015,-0.313807606697,-0.283230930567,-0.195068001747,-0.004700074904,0.168241843581,0.384347051382,0.400126963854,0.345516771078,0.366427749395,0.199428915977,0.088084429502,0.104285649955,0.063829787076,-0.062055520713,-0.298105835915,-0.510908663273,-0.684983789921,-0.826929211617,-0.851271569729,-0.692328095436,-0.420235067606,-0.257265359163,-0.100796788931,0.105225630105,0.201935291290,0.289615005255,0.298254579306,0.241850629449,0.426332205534,0.556442975998,0.551956117153,0.673746407032,0.566778182983,0.418119013309,0.331224113703,-0.100839853287,-0.356775075197,-0.305421471596,-0.332343399525,-0.340121299028,-0.439860850573,-0.514801204205,-0.437816739082,-0.424878627062,-0.370523899794,-0.347218424082,-0.273009449244,-0.002338393824,0.104439318180,0.273943841457,0.474205613136,0.432565540075,0.535266101360,0.561066269875,0.447801172733,0.348590463400,0.192571058869,0.198719650507,0.108319282532,-0.080722138286,-0.282794713974,-0.549436807632,-0.628971755505,-0.773140072823,-0.900109648705,-0.754182696342,-0.500309646130,-0.354090601206,-0.263323903084,0.129869714379,0.361830532551,0.324190437794,0.467241317034,0.595193564892,0.684026539326,0.672336816788,0.686842858791,0.666377425194,0.402119994164,0.230479121208,-0.154105290771,-0.434117436409,-0.325026392937,-0.560270249844,-0.606108188629,-0.410605162382,-0.495497316122,-0.400925964117,-0.326777577400,-0.406736999750,-0.407719701529,-0.418576836586,-0.248777404428,0.099542655051,0.372575312853,0.454946190119,0.455026984215,0.451549828053,0.372853308916,0.369769334793,0.356490075588,0.316604346037,0.341419816017,0.168420314789,0.017577480525,-0.076373331249,-0.308742582798,-0.369751214981,-0.326836138964,-0.304956108332,-0.298442363739,-0.275168508291,-0.160654246807,-0.105963923037,0.026759423316,0.187532767653,0.332506179810,0.457588702440,0.293083280325,0.305473506451,0.506629467010,0.473273456097,0.418134003878,0.352670460939,0.253938823938,0.028233831748,-0.248855844140,-0.457512497902,-0.657358527184,-0.575527250767,-0.494871437550,-0.550135195255,-0.473421245813,-0.494687616825,-0.541959166527,-0.528044283390,-0.512946486473,-0.395824313164,-0.232766360044,-0.092350237072,-0.007864087820,0.075348600745,0.149342760444,0.161966636777,0.157209098339,0.118714600801,0.106260515749,0.055320248008,-0.050431154668,-0.117050230503,-0.310593754053,-0.496505767107,-0.634114444256,-0.837855279446,-0.837556660175,-0.756547749043,-0.606142342091,-0.326111793518,-0.167507275939,0.067304700613,0.270140200853,0.386862546206,0.603014349937,0.700982034206,0.826636612415,0.872999608517,0.789800286293,0.815577328205,0.674136996269,0.523869633675,0.366688698530,0.057244606316,-0.163466289639,-0.402010470629,-0.472721874714,-0.392320126295,-0.365339279175,-0.235849380493,-0.151794120669,-0.090779744089,-0.062745921314,-0.108711995184,-0.061021994799,0.001966449665,0.085045270622,0.204042926431,0.361573547125,0.451512426138,0.413723587990,0.448970675468,0.451949089766,0.321510285139,0.155521467328,0.051752097905,-0.128491267562,-0.376573532820,-0.422528475523,-0.605237185955,-0.739599585533,-0.599480152130,-0.704673707485,-0.686127960682,-0.456684708595,-0.322129547596,-0.035178858787,0.223977953196,0.388378441334,0.488054305315,0.439601957798,0.391075819731,0.380875557661,0.474022507668,0.537198543549,0.433224439621,0.263638496399,0.052397113293,-0.136880978942,-0.312936604023,-0.456364691257,-0.541777133942,-0.637152016163,-0.659119367599,-0.536630690098,-0.360814630985,-0.300930529833,-0.352639108896,-0.401462048292,-0.410133898258,-0.224143758416,0.036913555115,0.117154337466,0.256576985121,0.435059428215,0.497919797897,0.618409931660,0.557454705238,0.319959729910,0.180879786611,0.033124934882,-0.001701307832,-0.053745586425,-0.307892948389,-0.472831904888,-0.636264085770,-0.818584620953,-0.823039770126,-0.766340911388,-0.561500191689,-0.207718148828,0.017501372844,0.201725110412,0.452267289162,0.596783399582,0.627296149731,0.720867931843,0.763181567192,0.573633551598,0.550967037678,0.602064430714,0.332487791777,0.333983302116,0.297903984785,-0.316447079182,-0.498535931110,-0.358458489180,-0.606508493423,-0.602788090706,-0.416947275400,-0.538816571236,-0.544333159924,-0.407263606787,-0.412344276905,-0.247226476669,0.049849938601,-0.028989542276,-0.056916713715,0.268756240606,0.379877001047,0.415982156992,0.499904423952,0.431493848562,0.355260729790,0.191548824310,0.025825360790,-0.071522258222,-0.215091705322,-0.340050011873,-0.508639752865,-0.731939852238,-0.903709292412,-0.894557654858,-0.799645423889,-0.629486203194,-0.323893308640,-0.174871683121,0.116826556623,0.461978584528,0.448189347982,0.569694995880,0.659500777721,0.625671744347,0.723012387753,0.723157465458,0.749952733517,0.645693540573,0.455618381500,0.343985348940,0.116458207369,-0.010659464635,-0.159797921777,-0.215314134955,-0.109267123044,-0.253750771284,-0.287967741489,-0.194649577141,-0.231771677732,-0.237836644053,-0.220959529281,-0.141333699226,-0.012575985864,0.190381228924,0.333036810160,0.325169295073,0.451010406017,0.552401304245,0.550411045551,0.592305839062,0.429548174143,0.191785484552,0.102839313447,-0.142153754830,-0.425789922476,-0.564290881157,-0.802558064461,-0.958777725697,-1.032024264336,-1.087724804878,-0.898884892464,-0.773225843906,-0.633973777294,-0.358181416988,-0.189677476883,0.160479485989,0.408025473356,0.303770869970,0.345229595900,0.470480173826,0.581171929836,0.721568286419,0.659984886646,0.498499900103,0.291459530592,-0.024554684758,-0.137426465750,-0.339331626892,-0.690869987011,-0.558472454548,-0.559226989746,-0.722517549992,-0.349171400070,-0.220848172903,-0.347521901131,-0.238578200340,-0.271040499210,-0.160964384675,0.184647232294,0.420207202435,0.646955311298,0.713344871998,0.588227331638,0.591866314411,0.633924603462,0.500010907650,0.348419904709,0.197812050581,0.069953121245,0.139776542783,-0.064643576741,-0.354864448309,-0.333774745464,-0.628278732300,-0.685370802879,-0.396142005920,-0.518098652363,-0.305378139019,0.053921826184,0.158872768283,0.452563375235,0.491920590401,0.530416071415,0.693292379379,0.645718276501,0.811635494232,0.819716870785,0.608008563519,0.614192843437,0.475789129734,0.231639042497,-0.040781721473,-0.405370533466,-0.520760536194,-0.454487740993,-0.462938547134,-0.417093545198,-0.344561517239,-0.396080672741,-0.337775468826,-0.286717206240,-0.371748715639,-0.236527144909,-0.088466025889,0.015467989258,0.163135081530,0.138899415731,0.229229152203,0.338319331408,0.292145580053,0.323096901178,0.184930339456,-0.032548788935,0.017325840890,-0.040507420897,-0.374865412712,-0.583410978317,-0.715061008930,-0.902176856995,-0.956119120121,-0.971243083477,-0.894379198551,-0.644922256470,-0.464593797922,-0.242344528437,0.035455543548,0.153284505010,0.302281081676,0.479048043489,0.427038937807,0.416247636080,0.646004915237,0.684686362743,0.591104507446,0.635867774487,0.433114409447,0.129499316216,0.033254802227,-0.085202507675,-0.114248387516,-0.161640480161,-0.344270080328,-0.264739871025,-0.194824084640,-0.322388350964,-0.223934784532,-0.191960662603,-0.270520836115,-0.071083530784,0.117278337479,0.346902668476,0.615011274815,0.700357496738,0.744397640228,0.567103326321,0.579203724861,0.805112600327,0.632704496384,0.488354861736,0.346226632595,0.008208395913,-0.168520838022,-0.241544321179,-0.503697812557,-0.794603407383,-0.777633965015,-0.755698919296,-0.586659729481,-0.298347353935,-0.295566529036,-0.147200495005,0.079076230526,0.207547038794,0.344745069742,0.489192873240,0.681160986423,0.714766681194,0.629596114159,0.380906403065,0.156357243657,0.100113488734,-0.092347532511,-0.207326680422,-0.373653560877,-0.527933657169,-0.497219651937,-0.611946046352,-0.431977331638,-0.287928402424,-0.473211199045,-0.309570342302,-0.290535330772,-0.394203245640,-0.245634302497,-0.188278272748,0.020024280995,0.168838322163,0.256914317608,0.610352694988,0.659146487713,0.578261554241,0.634299159050,0.489431560040,0.414763927460,0.389212667942,0.215634420514,0.064031593502,-0.148221552372,-0.373492330313,-0.491174638271,-0.582243740559,-0.579720735550,-0.536925137043,-0.457402765751,-0.166474431753,0.013546620496,0.054902963340,0.282408297062,0.396845400333,0.428202778101,0.561694860458,0.598322033882,0.607643187046,0.614183604717,0.663377106190,0.669969737530,0.357539951801,0.046636998653,-0.090134240687,-0.403560936451,-0.599225163460,-0.425130814314,-0.452025175095,-0.512571454048,-0.361611813307,-0.486761152744,-0.652299404144,-0.677148759365,-0.641305387020,-0.403243273497,-0.190423414111,-0.010556689464,0.261207312346,0.367730289698,0.212950587273,0.300662189722,0.426541030407,0.164731174707,0.295863807201,0.370742708445,-0.068376041949,-0.146279528737,-0.288997232914,-0.653205394745,-0.779625952244,-0.768371403217,-0.718863189220,-0.656109452248,-0.345755666494,-0.139758408070,-0.035282567143,0.222463324666,0.314804375172,0.494807004929,0.620450377464,0.664625287056,0.754244625568,0.596078217030,0.504463374615,0.506535232067,0.598764300346,0.639702498913,0.358498632908,0.090204812586,-0.217501953244,-0.360337436199,-0.276806294918,-0.318668901920,-0.263246208429,-0.260776609182,-0.244694650173,-0.089103452861,-0.185446307063,-0.190140157938,-0.068446002901,-0.027592608705,0.263820201159,0.539324760437,0.634426593781,0.595682561398,0.456568866968,0.479746967554,0.318644970655,0.127974197268,0.150875687599,-0.097359918058,-0.230766087770,-0.237236306071,-0.516704380512,-0.638901233673,-0.655785560608,-0.666039645672,-0.536684453487,-0.398758322001,-0.200828328729,-0.051461141557,0.077008672059,0.296378225088,0.368076980114,0.364419549704,0.404474377632,0.389699280262,0.414792358875,0.544209599495,0.599196255207,0.463680744171,0.306122422218,0.107521466911,-0.157620102167,-0.320487856865,-0.452012598515,-0.436495393515,-0.454431623220,-0.581149816513,-0.330766201019,-0.248729184270,-0.495153009892,-0.476897448301,-0.451362550259,-0.357033878565,-0.034649293870,0.193841457367,0.267437189817,0.380068093538,0.527356743813,0.509077787399,0.468390882015,0.343516021967,0.167841762304,0.208596080542,0.096472114325,-0.129040986300,-0.235811561346,-0.393999725580,-0.535800337791,-0.615044474602,-0.605229735374,-0.572289764881,-0.468591779470,-0.285351485014,-0.186106860638,0.009672006592,0.178795963526,0.323614299297,0.548276424408,0.584145545959,0.627735257149,0.639395713806,0.565468311310,0.663822531700,0.645505785942,0.460002809763,0.303842633963,0.085422880948,-0.211130499840,-0.478966832161,-0.523876905441,-0.340257048607,-0.265333503485,-0.306725203991,-0.204209655523,-0.212996557355,-0.352431356907,-0.294073998928,-0.185412958264,0.021231217310,0.253458768129,0.237883150578,0.393879234791,0.570270001888,0.399908840656,0.389978766441,0.332067787647,0.077015645802,0.082217723131,0.001097995322,-0.181764483452,-0.261085659266,-0.443197041750,-0.550208091736,-0.613675773144,-0.778175354004,-0.832995176315,-0.692745447159,-0.509411811829,-0.310459822416,0.010682116263,0.318161755800,0.446437209845,0.470733195543,0.576931238174,0.702573657036,0.787140130997,0.914393246174,0.878151834011,0.789899468422,0.741277873516,0.478817969561,0.198416933417,-0.026318073273,-0.279470175505,-0.430790603161,-0.473217546940,-0.427749037743,-0.300888568163,-0.204819887877,-0.256464242935,-0.285359501839,-0.254231899977,-0.268706440926,-0.124634414911,0.073449216783,0.192855849862,0.353527218103,0.443296849728,0.455158412457,0.458444625139,0.401560544968,0.327525734901,0.290663927794,0.156643509865,-0.043850768358,-0.223715752363,-0.539735972881,-0.721544802189,-0.766663789749,-0.946259081364,-0.932257771492,-0.874879300594,-0.773545205593,-0.373378336430,-0.102577865124,0.088058896363,0.267671614885,0.323654770851,0.450038403273,0.486287206411,0.504570126534,0.615694522858,0.617220222950,0.570057272911,0.437836974859,0.225733354688,0.008794760332,-0.311845213175,-0.457381159067,-0.413593113422,-0.521916568279,-0.496941864491,-0.354994416237,-0.294077068567,-0.127220600843,-0.099508948624,-0.141550660133,0.015129996464,0.127549350262,0.167045578361,0.330841392279,0.558227717876,0.642346084118,0.675845384598,0.639022707939,0.512733340263,0.434720784426,0.245592191815,0.161884471774,0.081479497254,-0.257226347923,-0.347842156887,-0.383165091276,-0.659310102463,-0.743665993214,-0.710548579693,-0.774495482445,-0.665306329727,-0.388484954834,-0.160419419408,0.041619487107,0.137971431017,0.253307014704,0.446502923965,0.486037582159,0.514904737473,0.579078316689,0.649905622005,0.712048947811,0.597424864769,0.396306157112,0.116694517434,-0.135812327266,-0.228681236506,-0.372796565294,-0.462678343058,-0.399683922529,-0.401523649693,-0.327431499958,-0.159706443548,-0.304332792759,-0.493492484093,-0.410273224115,-0.380726307631,-0.282773196697,-0.061639074236,0.070427022874,0.249342724681,0.406006127596,0.507815837860,0.616734921932,0.586819708347,0.502739310265,0.466007679701,0.308491796255,0.079840064049,-0.063574485481,-0.288658827543,-0.529358267784,-0.589879155159,-0.667009234428,-0.693434476852,-0.580235958099,-0.560360312462,-0.445400267839,-0.192195817828,0.020864348859,0.304827809334,0.396455973387,0.357731163502,0.522319614887,0.632038950920,0.677724659443,0.735222160816,0.741458117962,0.647520840168,0.436310082674,0.236837968230,-0.053024601191,-0.261449754238,-0.386238008738,-0.529620468616,-0.405016392469,-0.323103338480,-0.312159359455,-0.334516525269,-0.444753676653,-0.277437001467,-0.209242254496,-0.125033810735,0.121156133711,0.192768797278,0.457407385111,0.536623120308,0.400217235088,0.514861583710,0.428510725498,0.328365772963,0.412440001965,0.363817095757,0.181624904275,-0.188509121537,-0.492024302483,-0.577168524265,-0.719879031181,-0.776276826859,-0.759361386299,-0.824847340584,-0.741835832596,-0.604092121124,-0.423899143934,-0.180878654122,-0.016720088199,0.256254732609,0.365285038948,0.302494198084,0.371967494488,0.367034733295,0.468289345503,0.563997209072,0.482125878334,0.376978456974,0.106680877507,-0.086070127785,-0.194602891803,-0.362865567207,-0.443231344223,-0.401053756475,-0.259406805038,-0.239702507854,-0.208678826690,-0.281201064587,-0.471219390631,-0.376281291246,-0.332185029984,-0.108367115259,0.239609718323,0.319815814495,0.586318492889,0.665893375874,0.660126626492,0.828260898590,0.653635203838,0.536823272705,0.555778026581,0.445476591587,0.339922934771,0.177460670471,-0.030769376084,-0.253582149744,-0.453293621540,-0.592471182346,-0.600726187229,-0.583270668983,-0.587822079659,-0.469416588545,-0.406274139881,-0.237761676311,-0.044839937240,-0.030288614333,0.219903573394,0.398218333721,0.502325415611,0.746291995049,0.647369146347,0.537808775902,0.415535092354,0.109498858452,0.042087648064,-0.145182296634,-0.377490073442,-0.466740041971,-0.660452127457,-0.669909834862,-0.631976187229,-0.559571683407,-0.393130749464,-0.425069183111,-0.488779067993,-0.561232209206,-0.450157523155,-0.179605245590,-0.025076059625,0.186745777726,0.206598669291,0.233173906803,0.390531837940,0.271274626255,0.271109968424,0.267620325089,0.055031139404,0.026788510382,-0.005912798923,-0.143504232168,-0.276227086782,-0.406354546547,-0.542895495892,-0.631397426128,-0.559683442116,-0.452208578587,-0.236415386200,0.081091009080,0.217608347535,0.183171212673,0.132606238127,0.216170415282,0.414632350206,0.657205581665,0.795885205269,0.698590874672,0.653251826763,0.677097499371,0.619278728962,0.442409813404,0.138398215175,0.014722823165,-0.070270746946,-0.165032908320,-0.105601705611,-0.241720497608,-0.324038982391,-0.249377265573,-0.345059514046,-0.390890181065,-0.378887385130,-0.333383768797,-0.189509063959,-0.111262246966,-0.049372572452,0.129855826497,0.300398349762,0.390539914370,0.484632223845,0.465925127268,0.374884128571,0.275438785553,0.169013872743,0.166120886803,0.037270672619,-0.216283172369,-0.462994694710,-0.649691402912,-0.704554677010,-0.855238616467,-0.849424898624,-0.675881028175,-0.574044167995,-0.254731506109,-0.015588801354,0.014290783554,0.033717792481,0.049100037664,0.253339976072,0.421106994152,0.513798892498,0.570773780346,0.505661547184,0.555743396282,0.462600618601,0.142380267382,-0.164466053247,-0.416528820992,-0.473606675863,-0.442546486855,-0.398057669401,-0.397483915091,-0.417357206345,-0.342638254166,-0.424643248320,-0.500705718994,-0.381834328175,-0.160469546914,0.185737937689,0.347801476717,0.403366476297,0.467615306377,0.476605653763,0.626012861729,0.637113094330,0.614929199219,0.575452029705,0.358865052462,0.349000811577,0.105020537972,-0.251490890980,-0.350235342979,-0.581001698971,-0.656653583050,-0.746794641018,-0.822530925274,-0.602699279785,-0.453015059233,-0.157779872417,0.066058009863,0.143851593137,0.451563775539,0.591477155685,0.639996469021,0.745310962200,0.670351028442,0.594856023788,0.589943051338,0.527536690235,0.380286723375,0.157402873039,-0.138707578182,-0.450765430927,-0.574390351772,-0.535437464714,-0.532445192337,-0.539753437042,-0.562486648560,-0.469388008118,-0.421142518520,-0.653296351433,-0.603738427162,-0.395139098167,-0.278065860271,0.050641711801,0.289016723633,0.425404429436,0.425724118948,0.327984362841,0.393136560917,0.329981863499,0.228414088488,0.170550182462,0.142042964697,-0.009508648887,-0.277835369110,-0.282914489508,-0.530008971691,-0.780019283295,-0.738385438919,-0.809599161148,-0.598189830780,-0.370953977108,-0.238924115896,0.043037302792,0.256375700235,0.506356596947,0.637036144733,0.702864348888,0.832325577736,0.966327428818,1.078768372536,1.027241706848,1.002261281013,0.866297960281,0.532585799694,0.191749230027,-0.097548700869,-0.225967600942,-0.382712870836,-0.444920480251,-0.362822681665,-0.310232490301,-0.208467245102,-0.193702161312,-0.234737485647,-0.295351535082,-0.227449402213,-0.013556680642,0.115392714739,0.302656888962,0.367759585381,0.352758795023,0.430126816034,0.401518315077,0.340471863747,0.188095167279,0.025584720075,-0.084354430437,-0.269322961569,-0.410012632608,-0.555214464664,-0.712809741497,-0.819329559803,-0.823417067528,-0.727430880070,-0.667347013950,-0.551823318005,-0.342041581869,-0.117300048470,0.062830708921,0.234270080924,0.385542809963,0.326207458973,0.268080770969,0.321579754353,0.345596700907,0.427777141333,0.413668394089,0.274275183678,0.180115386844,0.011773777194,-0.188209727407,-0.272266715765,-0.344341725111,-0.364865928888,-0.334995180368,-0.289875835180,-0.036077499390,0.031994145364,-0.172720417380,-0.126508280635,-0.106087967753,-0.142650604248,0.050766564906,0.266328781843,0.448346138000,0.569227159023,0.631331205368,0.682105243206,0.656386911869,0.523974299431,0.325810521841,0.166920766234,0.042503807694,-0.114686846733,-0.262577235699,-0.247647151351,-0.345002144575,-0.614540398121,-0.594481647015,-0.637402057648,-0.670929908752,-0.325018137693,-0.203631386161,-0.111029833555,0.194874510169,0.185688957572,0.194581866264,0.413721561432,0.401263266802,0.536015212536,0.818941712379,0.605623424053,0.415551811457,0.380146324635,0.072133138776,-0.052867423743,-0.196092799306,-0.495987147093,-0.509794116020,-0.485526561737,-0.439246207476,-0.352083802223,-0.405041515827,-0.451018720865,-0.470003724098,-0.399040699005,-0.241133674979,-0.094283550978,0.071916162968,0.157843902707,0.257676452398,0.441093206406,0.489915132523,0.415793657303,0.346845746040,0.269980877638,0.179157450795,0.108906179667,-0.123989962041,-0.369788020849,-0.378912985325,-0.572628676891,-0.730494797230,-0.701503157616,-0.839502930641,-0.712938129902,-0.466396540403,-0.277411282063,0.026224473491,0.181030482054,0.433611392975,0.576648592949,0.488012880087,0.636479258537,0.741250514984,0.685982286930,0.679668962955,0.672449111938,0.518596112728,0.367225080729,0.165989786386,-0.304505020380,-0.442350625992,-0.355079919100,-0.419564813375,-0.368945688009,-0.385201245546,-0.330529302359,-0.242948621511,-0.293071329594,-0.265903860331,-0.222938805819,0.016172211617,0.217913091183,0.245706051588,0.455350160599,0.513805329800,0.512810528278,0.673734307289,0.689770698547,0.578142106533,0.412551671267,0.257377535105,0.061668805778,-0.162872195244,-0.304421097040,-0.477720290422,-0.701070964336,-0.921069204807,-0.866376698017,-0.728429615498,-0.752003550529,-0.364032745361,0.002018264960,-0.022781489417,0.246144250035,0.441059470177,0.343427419662,0.448201507330,0.531104266644,0.592812955379,0.751549363136,0.629773616791,0.443194776773,0.354247331619,0.091793768108,-0.158300057054,-0.380276173353,-0.542911827564,-0.511447012424,-0.468823999166,-0.405727356672,-0.397548913956,-0.369329094887,-0.305726647377,-0.285600066185,-0.084747247398,0.028668161482,0.194189280272,0.479407221079,0.510932981968,0.698782145977,0.840372860432,0.810928523540,0.930108189583,0.770311892033,0.545266866684,0.465873062611,0.248044654727,0.112133130431,-0.050341904163,-0.397459536791,-0.611133933067,-0.664955556393,-0.728194177151,-0.783263206482,-0.722558259964,-0.473464518785,-0.253660291433,-0.186043679714,0.085394360125,0.371088653803,0.390197038651,0.558746039867,0.551872909069,0.295482993126,0.462352365255,0.592792272568,0.483079195023,0.369055360556,0.021177448332,-0.221408590674,-0.441451847553,-0.715453267097,-0.601806461811,-0.563721537590,-0.605331122875,-0.416397750378,-0.482219249010,-0.565110504627,-0.373495012522,-0.312482088804,-0.276218026876,-0.122659265995,0.043028399348,0.287397474051,0.469199627638,0.501417517662,0.502633035183,0.420427739620,0.268645673990,0.247398868203,0.271163880825,0.167917266488,0.048582967371,-0.151903569698,-0.367934525013,-0.405014783144,-0.501865983009,-0.625474929810,-0.632305562496,-0.593553364277,-0.447442114353,-0.326675027609,-0.133025333285,0.154860168695,0.234744846821,0.342092782259,0.459281444550,0.484257221222,0.639053285122,0.794148981571,0.906503200531,0.842662930489,0.655792891979,0.571470320225,0.439426273108,0.235352486372,-0.013219781220,-0.052413262427,-0.132354110479,-0.299795776606,-0.040668994188,-0.126662567258,-0.281946450472,-0.109456703067,-0.438748121262,-0.498080283403,-0.228974550962,-0.185782492161,0.041297566146,0.226433917880,0.330010652542,0.434551447630,0.518610358238,0.574962377548,0.427512228489,0.370530515909,0.337219893932,0.163406044245,0.155887737870,0.036967735738,-0.308614641428,-0.475844949484,-0.651921331882,-0.857396900654,-0.713374257088,-0.543506026268,-0.499126076698,-0.304326742887,-0.214304119349,-0.171950384974,0.017828831449,0.176307573915,0.352200388908,0.396970629692,0.464138269424,0.710760653019,0.646433055401,0.522252976894,0.467235803604,0.145046368241,-0.064056798816,-0.222180306911,-0.472455024719,-0.541299164295,-0.655466258526,-0.679873764515,-0.507119834423,-0.477651923895,-0.396579086781,-0.322002023458,-0.448113471270,-0.358219593763,-0.064888663590,0.072912253439,0.237706050277,0.449458390474,0.435103654861,0.351158589125,0.300078719854,0.330842256546,0.470388650894,0.437640637159,0.369670331478,0.320840477943,0.136805728078,0.036346647888,-0.165250703692,-0.397907644510,-0.374635785818,-0.408795326948,-0.398765802383,-0.268937975168,-0.101893372834,0.061880175024,-0.047129835933,0.126666873693,0.548075199127,0.502964377403,0.557061016560,0.713434338570,0.477825343609,0.400329530239,0.520224690437,0.383334189653,0.267657607794,0.281370729208,0.004394390620,-0.179230272770,-0.174465700984,-0.524652004242,-0.475512892008,-0.265776902437,-0.548860847950,-0.341626018286,-0.314410209656,-0.722647964954,-0.562449157238,-0.472616612911,-0.386485785246,-0.124971121550,-0.018490200862,0.153666079044,0.239406943321,0.344511538744,0.351885855198,0.317924320698,0.378386527300,0.225648701191,0.236116871238,0.182052105665,-0.036246024072,-0.132676944137,-0.482933431864,-0.710565030575,-0.695419549942,-0.707086682320,-0.547395110130,-0.310786545277,-0.085434675217,0.076088868082,0.273398548365,0.524082839489,0.660442829132,0.845694720745,0.950997114182,0.977770686150,1.114100217819,1.009537935257,0.747098565102,0.619970858097,0.354399323463,-0.046606462449,-0.269114643335,-0.343707621098,-0.435017734766,-0.425124108791,-0.236728414893,-0.202969819307,-0.296994149685,-0.242226973176,-0.333423197269,-0.432141572237,-0.226508289576,-0.097411707044,0.079824291170,0.383563339710,0.388269215822,0.303032368422,0.376981824636,0.433614820242,0.340038388968,0.213007584214,0.092266127467,-0.108789399266,-0.256391853094,-0.422532379627,-0.624207198620,-0.764802038670,-0.892436802387,-0.870204150677,-0.796648561954,-0.680266559124,-0.376226842403,-0.116356432438,0.016767065972,0.095507182181,0.210536316037,0.359975785017,0.424579679966,0.482147008181,0.523344278336,0.542376101017,0.573353469372,0.516570925713,0.433043777943,0.287336915731,-0.012966862880,-0.232472047210,-0.303092122078,-0.296936750412,-0.211009666324,-0.247149035335,-0.256861448288,-0.157869622111,-0.254035770893,-0.353101462126,-0.403280764818,-0.360034406185,-0.107095003128,0.072751969099,0.299603462219,0.477312147617,0.499104022980,0.560227990150,0.509602487087,0.481453716755,0.455659031868,0.370115518570,0.340111374855,0.201125517488,0.008445976302,-0.193579375744,-0.321891933680,-0.437405228615,-0.672269165516,-0.696179687977,-0.598068892956,-0.507381677628,-0.267596095800,-0.063152149320,0.084963701665,0.193680003285,0.323562592268,0.551754593849,0.567683517933,0.572860896587,0.686707496643,0.637328267097,0.699451982975,0.653345227242,0.324116080999,0.073126077652,-0.201495021582,-0.458054333925,-0.600781559944,-0.640901446342,-0.640215814114,-0.688008606434,-0.634205460548,-0.561734795570,-0.530027210712,-0.510686814785,-0.378204375505,-0.157279863954,-0.059798754752,0.204367160797,0.417536169291,0.378649979830,0.415637880564,0.440451622009,0.525061190128,0.530150711536,0.283848047256,-0.021699910983,-0.183963775635,-0.174482911825,-0.446018427610,-0.723916232586,-0.822004497051,-1.028501033783,-0.935581028461,-0.776333689690,-0.700146436691,-0.402079343796,-0.051025543362,0.269510090351,0.403818547726,0.544863700867,0.659273624420,0.575861811638,0.644854903221,0.602716326714,0.571886241436,0.676401317120,0.512809157372,0.365891993046,0.144392117858,-0.103868320584,-0.181120991707,-0.341257035732,-0.302464783192,-0.208916246891,-0.270813941956,-0.242248967290,-0.230403020978,-0.289175212383,-0.356575131416,-0.283614605665,-0.181255429983,-0.146007612348,0.052438601851,0.226741522551,0.367918372154,0.563356757164,0.591672480106,0.541186273098,0.441971927881,0.292849272490,0.249506339431,0.209172531962,0.051718253642,-0.114109225571,-0.247130468488,-0.444518774748,-0.586043775082,-0.634009301662,-0.690114200115,-0.613370597363,-0.492413789034,-0.374477833509,-0.142529278994,0.049466948956,0.200366005301,0.262466847897,0.262961328030,0.450972557068,0.606136739254,0.600130915642,0.638792157173,0.628597557545,0.471196115017,0.221924051642,-0.076903499663,-0.271904945374,-0.411660403013,-0.516761600971,-0.363773792982,-0.321547567844,-0.407795548439,-0.270640790462,-0.284402906895,-0.273558884859,-0.256830006838,-0.339135974646,0.030034773052,0.290753573179,0.377453893423,0.634067118168,0.583060622215,0.565551698208,0.651164829731,0.578863501549,0.550365269184,0.424381554127,0.205550208688,0.098829485476,0.008074895479,-0.242640271783,-0.478406101465,-0.672832310200,-0.834347188473,-0.750168561935,-0.726395130157,-0.676037490368,-0.384394764900,-0.210599914193,-0.101863190532,0.035638708621,0.253973215818,0.495916247368,0.478272229433,0.488629192114,0.559583306313,0.471026182175,0.538014590740,0.499182432890,0.177479907870,-0.036368548870,-0.273527264595,-0.443661391735,-0.521900117397,-0.580977261066,-0.454633057117,-0.373612254858,-0.326266407967,-0.367533028126,-0.379654854536,-0.339496076107,-0.470702826977,-0.297419130802,-0.181913375854,-0.173561930656,0.132721289992,0.162015736103,0.175915762782,0.323662728071,0.377227902412,0.469785422087,0.436563342810,0.302090197802,0.143468931317,0.120765306056,0.076968431473,-0.137691795826,-0.307067096233,-0.477491527796,-0.559855103493,-0.616540968418,-0.484844714403,-0.292578995228,-0.323133021593,-0.101997517049,0.029233261943,0.112241663039,0.436462312937,0.451295882463,0.487031757832,0.604763925076,0.561035692692,0.657203197479,0.685692727566,0.563737809658,0.462535083294,0.212733998895,-0.080815628171,-0.146571949124,-0.194553062320,-0.290806800127,-0.257132261992,-0.252388924360,-0.299032807350,-0.361536800861,-0.501387953758,-0.528286159039,-0.432201534510,-0.345205634832,-0.131245732307,0.148341298103,0.284473985434,0.409965813160,0.486483395100,0.476502090693,0.540313363075,0.507607221603,0.415542542934,0.287270337343,0.089424736798,0.011341677047,-0.176736578345,-0.429064512253,-0.523134946823,-0.600633919239,-0.664326488972,-0.629686117172,-0.498391062021,-0.452214628458,-0.345850676298,-0.126984447241,0.004021458793,0.256416469812,0.365798681974,0.307492822409,0.432535678148,0.474580138922,0.545529842377,0.651732206345,0.524228572845,0.345774054527,0.179425209761,-0.028939468786,-0.276890993118,-0.408932477236,-0.432868361473,-0.464189261198,-0.351321041584,-0.280964702368,-0.377854794264,-0.502218782902,-0.569552481174,-0.446791201830,-0.287417769432,-0.166446819901,0.004424048122,0.234285295010,0.299726575613,0.120966024697,0.220956057310,0.323624044657,0.213980376720,0.327983468771,0.302994430065,0.171540334821,0.077987946570,-0.111199595034,-0.250273197889,-0.456053197384,-0.587576091290,-0.595301866531,-0.514228343964,-0.452214866877,-0.463639080524,-0.251956641674,-0.086963795125,0.092321053147,0.203092500567,0.109622351825,0.288719981909,0.308167308569,0.316546559334,0.506459414959,0.334992527962,0.287184983492,0.392839729786,0.331759691238,0.183935433626,-0.041989117861,-0.215594097972,-0.347427010536,-0.270258039236,-0.231516018510,-0.330283671618,-0.251512259245,-0.257144182920,-0.257212102413,-0.287904113531,-0.318274408579,-0.197967991233,-0.177538797259,0.025320138782,0.187616273761,0.237187504768,0.428792923689,0.440969526768,0.471849381924,0.429951667786,0.336606413126,0.312211215496,0.069177627563,0.015957407653,-0.073938995600,-0.358349651098,-0.394162833691,-0.434283703566,-0.387181878090,-0.217303842306,-0.054746642709,0.172398611903,0.270209461451,0.297581404448,0.377131551504,0.545587301254,0.638201773167,0.630696237087,0.751619875431,0.787081480026,0.777132093906,0.767100453377,0.539897203445,0.283451199532,0.120957680047,-0.025844754651,-0.213047683239,-0.347914785147,-0.425967484713,-0.493215829134,-0.417424619198,-0.344920694828,-0.245319008827,-0.128055274487,-0.186894357204,-0.245024278760,-0.365819692612,-0.399450600147,-0.275852710009,-0.246819987893,-0.109839141369,-0.003948857076,-0.015505189076,-0.006879758555,0.052527576685,0.117874011397,-0.049051385373,-0.115098848939,-0.158111363649,-0.292217612267,-0.241284534335,-0.394017070532,-0.539229631424,-0.628257095814,-0.753010928631,-0.580864369869,-0.501132011414,-0.453585505486,-0.339164018631,-0.204714894295,0.015005893074,0.031979590654,0.114006087184,0.206906750798,0.280233830214,0.507242619991,0.550406396389,0.584428131580,0.559314370155,0.456075787544,0.474053502083,0.279163420200,0.032158698887,-0.062104325742,-0.090743400156,-0.047354198992,-0.012289449573,-0.024873709306,-0.180476740003,-0.284582912922,-0.280192971230,-0.311751037836,-0.100976765156,0.155962198973,0.207163780928,0.322875916958,0.430379509926,0.454910874367,0.515929579735,0.538342356682,0.458133518696,0.333268791437,0.245136916637,0.146418556571,-0.026335353032,-0.257798910141,-0.523178935051,-0.656551361084,-0.694761693478,-0.754914999008,-0.657347321510,-0.514527976513,-0.409741252661,-0.193188518286,0.036089658737,0.320946961641,0.524885773659,0.470181703568,0.458659082651,0.447448372841,0.422585040331,0.492721647024,0.391378134489,0.310351133347,0.194231688976,-0.142877906561,-0.278013885021,-0.373503565788,-0.472222685814,-0.472486495972,-0.591910660267,-0.516228795052,-0.392098903656,-0.452567368746,-0.404021620750,-0.353080838919,-0.349797636271,-0.265131801367,-0.176642403007,-0.140328824520,-0.017642283812,0.218575865030,0.373228907585,0.417185127735,0.463205635548,0.518156886101,0.409484565258,0.217405080795,0.023938512430,-0.253820389509,-0.349175989628,-0.460843354464,-0.639706969261,-0.543992400169,-0.554623901844,-0.553649663925,-0.329536736012,-0.150059372187,0.077234819531,0.249344497919,0.367503017187,0.463774561882,0.456341922283,0.496259778738,0.536990463734,0.559659123421,0.560576677322,0.581510901451,0.607461690903,0.425295084715,0.185501575470,0.027078215033,-0.076625883579,-0.155626922846,-0.231249645352,-0.219605416059,-0.195699512959,-0.120709426701,-0.066655404866,-0.183166742325,-0.285049140453,-0.360231548548,-0.283257991076,-0.075811922550,-0.019549276680,0.103846862912,0.260886788368,0.338644593954,0.430380016565,0.356056511402,0.307603567839,0.353160798550,0.248521298170,0.069024436176,-0.149615749717,-0.369646817446,-0.531249642372,-0.606476843357,-0.729869425297,-0.933132946491,-0.918000638485,-0.815201520920,-0.641779124737,-0.303622096777,-0.087545484304,0.106677234173,0.301576614380,0.444087415934,0.683178305626,0.794401526451,0.737335264683,0.690452873707,0.609830617905,0.537351131439,0.465510427952,0.262481957674,0.051444374025,-0.146723002195,-0.408487349749,-0.527110517025,-0.612467586994,-0.602564692497,-0.309832304716,-0.156055063009,-0.158019766212,-0.133469134569,-0.115429878235,0.079187117517,0.392708927393,0.595838248730,0.808762490749,0.912250876427,0.780819296837,0.859846234322,0.724442362785,0.375375658274,0.375534027815,0.042383387685,-0.162669196725,-0.062255136669,-0.350648403168,-0.425309509039,-0.610705912113,-0.806204080582,-0.545998215675,-0.667549252510,-0.657972931862,-0.258189231157,-0.196382343769,-0.084311597049,0.245424181223,0.319729208946,0.245005846024,0.281383067369,0.190381497145,0.273021101952,0.414398342371,0.186707586050,0.301054567099,0.252824395895,-0.165586322546,-0.140116572380,-0.315256118774,-0.548282206059,-0.436407268047,-0.389143854380,-0.313409864902,-0.340922892094,-0.379363387823,-0.296087861061,-0.293375104666,-0.273018211126,-0.282886028290,-0.208325088024,-0.059318996966,-0.076605513692,0.076928667724,0.291248559952,0.328356474638,0.406811803579,0.383388489485,0.446085125208,0.542954325676,0.373239934444,0.251998364925,0.060778357089,-0.143350511789,-0.228486925364,-0.383206099272,-0.433503806591,-0.510403454304,-0.516242086887,-0.427059173584,-0.292278945446,0.086263574660,0.177350118756,0.251621782780,0.529153764248,0.500832259655,0.597634315491,0.770714819431,0.790596842766,0.850052773952,0.831318020821,0.721478283405,0.507731854916,0.335592716932,0.182555720210,-0.080477215350,-0.381811380386,-0.677046060562,-0.628125250340,-0.430396467447,-0.451602846384,-0.418953955173,-0.408998012543,-0.465335607529,-0.298054814339,-0.044121328741,0.002781674266,0.092915631831,0.343443810940,0.414884835482,0.525072455406,0.599386930466,0.483959972858,0.534627795219,0.394271314144,0.115735083818,0.045649036765,-0.143477633595,-0.338715821505,-0.360317081213,-0.545106947422,-0.828085541725,-0.871837615967,-0.912309110165,-0.745747208595,-0.425455451012,-0.368098795414,-0.053349163383,0.106343783438,0.150879487395,0.434814989567,0.310926824808,0.443801343441,0.667309105396,0.583719193935,0.659125447273,0.552031099796,0.430247962475,0.274179667234,0.116120010614,-0.096085160971,-0.413635402918,-0.320843428373,-0.371417224407,-0.400826126337,-0.235194697976,-0.272222489119,-0.192691221833,-0.294348478317,-0.226436436176,0.008414144628,-0.102884694934,-0.021999802440,0.034396510571,0.180007636547,0.442248672247,0.285277575254,0.285907417536,0.394320994616,0.360564142466,0.293939232826,0.140082150698,0.143005922437,-0.061054572463,-0.269320189953,-0.270575463772,-0.525390386581,-0.532871901989,-0.478993952274,-0.582407593727,-0.470688223839,-0.409215599298,-0.152313947678,0.083056040108,0.068712934852,0.221460819244,0.224030092359,0.281661987305,0.531476378441,0.518928885460,0.510387718678,0.491720944643,0.291612267494,0.295113593340,0.331386953592,0.020815251395,-0.315715610981,-0.456382989883,-0.445018678904,-0.484595209360,-0.597042083740,-0.479709744453,-0.478017956018,-0.468142211437,-0.262069344521,-0.412760168314,-0.574290454388,-0.430317044258,-0.110632129014,0.151778757572,0.251604557037,0.498376399279,0.640500247478,0.624878227711,0.507300436497,0.408749222755,0.394285410643,0.090375363827,0.031928107142,0.032402217388,-0.334973722696,-0.497066020966,-0.506021082401,-0.404649019241,-0.380871713161,-0.365346044302,-0.104467242956,0.043983925134,0.131923094392,0.258459270000,0.541992783546,0.594115436077,0.530686020851,0.880911827087,0.759108781815,0.604179203510,0.761957883835,0.518175244331,0.401554971933,0.293877005577,0.036516848952,-0.118628658354,-0.212949261069,-0.220240429044,-0.314006626606,-0.332406908274,-0.264099448919,-0.178874403238,-0.201332926750,-0.411830514669,-0.458843261003,-0.425569802523,-0.307488799095,-0.170075237751,-0.158945322037,-0.012947392650,0.078841932118,0.128751546144,0.255308330059,0.193486690521,0.180211812258,0.284132421017,0.175723135471,-0.021478617564,-0.110242091119,-0.209228098392,-0.402829021215,-0.557547390461,-0.628227651119,-0.675833940506,-0.670594573021,-0.508745789528,-0.249076098204,-0.154050379992,-0.047687903047,0.160120189190,0.191031366587,0.218815878034,0.324310302734,0.446062445641,0.588883399963,0.659665167332,0.698961019516,0.620156407356,0.484614849091,0.340449899435,0.091408438981,-0.091730684042,-0.189118683338,-0.266299277544,-0.340149611235,-0.290293157101,-0.166077539325,-0.207029432058,-0.261946976185,-0.409299641848,-0.491710811853,-0.242271840572,0.004870509729,0.258729338646,0.502702534199,0.603215754032,0.620055973530,0.516509175301,0.405130356550,0.418170958757,0.411924332380,0.173336520791,0.043067339808,0.014277776703,-0.295718640089,-0.457329988480,-0.533595561981,-0.813666045666,-0.905055165291,-0.719034373760,-0.463277846575,-0.316561639309,-0.162332251668,-0.032130777836,-0.010570129380,0.194626137614,0.345167577267,0.387826949358,0.541627883911,0.555955648422,0.631822645664,0.728092074394,0.534088730812,0.422693818808,0.267086118460,-0.107077635825,-0.303614526987,-0.424803763628,-0.523151576519,-0.487007051706,-0.453322649002,-0.413774579763,-0.348203301430,-0.286149412394,-0.251522064209,-0.240233033895,-0.325197815895,-0.332914173603,-0.108252957463,0.004935453646,0.175876915455,0.354010403156,0.305296778679,0.323977082968,0.198234468699,0.165753170848,0.242301389575,0.029623879120,-0.030298197642,-0.100571416318,-0.257677972317,-0.348724305630,-0.524881303310,-0.531435728073,-0.523137390614,-0.457623839378,-0.290588676929,-0.204131573439,0.031667653471,0.213822439313,0.328837960958,0.470806449652,0.529099047184,0.595244109631,0.634826123714,0.723433315754,0.679118990898,0.526953995228,0.467742085457,0.236947715282,0.014729689807,-0.107187822461,-0.242286562920,-0.236285328865,-0.231564253569,-0.271920412779,-0.197004944086,-0.139507278800,-0.213343143463,-0.259940713644,-0.267845243216,-0.164764046669,0.055961724371,0.142506867647,0.296234160662,0.432371884584,0.361169040203,0.402635753155,0.366162478924,0.281958520412,0.347186416388,0.192956849933,0.014511417598,-0.045876450837,-0.316072344780,-0.523759722710,-0.589023470879,-0.787471890450,-0.906012058258,-0.902104735374,-0.864099204540,-0.661437034607,-0.405003756285,-0.174087092280,0.002360195154,0.076945051551,0.158591419458,0.286690056324,0.459883600473,0.553119182587,0.545614778996,0.564006090164,0.495602905750,0.330693453550,0.210073277354,0.101540118456,-0.121351465583,-0.346952408552,-0.437664151192,-0.412864178419,-0.232464820147,-0.082904323936,-0.015344141982,0.079423114657,0.046787507832,0.005861755461,0.127404108644,0.206790387630,0.194696500897,0.240510508418,0.296086847782,0.378918528557,0.465273231268,0.446816563606,0.473506450653,0.435642451048,0.372369647026,0.378772884607,0.118182808161,-0.026891952381,-0.025252999738,-0.403830826283,-0.644479632378,-0.660179913044,-0.765449345112,-0.642425596714,-0.472260087729,-0.454105794430,-0.297659516335,-0.132981702685,-0.039238858968,0.226010441780,0.336830586195,0.197365552187,0.258681476116,0.287306725979,0.208163246512,0.373402029276,0.378810107708,0.104300498962,-0.057312455028,-0.287144690752,-0.492690742016,-0.518631815910,-0.551736056805,-0.469527184963,-0.480660051107,-0.578370511532,-0.568662166595,-0.627703726292,-0.559330046177,-0.488152712584,-0.451180696487,-0.225042089820,-0.077791787684,0.133133724332,0.388869315386,0.359408795834,0.422042697668,0.688203394413,0.659083366394,0.504484176636,0.463354617357,0.208490833640,0.043540168554,-0.004634475335,-0.230865359306,-0.328600108624,-0.540003299713,-0.760010778904,-0.680969297886,-0.594915568829,-0.356019049883,-0.159861385822,-0.100823961198,0.152450367808,0.421887040138,0.640388488770,0.758481979370,0.797177433968,0.834667325020,0.849245607853,0.914767622948,0.755263447762,0.563842594624,0.460229992867,0.051012754440,-0.231384992599,-0.383126407862,-0.555157124996,-0.421429932117,-0.394284695387,-0.420125573874,-0.298933327198,-0.333934098482,-0.331736087799,-0.302558183670,-0.329041630030,-0.197246298194,0.025579005480,0.204787686467,0.260974735022,0.236904025078,0.304490923882,0.338368147612,0.281249374151,0.299137234688,0.202630236745,0.032177176327,-0.086694590747,-0.303218007088,-0.453622162342,-0.637080907822,-0.829306960106,-0.810535073280,-0.802713036537,-0.740741014481,-0.588966310024,-0.451553106308,-0.333151876926,-0.174015656114,0.074770025909,0.120818533003,0.175932541490,0.318608611822,0.190313100815,0.191453948617,0.349113494158,0.318642735481,0.310218781233,0.269685804844,0.064289793372,-0.092223629355,-0.210873425007,-0.359528899193,-0.372011095285,-0.410331755877,-0.486466616392,-0.272187322378,-0.189038008451,-0.344878405333,-0.277192890644,-0.216417476535,-0.081651836634,0.105313643813,0.083619251847,0.267910599709,0.434338510036,0.495919883251,0.617740929127,0.509256064892,0.490712165833,0.476110458374,0.303389310837,0.172261327505,-0.028741540387,-0.197142928839,-0.383948862553,-0.528165221214,-0.623392462730,-0.688326597214,-0.557157695293,-0.497761845589,-0.401882410049,-0.264809876680,-0.248648345470,-0.073562711477,0.101067684591,0.224342554808,0.390198588371,0.441009730101,0.529063344002,0.608129322529,0.521651744843,0.466166198254,0.365200489759,0.130960315466,-0.032549567521,-0.270633339882,-0.549876451492,-0.566471636295,-0.541933298111,-0.497872859240,-0.353404879570,-0.368055671453,-0.464662820101,-0.529153883457,-0.526765167713,-0.421457707882,-0.309291660786,-0.105218648911,0.143723338842,0.222771525383,0.323988646269,0.480495214462,0.422853976488,0.393599271774,0.392181664705,0.235969170928,0.261058896780,0.290016889572,0.100241705775,0.011106627062,-0.079462260008,-0.258066028357,-0.335782796144,-0.399283498526,-0.318694084883,-0.076338127255,-0.035586170852,-0.082471005619,0.044321153313,0.255475014448,0.361777186394,0.409097373486,0.452519416809,0.399637490511,0.413318812847,0.488219529390,0.506076157093,0.466097891331,0.294647455215,0.102649316192,-0.045799773186,-0.081669978797,-0.136233821511,-0.385469257832,-0.360113114119,-0.164417967200,-0.267666429281,-0.397551983595,-0.417962551117,-0.396599858999,-0.435690402985,-0.466758787632,-0.318544477224,-0.235664665699,-0.113821543753,0.032225996256,0.003658442991,0.095161661506,0.149038568139,0.134865120053,0.256114095449,0.282457888126,0.178059563041,-0.018936134875,-0.103754073381,-0.167581126094,-0.467660993338,-0.654330432415,-0.764221370220,-0.819863498211,-0.722402274609,-0.654550671577,-0.485465556383,-0.275718301535,-0.033396080136,0.127294421196,0.147133588791,0.444719165564,0.666762053967,0.656836152077,0.666840374470,0.584360659122,0.580290138721,0.483000338078,0.308573931456,0.242025181651,0.098115652800,-0.025408798829,-0.225893527269,-0.335005939007,-0.299310564995,-0.404937028885,-0.431051373482,-0.412048786879,-0.331429809332,-0.218648731709,-0.266335368156,-0.244519591331,-0.110993169248,0.068518459797,0.258090734482,0.439774692059,0.576926231384,0.594346940517,0.653595626354,0.683776915073,0.520099818707,0.319896638393,0.115554399788,-0.118367940187,-0.297416806221,-0.497983723879,-0.626841187477,-0.608016312122,-0.568153262138,-0.432176947594,-0.360560089350,-0.309081405401,-0.177270188928,-0.137429520488,0.069330073893,0.177976235747,0.156423881650,0.301609128714,0.286197304726,0.394234508276,0.477365195751,0.415112823248,0.507251739502,0.294683486223,0.023328365758,-0.190140172839,-0.401414275169,-0.365268170834,-0.419808536768,-0.360717028379,-0.272173672915,-0.364850699902,-0.287763029337,-0.312934309244,-0.426801770926,-0.411972165108,-0.354793190956,-0.227970555425,-0.130780279636,0.053057044744,0.191683724523,0.097650200129,0.101356245577,0.109809584916,0.168544486165,0.293734759092,0.111089475453,-0.056229565293,-0.127337142825,-0.188790351152,-0.299537807703,-0.625913381577,-0.637045860291,-0.514327287674,-0.471333384514,-0.345833778381,-0.356589138508,-0.139330089092,0.036244079471,0.089029163122,0.257408648729,0.212333679199,0.394165784121,0.519098222256,0.536616504192,0.786855101585,0.658224165440,0.529714703560,0.445168882608,0.263736248016,0.229073330760,-0.010199123994,-0.188885569572,-0.291553288698,-0.308337122202,-0.233264103532,-0.352173358202,-0.257118850946,-0.217993468046,-0.372588664293,-0.361627727747,-0.260233879089,-0.065916605294,0.060621678829,0.311034291983,0.606506109238,0.550847887993,0.450547575951,0.470877736807,0.528788745403,0.493830680847,0.322856336832,0.088871784508,-0.143247917295,-0.248746126890,-0.374819934368,-0.553818881512,-0.699339091778,-0.738156139851,-0.630566239357,-0.575540184975,-0.435969024897,-0.213959887624,-0.085060529411,0.179067477584,0.418711692095,0.415951281786,0.422689050436,0.472543984652,0.458351194859,0.521987676620,0.567256271839,0.390937805176,0.260399967432,0.130766734481,-0.156871736050,-0.275922685862,-0.319831401110,-0.396157771349,-0.268061727285,-0.103539988399,-0.116652287543,-0.117994017899,0.003785646288,-0.024976214394,-0.050307217985,0.101541727781,0.065230071545,0.131209820509,0.253960192204,0.107173137367,0.197697892785,0.313812375069,0.279902905226,0.316371589899,0.202907323837,0.118281975389,0.050718054175,-0.081248484552,-0.150232732296,-0.283236831427,-0.458291143179,-0.644866466522,-0.707579672337,-0.643220543861,-0.591049969196,-0.436601608992,-0.334569245577,-0.297365874052,-0.089071042836,0.194844529033,0.411877632141,0.424213945866,0.331914216280,0.360047996044,0.345325469971,0.373969703913,0.587193787098,0.604211986065,0.327810049057,0.049920406193,-0.150566980243,-0.372715979815,-0.433899879456,-0.293406337500,-0.449749618769,-0.585445404053,-0.290558189154,-0.282902449369,-0.388582646847,-0.166086345911,-0.167715445161,-0.174089342356,0.152054265141,0.374012529850,0.510408461094,0.740969717503,0.678865551949,0.494366139174,0.669240772724,0.720684826374,0.592621386051,0.485702455044,0.123029656708,-0.127206996083,-0.210063606501,-0.379111915827,-0.455789595842,-0.493347793818,-0.563639521599,-0.605678021908,-0.485717505217,-0.260529220104,-0.083042830229,0.093668207526,0.296157687902,0.545777678490,0.629405736923,0.629523754120,0.714703738689,0.709918379784,0.720927476883,0.643860578537,0.523300588131,0.343254208565,-0.010280877352,-0.094789214432,-0.256245762110,-0.516267418861,-0.471637070179,-0.557744562626,-0.511908411980,-0.307043910027,-0.276519328356,-0.167505085468,-0.205688744783,-0.282847285271,-0.152599900961,-0.113963209093,-0.096658892930,0.063011892140,0.219028130174,0.215209305286,0.244985625148,0.294717788696,0.182693764567,0.229686334729,0.250267744064,0.023733820766,-0.106043145061,-0.301301330328,-0.525109231472,-0.509353280067,-0.575213015079,-0.739915490150,-0.678684353828,-0.490657210350,-0.301888614893,-0.089049674571,0.009240357205,0.095399685204,0.283169627190,0.378783196211,0.468240678310,0.507664799690,0.501442313194,0.657721042633,0.638114511967,0.526335418224,0.422294914722,0.051430407912,-0.109253957868,-0.085943594575,-0.195748493075,-0.240289911628,-0.393572926521,-0.411692559719,-0.189715564251,-0.294414341450,-0.381495416164,-0.285257786512,-0.396842479706,-0.221071824431,0.041244424880,-0.049354720861,0.154844939709,0.382130801678,0.450134605169,0.679336130619,0.639974415302,0.564365506172,0.540353119373,0.333676546812,0.211066707969,0.055252149701,-0.174652710557,-0.307503432035,-0.391444683075,-0.674769580364,-0.884005010128,-0.872673749924,-0.912221133709,-0.570648849010,-0.341383904219,-0.279569238424,0.180828139186,0.200062915683,0.269324928522,0.572895944118,0.459049314260,0.609401047230,0.681377172470,0.557700872421,0.591278553009,0.300618171692,0.068473003805,-0.021399976686,-0.255981534719,-0.375689059496,-0.493746668100,-0.569019615650,-0.509629726410,-0.470708459616,-0.400040924549,-0.319360196590,-0.345265537500,-0.331468850374,-0.036533080041,0.167852133512,0.169835254550,0.372887849808,0.443100154400,0.425621300936,0.516767263412,0.464211881161,0.584651410580,0.604292452335,0.414451122284,0.465460926294,0.335456103086,0.150428712368,0.090460568666,-0.164673566818,-0.313536405563,-0.378930717707,-0.402595400810,-0.248686626554,-0.161846697330,-0.090466096997,0.010407873429,0.153785184026,0.415556371212,0.580409526825,0.543707668781,0.426269710064,0.448780119419,0.562430083752,0.632558226585,0.685585141182,0.541875243187,0.341646909714,0.202304124832,-0.108742527664,-0.380799561739,-0.472863793373,-0.537747979164,-0.571139752865,-0.612958252430,-0.648726165295,-0.578100979328,-0.443416982889,-0.385326951742,-0.418794006109,-0.351257622242,-0.227203622460,-0.098226822913,0.149450615048,0.280837535858,0.319262474775,0.398836791515,0.384756058455,0.326210349798,0.245829895139,0.194072872400,-0.000030428861,-0.239989489317,-0.236222058535,-0.369724929333,-0.534006416798,-0.584999918938,-0.666185975075,-0.635891735554,-0.512656390667,-0.227731183171,-0.068140469491,0.073494903743,0.324510842562,0.326171368361,0.533126652241,0.657257616520,0.545777022839,0.764065682888,0.850011587143,0.770306110382,0.757467150688,0.642909646034,0.493811666965,0.297956973314,-0.043185196817,-0.319962799549,-0.323477685452,-0.331661194563,-0.282860398293,-0.124980516732,-0.116837315261,-0.137353971601,-0.230762973428,-0.253630220890,-0.092858962715,-0.013320829719,0.145382210612,0.339697301388,0.350609511137,0.399573922157,0.503019094467,0.485817134380,0.431739062071,0.344215720892,0.238724082708,0.195931777358,-0.021702967584,-0.222330063581,-0.256543159485,-0.458424538374,-0.504034519196,-0.470302641392,-0.631826162338,-0.584905445576,-0.452441215515,-0.269667595625,-0.038259424269,-0.040088109672,-0.009074779227,0.092304579914,0.144375815988,0.323830813169,0.463710784912,0.404189527035,0.386334747076,0.364009976387,0.262618839741,0.304562509060,0.185128390789,-0.146679356694,-0.315042555332,-0.407612562180,-0.367250263691,-0.320421040058,-0.349239468575,-0.295310795307,-0.485894441605,-0.548438131809,-0.234142690897,-0.226911157370,-0.253125727177,-0.059752214700,-0.051872096956,0.073303572834,0.319627910852,0.340973019600,0.404073923826,0.404680013657,0.312908858061,0.507728159428,0.534381449223,0.270376682281,0.272575199604,0.138290107250,-0.299152940512,-0.321104407310,-0.353069752455,-0.698505580425,-0.593203723431,-0.476786613464,-0.467926114798,-0.106589138508,0.030522476882,0.126977339387,0.357148587704,0.344524890184,0.378710001707,0.525493085384,0.590084910393,0.614245057106,0.675679385662,0.678433954716,0.584159195423,0.387452453375,0.120212808251,-0.004526839592,-0.201810598373,-0.391016393900,-0.366594731808,-0.478417456150,-0.444625854492,-0.294066190720,-0.406106680632,-0.431014239788,-0.521780312061,-0.601692616940,-0.321306884289,-0.109837181866,0.063699409366,0.278879582882,0.303202867508,0.316361844540,0.405016690493,0.402952075005,0.252217024565,0.184461906552,0.112957753241,-0.069560088217,-0.135334491730,-0.315986484289,-0.535951852798,-0.666760683060,-0.810283839703,-0.666494071484,-0.469606488943,-0.240297421813,0.039532627910,0.060462694615,0.221140041947,0.347061902285,0.400976836681,0.591774821281,0.532780349255,0.576220929623,0.671594858170,0.563123106956,0.552874624729,0.528951644897,0.424239397049,0.228710219264,0.019886055961,-0.160874605179,-0.212097421288,-0.119363889098,-0.133319899440,0.020203391090,0.051656216383,-0.154813632369,-0.097830869257,-0.200862437487,-0.305020332336,-0.030347460881,0.162317961454,0.130265459418,0.148058757186,0.355327844620,0.384180337191,0.321626305580,0.364559948444,0.196703240275,0.076278612018,0.005085552577,-0.097529001534,-0.058960042894,-0.286809682846,-0.574496984482,-0.637273073196,-0.793459057808,-0.848482728004,-0.724572181702,-0.581948220730,-0.498460620642,-0.483158558607,-0.190537586808,0.071260951459,0.113776251674,0.349660277367,0.420448243618,0.448964804411,0.582011699677,0.523591279984,0.580843627453,0.433485507965,0.171573609114,0.090847283602,-0.217148140073,-0.406287848949,-0.442820996046,-0.542778849602,-0.582026660442,-0.532160878181,-0.396353274584,-0.296926558018,-0.131968572736,-0.181492164731,-0.256486594677,-0.023915231228,0.079040341079,0.280590534210,0.445464789867,0.531639277935,0.653507173061,0.474754899740,0.493741899729,0.412173002958,0.241554975510,0.334992527962,0.015241853893,-0.167028740048,-0.192880228162,-0.507160246372,-0.577243328094,-0.506634891033,-0.456791579723,-0.451433479786,-0.336223751307,-0.111090160906,0.046682387590,0.347110778093,0.519300997257,0.498824506998,0.487661689520,0.478236496449,0.549048483372,0.648379981518,0.701797783375,0.571256995201,0.455958843231,0.404327094555,0.170857876539,-0.050911203027,-0.297270506620,-0.548414587975,-0.518501639366,-0.308169335127,-0.276158303022,-0.368367493153,-0.267417758703,-0.211569741368,-0.196763530374,-0.094430342317,-0.050807509571,0.084047183394,0.154418155551,0.184321880341,0.275923609734,0.165440216660,0.149136096239,0.220825195313,0.141754284501,0.180748224258,0.107918553054,-0.070777922869,-0.101442389190,-0.352864891291,-0.580156087875,-0.587978124619,-0.741109013557,-0.854663908482,-0.774174511433,-0.660674095154,-0.545252621174,-0.305152565241,-0.137853190303,-0.056006565690,0.174181222916,0.342865198851,0.510550856590,0.491852551699,0.409648001194,0.557067573071,0.455148190260,0.447774946690,0.424594610929,0.171519324183,0.135030031204,-0.124990478158,-0.332021087408,-0.249577537179,-0.264316707850,-0.204076290131,-0.198914587498,-0.311301440001,-0.374391347170,-0.375412374735,-0.426253706217,-0.364523768425,-0.115619488060,0.015260511078,0.238241478801,0.340346276760,0.275445699692,0.484619826078,0.562938630581,0.508912682533,0.484937965870,0.346053063869,0.261132866144,0.175233066082,-0.042993046343,-0.277359664440,-0.446609944105,-0.677422821522,-0.775307059288,-0.766002595425,-0.842251598835,-0.590275764465,-0.300530493259,-0.155286520720,0.151930153370,0.254985928535,0.292049348354,0.402465969324,0.401698440313,0.490252703428,0.482135146856,0.368392705917,0.345155179501,0.188615903258,-0.025637786835,-0.180025532842,-0.361874729395,-0.526439428329,-0.600137710571,-0.560477256775,-0.529156625271,-0.403433889151,-0.238361567259,-0.208010375500,-0.126274943352,-0.178458675742,-0.168207928538,0.034629885107,0.082867994905,0.231227979064,0.240213796496,0.203663200140,0.397649437189,0.391149580479,0.462768137455,0.437376350164,0.256069123745,0.304026961327,0.218481376767,0.168702706695,0.066134467721,-0.208561167121,-0.265270709991,-0.338331043720,-0.347926765680,-0.285515338182,-0.274164706469,-0.089215189219,-0.030248928815,-0.108473002911,-0.022092508152,0.214502617717,0.450340002775,0.499194622040,0.541849672794,0.606039464474,0.664792478085,0.798170626163,0.686406612396,0.401130914688,0.198437705636,-0.013468730263,-0.197575882077,-0.302175879478,-0.427277147770,-0.525642752647,-0.490177333355,-0.579917788506,-0.683217346668,-0.605045199394,-0.663926601410,-0.616487622261,-0.388570845127,-0.260760456324,-0.198215872049,-0.230363845825,-0.056844316423,0.261802971363,0.364937126637,0.367233246565,0.280445247889,0.226794049144,0.167128637433,-0.036943286657,-0.133943289518,-0.237704202533,-0.473438382149,-0.657561004162,-0.810165047646,-0.886031091213,-0.847488462925,-0.739919722080,-0.528648674488,-0.325677007437,-0.172387883067,0.004367227666,0.175453647971,0.298831582069,0.375163793564,0.435732603073,0.520561754704,0.626834630966,0.645880997181,0.586367726326,0.410496383905,0.225197046995,0.229024901986,0.072409242392,-0.091811351478,-0.077854685485,-0.178728908300,-0.174070104957,-0.213104888797,-0.320686459541,-0.293265551329,-0.338594794273,-0.272803544998,-0.117750398815,-0.025227636099,0.077663049102,0.214795991778,0.326042473316,0.344894856215,0.451316475868,0.455634415150,0.364213168621,0.353246927261,0.245762363076,0.173508644104,0.009819242172,-0.169013470411,-0.200037389994,-0.388215392828,-0.554490804672,-0.618384361267,-0.655310988426,-0.609227657318,-0.562530875206,-0.425232291222,-0.264196515083,-0.173799768090,-0.044812977314,0.059584073722,0.123185984790,0.220992624760,0.241417914629,0.321237742901,0.520847797394,0.469313651323,0.319113343954,0.168615967035,-0.076591074467,-0.162638112903,-0.274784982204,-0.368113279343,-0.340904414654,-0.449376016855,-0.485478281975,-0.413190156221,-0.374866098166,-0.419930875301,-0.452443122864,-0.353434026241,-0.336952477694,-0.315136522055,-0.218182355165,0.030963396654,0.355787396431,0.359939545393,0.399712085724,0.515733838081,0.460187554359,0.442808091640,0.410495042801,0.341230064631,0.208453074098,0.101963266730,-0.131329745054,-0.427937239408,-0.368186742067,-0.506198167801,-0.575821995735,-0.368445366621,-0.470861166716,-0.239794090390,0.001637912705,-0.093907520175,0.144731923938,0.347406119108,0.384562015533,0.459236502647,0.631790816784,0.737694740295,0.608971297741,0.519429564476,0.329104453325,0.231496259570,0.102952964604,-0.231444686651,-0.260032683611,-0.401983767748,-0.537323355675,-0.421746104956,-0.438423037529,-0.328779846430,-0.296893298626,-0.357435077429,-0.334273517132,-0.348883181810,-0.193948298693,-0.052715633065,0.050920937210,0.166017681360,0.183514490724,0.184343427420,0.132272973657,0.189609289169,0.166524752975,0.007530320901,-0.056980226189,-0.211183160543,-0.260374158621,-0.245336264372,-0.353685796261,-0.523835539818,-0.738929390907,-0.729218542576,-0.621688425541,-0.474990308285,-0.267034590244,-0.162991434336,-0.011974016204,0.154672607780,0.321589112282,0.425297021866,0.490247070789,0.609092712402,0.703287005424,0.875471711159,0.789136230946,0.570481061935,0.552241325378,0.383467197418,0.216601312160,0.013897988014,-0.132596105337,-0.081341624260,-0.233960986137,-0.191304191947,-0.078934930265,-0.264764577150,-0.352723091841,-0.414630025625,-0.367276191711,-0.172128945589,-0.041583668441,-0.008647202514,-0.003801172366,0.184441596270,0.323698967695,0.458115637302,0.625704586506,0.463891834021,0.318898975849,0.234704390168,-0.021951474249,-0.238096922636,-0.458219408989,-0.674968183041,-0.757636904716,-0.852620065212,-0.967716574669,-0.869522809982,-0.751392662525,-0.612975418568,-0.277102410793,-0.192566484213,-0.148024395108,0.095233820379,0.154168471694,0.222114771605,0.357741296291,0.374006003141,0.396026372910,0.466159373522,0.404709577560,0.236213833094,0.028579641134,-0.271299213171,-0.418046385050,-0.459811925888,-0.542143285275,-0.472579956055,-0.291987866163,-0.212028175592,-0.248558595777,-0.201488316059,-0.126370117068,-0.124576851726,-0.153808608651,-0.115404397249,0.115107126534,0.338304579258,0.519444525242,0.543961167336,0.423881292343,0.444259107113,0.366706520319,0.371849238873,0.381978243589,0.151794359088,0.085770085454,-0.087603859603,-0.232095479965,-0.250678747892,-0.475673764944,-0.495320290327,-0.423246413469,-0.311075270176,-0.124270312488,-0.015325991437,0.177501618862,0.279877632856,0.448411077261,0.560659468174,0.431243360043,0.492487013340,0.614378869534,0.626901566982,0.578932106495,0.492914557457,0.369515508413,0.162204593420,0.031398847699,-0.050803873688,-0.238027796149,-0.441889852285,-0.468639850616,-0.421417415142,-0.365665316582,-0.289695769548,-0.394650697708,-0.420289486647,-0.369566857815,-0.296423107386,-0.038968797773,-0.042186867446,-0.006574518513,0.186857327819,0.255681514740,0.462757259607,0.428774058819,0.373989343643,0.386412888765,0.107071392238,0.033587850630,-0.120866626501,-0.346003651619,-0.444340556860,-0.760454297066,-0.816971302032,-0.792880535126,-0.834857881069,-0.672494530678,-0.703143179417,-0.593097448349,-0.273313552141,-0.124585613608,0.123202085495,0.340301424265,0.446387916803,0.610440731049,0.665899574757,0.623380184174,0.620772957802,0.629975378513,0.540486812592,0.385106056929,0.210851356387,0.015679629520,-0.148582309484,-0.379660993814,-0.505104601383,-0.465411245823,-0.500246345997,-0.371921271086,-0.196105524898,-0.184090822935,-0.122868217528,-0.087317660451,0.049668494612,0.221445143223,0.289565742016,0.544402539730,0.672123610973,0.512992978096,0.462213695049,0.542987167835,0.591527998447,0.473146706820,0.227014720440,-0.016392407939,-0.186655983329,-0.370799690485,-0.607818067074,-0.663427352905,-0.739912390709,-0.887564659119,-0.746775388718,-0.507294237614,-0.325596898794,-0.126714989543,0.116727910936,0.311114162207,0.344213843346,0.467233210802,0.601366043091,0.624001562595,0.727011024952,0.667131245136,0.595446228981,0.650550067425,0.211926847696,-0.211080387235,-0.210920527577,-0.545716404915,-0.737643957138,-0.608714163303,-0.746652185917,-0.693162024021,-0.547225117683,-0.561931490898,-0.406359761953,-0.233328819275,-0.184057667851,-0.137304291129,0.035411875695,0.195805132389,0.297841310501,0.468976557255,0.523052096367,0.544216632843,0.665466487408,0.797410428524,0.830120503902,0.623861134052,0.379386216402,0.248388558626,0.069469742477,-0.233222514391,-0.520377874374,-0.630584836006,-0.603361904621,-0.597859203815,-0.663406014442,-0.605234026909,-0.306219816208,-0.010685999878,0.111213006079,0.298877805471,0.548606097698,0.689583420753,0.872307419777,0.892006516457,0.761212825775,0.774016201496,0.735140860081,0.645241081715,0.333171814680,-0.115755662322,-0.275405555964,-0.443647086620,-0.569767177105,-0.569349229336,-0.576263487339,-0.495478719473,-0.505367815495,-0.465072512627,-0.399611592293,-0.362996011972,-0.184619680047,-0.160153716803,-0.072115302086,0.245983749628,0.434259593487,0.500495612621,0.486640900373,0.453600615263,0.397134155035,0.316932737827,0.266362071037,0.074934907258,-0.147239759564,-0.354164510965,-0.524110496044,-0.571741640568,-0.778313040733,-0.859386026859,-0.734357774258,-0.701032280922,-0.402897179127,-0.125397980213,-0.056522987783,0.210632815957,0.258447498083,0.206293761730,0.670300841331,0.925569474697,0.656188070774,0.680885732174,0.719534337521,0.488224714994,0.497433602810,0.473543763161,0.156113192439,-0.132134303451,-0.206106081605,-0.239113181829,-0.337059319019,-0.410455495119,-0.379975289106,-0.224050223827,-0.197555169463,-0.149456888437,-0.131198450923,-0.227938234806,0.009081551805,0.111524231732,0.184746950865,0.498648613691,0.454849153757,0.409511566162,0.547509908676,0.645332634449,0.598198831081,0.432543009520,0.300625711679,0.027143830433,-0.052755616605,-0.101083658636,-0.362067013979,-0.461255848408,-0.644495069981,-0.710289478302,-0.582708358765,-0.589974105358,-0.428919553757,-0.110857963562,0.100542850792,0.167438954115,0.192573368549,0.216622918844,0.251356214285,0.395841062069,0.582700908184,0.708460152149,0.651826202869,0.634352743626,0.706676661968,0.399743467569,0.071282170713,-0.013464474119,-0.244609877467,-0.368314802647,-0.330543428659,-0.382224380970,-0.384537905455,-0.427697390318,-0.492623299360,-0.448862701654,-0.426424682140,-0.297704070807,-0.121743150055,-0.061240032315,0.163700863719,0.358550369740,0.339980959892,0.532612800598,0.696965932846,0.652574539185,0.704933524132,0.543582737446,0.260624617338,0.162596717477,0.010183610953,-0.172369062901,-0.429468095303,-0.672605633736,-0.710440218449,-0.692371666431,-0.599821269512,-0.486457705498,-0.366320222616,-0.209848567843,-0.025967631489,0.240298449993,0.364767402411,0.412791252136,0.575200796127,0.693733453751,0.681884646416,0.698367416859,0.825483560562,0.698239207268,0.394896626472,0.183526784182,-0.158282652497,-0.439020603895,-0.526499509811,-0.560646176338,-0.555518567562,-0.539503455162,-0.474426239729,-0.431725651026,-0.428303867579,-0.471272736788,-0.302475899458,-0.036212015897,-0.097821615636,0.125967964530,0.336595952511,0.271278709173,0.639969110489,0.702113866806,0.517926871777,0.600360214710,0.473404079676,0.295615136623,0.045910406858,-0.156978189945,-0.266787528992,-0.493843525648,-0.576187014580,-0.651838004589,-0.679455041885,-0.598275661469,-0.498534828424,-0.291041970253,-0.179046556354,-0.017623098567,0.171606957912,0.253953635693,0.443968534470,0.602936327457,0.776947140694,0.887910664082,0.822943687439,0.880442440510,0.856577873230,0.659241259098,0.482748508453,0.329851090908,0.118925549090,-0.189946219325,-0.213769599795,-0.176913201809,-0.317833393812,-0.257964909077,-0.302614510059,-0.390071928501,-0.436394572258,-0.579950392246,-0.360181599855,-0.194247648120,-0.243428438902,-0.019716238603,0.131190836430,0.224921524525,0.400165110826,0.378284126520,0.366558641195,0.335276037455,0.056738607585,-0.048362001777,0.053640164435,-0.113015420735,-0.414446622133,-0.617291212082,-0.788450837135,-0.787471234798,-0.660047054291,-0.657269001007,-0.607223570347,-0.344588696957,-0.099655091763,0.034398637712,0.176628693938,0.295595526695,0.339387744665,0.372192859650,0.451033264399,0.558508217335,0.618772864342,0.482792258263,0.278123855591,0.296328336000,0.158046483994,-0.189174100757,-0.220474794507,-0.203700855374,-0.313449770212,-0.230604439974,-0.031690951437,0.025107825175,-0.007169144694,0.034433100373,0.059259131551,0.133349582553,0.153072670102,0.081258222461,0.377666890621,0.520998179913,0.348264873028,0.568517684937,0.507833421230,0.229631975293,0.432016730309,0.402494251728,0.220159620047,0.184370651841,-0.023362793028,-0.193667799234,-0.296482950449,-0.384536266327,-0.426177680492,-0.416517257690,-0.299854129553,-0.164722710848,-0.021102186292,0.070872493088,0.152653098106,0.167514652014,0.096327140927,0.237739026546,0.316307932138,0.346434980631,0.538921296597,0.495000183582,0.427131921053,0.385699689388,0.223978325725,0.191581770778,0.030155112967,-0.210452184081,-0.305246412754,-0.379386425018,-0.409877359867,-0.387504845858,-0.283380776644,-0.281649589539,-0.450885355473,-0.514370024204,-0.488800525665,-0.406995147467,-0.199133992195,0.002413306618,0.134269639850,0.221783816814,0.274248838425,0.431212991476,0.600577116013,0.543183684349,0.387179046869,0.253773629665,0.148288071156,0.066303715110,-0.069443367422,-0.260069012642,-0.531948626041,-0.785992681980,-0.858860194683,-0.757651984692,-0.583674311638,-0.415913164616,-0.194754421711,-0.088697575033,-0.054590314627,0.179860904813,0.328332155943,0.407014280558,0.607111871243,0.675832748413,0.705455839634,0.778565049171,0.613072454929,0.387896358967,0.263709336519,-0.043476488441,-0.264589756727,-0.289871275425,-0.441254138947,-0.508781135082,-0.451446622610,-0.381410330534,-0.271799474955,-0.202478468418,-0.213104069233,-0.234458908439,-0.046599689871,0.138426631689,0.206029638648,0.413879930973,0.509308099747,0.517942070961,0.584490239620,0.505586862564,0.432353228331,0.372866660357,0.203977972269,0.013511047699,-0.252159446478,-0.592387318611,-0.800944983959,-0.825387537479,-0.823363602161,-0.836202561855,-0.829043149948,-0.744109690189,-0.526169419289,-0.237778216600,0.028090011328,0.271876782179,0.484435170889,0.553524255753,0.620964586735,0.688417792320,0.601189315319,0.585440635681,0.553527057171,0.394395768642,0.246852830052,0.005191056523,-0.226767092943,-0.377360969782,-0.507545650005,-0.543964684010,-0.536615192890,-0.494217306376,-0.442597866058,-0.427568823099,-0.438965201378,-0.408656179905,-0.256059139967,-0.060716282576,0.197948843241,0.356913864613,0.436573743820,0.727294206619,0.845044434071,0.771802723408,0.823904395103,0.750183820724,0.617776036263,0.549006760120,0.356738597155,0.032883223146,-0.212790027261,-0.283797383308,-0.454831928015,-0.681103110313,-0.783515512943,-0.825737237930,-0.641484677792,-0.348116695881,-0.099140278995,0.077343501151,0.098920129240,0.242470011115,0.416867285967,0.507171928883,0.600120723248,0.560849905014,0.577812969685,0.495588839054,0.234353438020,0.152349457145,-0.001014495268,-0.320704817772,-0.632363557816,-0.826078653336,-0.796201407909,-0.756811261177,-0.671877861023,-0.567961335182,-0.504765927792,-0.347052991390,-0.324418038130,-0.295230269432,-0.092349804938,0.090658612549,0.239909231663,0.296416610479,0.336098998785,0.303498864174,0.264753401279,0.352425456047,0.253725022078,0.154829323292,0.134252816439,-0.016231371090,-0.167353525758,-0.329815715551,-0.405634522438,-0.463161081076,-0.498229354620,-0.446136176586,-0.469641238451,-0.386444002390,-0.264688700438,-0.094437070191,0.136697307229,0.271564364433,0.469558477402,0.513918101788,0.530169367790,0.611988484859,0.601753294468,0.765800356865,0.773963689804,0.619386672974,0.540837824345,0.348011881113,0.134053364396,-0.121955797076,-0.272115647793,-0.341819137335,-0.414049327374,-0.331219077110,-0.315996170044,-0.276907026768,-0.206107929349,-0.246762439609,-0.303813993931,-0.317292183638,-0.189148843288,-0.112116165459,0.031948819757,0.240056157112,0.334254622459,0.506723999977,0.418043613434,0.246972039342,0.330009281635,0.327924668789,0.270506769419,0.091349326074,-0.147695004940,-0.281578153372,-0.475943893194,-0.683915257454,-0.855175137520,-0.905788362026,-0.780916094780,-0.669652104378,-0.573415756226,-0.366573899984,-0.178070858121,-0.044700078666,0.130729243159,0.173178672791,0.140329182148,0.229407042265,0.344035565853,0.509788811207,0.627854287624,0.511601090431,0.391693681479,0.263057470322,-0.010357977822,-0.217092856765,-0.457143694162,-0.569478213787,-0.396109193563,-0.442236363888,-0.549016714096,-0.501203954220,-0.472161412239,-0.413725048304,-0.374361127615,-0.243877559900,-0.116280011833,0.002076327568,0.218911647797,0.344076037407,0.500411570072,0.538270831108,0.446210116148,0.439342230558,0.389204114676,0.339561879635,0.184787347913,0.080897264183,0.012890988030,-0.227816402912,-0.343892574310,-0.499766230583,-0.640059888363,-0.594259738922,-0.542368471622,-0.370044082403,-0.155166313052,0.095875501633,0.337654381990,0.419780761003,0.463169693947,0.554351270199,0.685422539711,0.640089929104,0.547561943531,0.586595296860,0.498192161322,0.350097060204,0.184041917324,-0.071309559047,-0.337459176779,-0.534282684326,-0.504704058170,-0.414840519428,-0.430075734854,-0.428057700396,-0.400024265051,-0.354486376047,-0.408360034227,-0.576786160469,-0.532935559750,-0.270276278257,-0.092169202864,0.032545983791,0.126186981797,0.105700433254,0.146787732840,0.217848137021,0.292131453753,0.366806954145,0.195484369993,0.028416700661,-0.054209288210,-0.219874605536,-0.287536442280,-0.489048928022,-0.687973260880,-0.639681339264,-0.687251508236,-0.665917634964,-0.608334839344,-0.503413140774,-0.179266512394,-0.073473013937,0.104673273861,0.341089695692,0.355899482965,0.698443531990,0.917003452778,0.882241487503,1.014632225037,0.828692734241,0.587756514549,0.570279359818,0.365325570107,0.098151043057,-0.108744971454,-0.326985567808,-0.372757762671,-0.239794060588,-0.267503917217,-0.452462971210,-0.467987656593,-0.396056771278,-0.396804600954,-0.337819635868,-0.261673957109,-0.147029936314,-0.007897847332,0.017448320985,0.180753692985,0.296866446733,0.264240473509,0.298884093761,0.160424053669,0.083744198084,0.018360042945,-0.114844195545,-0.105144761503,-0.322829157114,-0.530135035515,-0.718489825726,-0.914202570915,-0.807484567165,-0.772084534168,-0.611017644405,-0.399985164404,-0.316479355097,-0.139982655644,-0.143056198955,-0.007596146781,0.174512863159,0.169608399272,0.257357299328,0.307040989399,0.463204383850,0.478768914938,0.343196183443,0.340831786394,0.114620685577,-0.123963713646,-0.290095657110,-0.367360979319,-0.279048293829,-0.293951779604,-0.254518628120,-0.292446404696,-0.340277701616,-0.253782570362,-0.239147901535,-0.125892475247,0.000636397395,0.149891033769,0.174845978618,0.142783850431,0.392333269119,0.400343745947,0.405116677284,0.537492871284,0.392804414034,0.382504671812,0.364509075880,0.219851747155,0.140296489000,0.028391165659,-0.027005502954,-0.103784322739,-0.268138825893,-0.444087147713,-0.542402625084,-0.517855167389,-0.361639738083,-0.171677857637,-0.101918406785,-0.050219330937,-0.020073827356,0.094682738185,0.243002220988,0.304395735264,0.459986031055,0.489557594061,0.487005949020,0.487991988659,0.358290910721,0.304758399725,0.122057847679,-0.023062728345,-0.134091883898,-0.314407676458,-0.298673927784,-0.422185003757,-0.458847135305,-0.392541468143,-0.485107153654,-0.442021876574,-0.572093248367,-0.605075418949,-0.440468043089,-0.395702630281,-0.196736097336,-0.183378025889,-0.154065161943,0.052853222936,0.151870012283,0.320939242840,0.271732449532,0.232670560479,0.216543689370,0.017816489562,-0.040607027709,-0.283971637487,-0.467756152153,-0.520498037338,-0.720102727413,-0.707300603390,-0.715784966946,-0.615870714188,-0.291901499033,-0.159304410219,-0.006170145702,0.205477491021,0.351275384426,0.476896494627,0.538961350918,0.555441737175,0.529123902321,0.523810744286,0.583418309689,0.523670196533,0.315125912428,0.142568543553,-0.029338996857,-0.127737402916,-0.151865839958,-0.235214367509,-0.273995429277,-0.265689581633,-0.161253333092,-0.120012037456,-0.101568408310,0.020472714677,-0.083094626665,-0.000630445604,0.181983619928,0.111230432987,0.299862176180,0.333370238543,0.224022626877,0.400538772345,0.336504369974,0.186463013291,0.158741906285,0.085469663143,-0.001041405019,-0.196191683412,-0.346259772778,-0.480744242668,-0.628643870354,-0.612476646900,-0.681541323662,-0.779412686825,-0.670934200287,-0.497713834047,-0.346063792706,-0.239267438650,-0.116314761341,0.009988836944,0.088802605867,0.203348278999,0.282599359751,0.368781059980,0.413281589746,0.298602253199,0.273766577244,0.195975646377,-0.011368284933,-0.105707600713,-0.282996475697,-0.449048131704,-0.404980748892,-0.319229900837,-0.255715519190,-0.187285453081,-0.112670220435,-0.133820682764,-0.171150654554,-0.173367664218,-0.201312884688,-0.044687721878,0.247961327434,0.420204609632,0.468325972557,0.540371835232,0.624063253403,0.627474069595,0.668696284294,0.728524506092,0.628217399120,0.376123428345,0.190136104822,-0.037884883583,-0.352456241846,-0.430862575769,-0.519091963768,-0.600896000862,-0.505048453808,-0.477015346289,-0.341630905867,-0.185321360826,-0.029397796839,0.124247968197,0.114226765931,0.400320410728,0.558814227581,0.392913669348,0.510897755623,0.448833644390,0.313131272793,0.330624282360,0.166461840272,0.074190706015,-0.089863948524,-0.331908822060,-0.472105175257,-0.555862486362,-0.494281917810,-0.498047560453,-0.503448724747,-0.436973214149,-0.321155905724,-0.249221682549,-0.368269592524,-0.262421756983,-0.112147167325,0.040800277144,0.326380282640,0.236622199416,0.172040060163,0.199197277427,0.125362247229,0.273621648550,0.325901299715,0.252250880003,0.102120958269,-0.055042658001,-0.073711104691,-0.289593577385,-0.499369829893,-0.537083566189,-0.599267005920,-0.621446788311,-0.569521367550,-0.437150716782,-0.294271320105,-0.152757167816,0.087593637407,0.321268707514,0.373904258013,0.456461727619,0.599337697029,0.533301413059,0.577269196510,0.726566851139,0.668452560902,0.552958846092,0.322859168053,0.103481404483,-0.001361720846,-0.109695620835,-0.152360767126,-0.241095483303,-0.303383499384,-0.352104783058,-0.428906947374,-0.388635277748,-0.402077913284,-0.395771861076,-0.283678680658,-0.135283157229,-0.031624551862,-0.005532343872,0.180682837963,0.288576990366,0.335036337376,0.556984841824,0.554107785225,0.455727219582,0.380403757095,0.104912914336,-0.066465355456,-0.166779801250,-0.361942082644,-0.439413547516,-0.674460530281,-0.999264657497,-0.800685465336,-0.598130404949,-0.666817069054,-0.431810587645,-0.297797381878,-0.318290561438,-0.016608297825,0.205460399389,0.274509489536,0.328025549650,0.293208777905,0.540162980556,0.669261455536,0.422957688570,0.461470246315,0.317627966404,-0.031060118228,-0.063352905214,-0.325763255358,-0.596727788448,-0.523846089840,-0.469887644053,-0.472879379988,-0.394720852375,-0.276224851608,-0.208665013313,-0.172281727195,-0.270569950342,-0.094069637358,0.295857906342,0.339515388012,0.497378826141,0.554843187332,0.558323800564,0.793325006962,0.577926516533,0.489015489817,0.555299758911,0.285742938519,0.197921842337,0.045892477036,-0.117945104837,-0.184917613864,-0.392438918352,-0.451337158680,-0.530310988426,-0.630264520645,-0.540949761868,-0.374594002962,-0.120101399720,0.099664621055,0.213512688875,0.301838189363,0.428085178137,0.524552166462,0.539302229881,0.606304705143,0.624292016029,0.573967456818,0.508035004139,0.350971072912,0.217270731926,-0.024334955961,-0.295525074005,-0.331329971552,-0.437485665083,-0.540383636951,-0.453990846872,-0.464719295502,-0.522960305214,-0.535686731339,-0.519354104996,-0.482599347830,-0.483149915934,-0.263828307390,-0.024411911145,-0.088616169989,-0.023218391463,0.156800389290,0.293262064457,0.454275727272,0.426058709621,0.409396231174,0.442519098520,0.377588361502,0.293744534254,0.007522996515,-0.288153588772,-0.390255808830,-0.531894922256,-0.672621786594,-0.705236256123,-0.735377073288,-0.692034482956,-0.358237951994,-0.080831646919,0.038273569196,0.365198731422,0.511598646641,0.599547445774,0.857266545296,0.825023233891,0.930605232716,1.077598094940,0.905430793762,0.814041852951,0.620935320854,0.423742860556,0.174381792545,-0.146973684430,-0.154597014189,-0.335768431425,-0.477313667536,-0.359743058681,-0.348259359598,-0.318019807339,-0.382766544819,-0.311036765575,-0.189436495304,-0.067587099969,0.169109314680,0.109896846116,0.176482036710,0.213767513633,0.193336948752,0.424019277096,0.316270142794,0.321026474237,0.389049738646,0.166990861297,0.107020244002,-0.077677004039,-0.331884622574,-0.515013337135,-0.695674479008,-0.744631230831,-0.817074000835,-0.758446276188,-0.517855167389,-0.303481578827,-0.249062746763,-0.241420045495,0.041461165994,0.238860517740,0.304907590151,0.485214501619,0.420043170452,0.384972512722,0.528282761574,0.564747154713,0.581734299660,0.381826847792,0.171944394708,0.119078919291,-0.089531309903,-0.187088206410,-0.227716937661,-0.326043993235,-0.266392856836,-0.308219969273,-0.410336554050,-0.414129704237,-0.369026988745,-0.213886827230,-0.110585972667,-0.045499768108,0.086070932448,0.233112722635,0.444881081581,0.569998323917,0.518246471882,0.506532549858,0.527325391769,0.465020954609,0.490918487310,0.518965065479,0.268464088440,-0.021638125181,-0.170244812965,-0.254315733910,-0.348661214113,-0.521671950817,-0.493018984795,-0.368201524019,-0.441886842251,-0.293344974518,0.099841237068,0.225107371807,0.213482499123,0.361306577921,0.378228694201,0.344460487366,0.554396986961,0.703559100628,0.762259602547,0.645424008369,0.373259335756,0.376528948545,0.305782020092,0.016588924453,-0.102036826313,-0.238086134195,-0.518884718418,-0.418666362762,-0.196500912309,-0.424573123455,-0.347910672426,-0.231589213014,-0.482861727476,-0.366998016834,-0.308202415705,-0.290857672691,-0.018395768479,0.159465834498,0.301406085491,0.287863552570,0.284061402082,0.337498694658,0.250171631575,0.139364123344,0.029766773805,0.011232496239,-0.182135209441,-0.389428436756,-0.373970299959,-0.641569554806,-0.832663416862,-0.755407452583,-0.662052035332,-0.416962832212,-0.257921993732,-0.084160201252,0.058136209846,0.046417616308,0.259914010763,0.492435932159,0.563262283802,0.598489820957,0.618108868599,0.654248952866,0.620407402515,0.510536730289,0.453970313072,0.427521079779,0.265418112278,0.071093320847,-0.139444410801,-0.373405665159,-0.375418245792,-0.368397593498,-0.375753194094,-0.148898169398,0.006077859551,0.003512646770,-0.029493946582,-0.009623075835,0.015805238858,-0.020344851539,0.201453819871,0.357072979212,0.261678606272,0.365442305803,0.409606873989,0.377435594797,0.400299400091,0.271653562784,0.103720307350,-0.008431582712,-0.019240209833,-0.171730756760,-0.435561537743,-0.542875409126,-0.710798680782,-0.692022025585,-0.571881532669,-0.596994817257,-0.358272969723,-0.212517142296,-0.215423762798,0.067329168320,0.253662079573,0.283755838871,0.457339972258,0.554650366306,0.454090178013,0.490370213985,0.485662668943,0.284510850906,0.306190758944,0.218000546098,-0.048881787807,-0.079608447850,-0.214118883014,-0.404803395271,-0.391046196222,-0.339169472456,-0.231741636992,-0.013846833259,0.086766012013,-0.014494528063,0.044260606170,0.183142155409,0.252519249916,0.486066132784,0.600232899189,0.476123899221,0.445466369390,0.507892668247,0.499783724546,0.409229695797,0.235353007913,0.040700495243,-0.052834611386,-0.186775490642,-0.306973636150,-0.421270012856,-0.677037119865,-0.723057270050,-0.685815870762,-0.675710856915,-0.448078721762,-0.284324079752,-0.073401443660,0.215999975801,0.290306299925,0.315220713615,0.327303528786,0.335502177477,0.358336329460,0.351823300123,0.348474264145,0.335520744324,0.295483797789,0.119107559323,-0.121442250907,-0.397400617599,-0.590410590172,-0.522128701210,-0.459747672081,-0.288869053125,-0.081263698637,-0.109456159174,-0.065418884158,-0.110437281430,-0.239619761705,-0.175693228841,-0.131288051605,-0.078221298754,0.026771899313,0.198614373803,0.361177414656,0.388698786497,0.470088243484,0.429520130157,0.334610790014,0.345674514771,0.195024684072,0.112718671560,0.091673687100,-0.022127335891,-0.144770413637,-0.376517117023,-0.539377987385,-0.653178513050,-0.666599392891,-0.512524783611,-0.389574736357,-0.122745878994,-0.042041230947,-0.083077892661,0.232644334435,0.333902448416,0.366778373718,0.626406788826,0.571882247925,0.492132544518,0.607670247555,0.613002061844,0.582519114017,0.419278562069,0.083381220698,-0.137409955263,-0.260734349489,-0.299479484558,-0.131159916520,-0.077158562839,-0.225366577506,-0.276584237814,-0.377942711115,-0.368020832539,-0.128814846277,-0.050192929804,0.005814741831,0.093138791621,0.246903091669,0.442915260792,0.453198552132,0.579076349735,0.598684370518,0.481621950865,0.480846315622,0.240810841322,0.030697749928,-0.062180701643,-0.195642411709,-0.327323496342,-0.574015855789,-0.753434658051,-0.883644342422,-0.833580791950,-0.677635967731,-0.559249103069,-0.203526675701,0.057933975011,0.205004781485,0.286360263824,0.291942656040,0.397303253412,0.319037348032,0.357221066952,0.567804694176,0.558220148087,0.412233561277,0.297348350286,0.189556628466,-0.081623151898,-0.282271176577,-0.517040014267,-0.640181064606,-0.432932972908,-0.530942320824,-0.503752470016,-0.285989463329,-0.330400258303,-0.137214779854,-0.058321703225,-0.092479273677,0.194113314152,0.329520165920,0.428517103195,0.601989567280,0.530245721340,0.442200630903,0.485215485096,0.512895345688,0.473787605762,0.360501021147,0.210874453187,0.048997450620,-0.080015085638,-0.159203246236,-0.302259325981,-0.501921355724,-0.576868116856,-0.535739123821,-0.498716235161,-0.344874858856,-0.182860866189,-0.111087143421,0.049963187426,0.141299188137,0.253767699003,0.399522393942,0.347876816988,0.299776822329,0.321797132492,0.433569729328,0.491711735725,0.436976432800,0.350206077099,0.119088351727,-0.105708226562,-0.398746401072,-0.574614048004,-0.518952131271,-0.525149762630,-0.462287455797,-0.482760757208,-0.502194941044,-0.446175903082,-0.476456761360,-0.397125273943,-0.345981597900,-0.256150782108,-0.065044961870,0.210412204266,0.429294407368,0.355144023895,0.425727933645,0.446360260248,0.344853788614,0.354228585958,0.207717284560,0.206684350967,0.122489266098,-0.125055804849,-0.241844162345,-0.546522021294,-0.678735554218,-0.600760161877,-0.546558022499,-0.363041222095,-0.232716381550,-0.000471653184,0.277364403009,0.466285049915,0.664368927479,0.704939663410,0.802371740341,0.923162937164,0.938077867031,0.897776544094,0.572570741177,0.296019315720,0.165125250816,-0.061119087040,-0.240439385176,-0.442602247000,-0.544344067574,-0.559726774693,-0.599884152412,-0.490014553070,-0.448805481195,-0.393731981516,-0.275990277529,-0.367261528969,-0.352906078100,-0.191295504570,-0.056167863309,0.019988026470,-0.045468695462,-0.049435324967,-0.036757014692,0.007755035069,0.077996715903,0.064117915928,0.117693334818,-0.047954905778,-0.153303340077,-0.074896559119,-0.272457152605,-0.297968208790,-0.399868637323,-0.658655583858,-0.605354189873,-0.632263004780,-0.551589369774,-0.409607142210,-0.396828562021,-0.178826689720,-0.019059602171,0.044779539108,0.193474873900,0.298642009497,0.313042968512,0.469360768795,0.676538348198,0.673136234283,0.721949636936,0.601562917233,0.384060651064,0.335147768259,0.041048590094,-0.085782669485,-0.004291720223,-0.112141206861,-0.095524191856,-0.151396781206,-0.278798729181,-0.253485560417,-0.332140356302,-0.293306857347,-0.118552781641,-0.232398450375,-0.252629071474,-0.044984962791,0.040351342410,0.331624388695,0.551454961300,0.444135308266,0.534284114838,0.578934729099,0.569672763348,0.579895019531,0.310350865126,0.097694784403,-0.097293019295,-0.343760937452,-0.565176725388,-0.816335499287,-0.767255783081,-0.649832785130,-0.582922160625,-0.459198027849,-0.413038223982,-0.221609011292,0.007308886852,0.211462676525,0.279153287411,0.274440973997,0.515549540520,0.537242650986,0.550777256489,0.607930600643,0.399609953165,0.368785738945,0.162381529808,-0.144757524133,-0.248822093010,-0.369369089603,-0.373422384262,-0.520874261856,-0.584081470966,-0.492236018181,-0.512578606606,-0.434426993132,-0.469980180264,-0.401754021645,-0.244443789124,-0.200314208865,0.004391737748,0.136875003576,0.294311225414,0.359518945217,0.295931726694,0.501800060272,0.483419805765,0.292924165726,0.186076313257,-0.009433575906,-0.066597580910,-0.166640818119,-0.352199435234,-0.559519052505,-0.784268021584,-0.768840909004,-0.778081655502,-0.647255480289,-0.257433354855,-0.124766685069,0.032438803464,0.290873229504,0.365322411060,0.535418033600,0.681049048901,0.606470167637,0.655646145344,0.721672177315,0.525357186794,0.427288621664,0.416977614164,0.198101967573,-0.014507639222,-0.177705019712,-0.245246455073,-0.235556870699,-0.315560877323,-0.290441244841,-0.250418573618,-0.227267012000,-0.215436339378,-0.343796998262,-0.363139212132,-0.328913539648,-0.179676160216,-0.002059788443,-0.047287072986,0.076894894242,0.174661189318,0.159421816468,0.312941104174,0.326284796000,0.254867017269,0.206316649914,0.050378035754,-0.150235503912,-0.293862968683,-0.433245688677,-0.659823775291,-0.731963157654,-0.762989103794,-0.797576725483,-0.591625571251,-0.508601427078,-0.426303267479,-0.128461420536,0.023929078132,0.093862503767,0.181163430214,0.264118731022,0.378288418055,0.480591505766,0.485030412674,0.504644155502,0.627865731716,0.489766091108,0.282847017050,0.150568172336,-0.173611402512,-0.225644633174,-0.191338717937,-0.345577299595,-0.257241100073,-0.224066913128,-0.248614072800,-0.063425324857,0.084878265858,0.113507084548,0.124974213541,0.232084035873,0.356895238161,0.522582828999,0.634759366512,0.593236982822,0.577551901340,0.447412818670,0.313381820917,0.199082463980,0.031633812934,-0.019380828366,-0.145822629333,-0.256058752537,-0.396912932396,-0.523396670818,-0.528970897198,-0.695854306221,-0.589230358601,-0.366242945194,-0.300134897232,-0.149034321308,-0.169167980552,-0.096443198621,0.003651439212,0.016932552680,0.133962005377,0.154581353068,0.303256720304,0.343694716692,0.201427772641,0.160299405456,0.044265381992,0.008169712499,-0.050933107734,-0.188949197531,-0.344562292099,-0.490928739309,-0.425127595663,-0.358531028032,-0.244214281440,-0.224474072456,-0.320420950651,-0.212395980954,-0.260283768177,-0.315699309111,-0.272775202990,-0.294734209776,-0.135064810514,0.055539272726,0.130839914083,0.062535420060,0.157258823514,0.384857147932,0.328729629517,0.338087737560,0.262712955475,0.093892060220,0.174821987748,0.093428567052,-0.093380779028,-0.236631408334,-0.450168371201,-0.649163305759,-0.704270422459,-0.534087717533,-0.352177053690,-0.170667380095,-0.041889306158,-0.056718073785,0.050846908242,0.245081275702,0.404677569866,0.493774622679,0.509560644627,0.560963928699,0.582107424736,0.589861273766,0.569746255875,0.443444252014,0.294157624245,0.028202580288,-0.229325070977,-0.205825820565,-0.161002263427,-0.234145611525,-0.289760410786,-0.273641973734,-0.125790953636,-0.135937601328,-0.297125309706,-0.216749653220,-0.088537819684,0.004031107761,0.168219849467,0.310233086348,0.444143533707,0.474833786488,0.409080207348,0.283078223467,0.148386523128,0.110563039780,0.037829447538,-0.072975724936,-0.271863758564,-0.507215321064,-0.663004219532,-0.890763163567,-0.966651082039,-0.834811151028,-0.732080936432,-0.586452245712,-0.381180584431,-0.154399946332,-0.011320753023,0.096070788801,0.237397819757,0.293322175741,0.422287255526,0.522855460644,0.488919347525,0.541655182838,0.535759270191,0.426915049553,0.231597051024,-0.067125976086,-0.238277897239,-0.376819550991,-0.465045183897,-0.359432905912,-0.315787017345,-0.353547573090,-0.366770327091,-0.240544974804,-0.051518782973,-0.111589312553,-0.049412976950,0.148586288095,0.162748843431,0.355406284332,0.477397084236,0.408988982439,0.539567649364,0.570500850677,0.519988834858,0.603330075741,0.557646214962,0.351943701506,0.310695677996,0.294838905334,-0.086035870016,-0.273029744625,-0.248728379607,-0.570540010929,-0.593535125256,-0.386103868484,-0.455435544252,-0.328284978867,-0.128552645445,-0.075666487217,0.096277162433,0.286506056786,0.299690872431,0.234259039164,0.276292473078,0.356267511845,0.435307413340,0.461773991585,0.324934154749,0.136497035623,-0.084667786956,-0.274883031845,-0.410298109055,-0.521214485168,-0.542214989662,-0.576108038425,-0.564030289650,-0.512650549412,-0.513776361942,-0.537394344807,-0.598082125187,-0.445928573608,-0.195053592324,-0.141570404172,-0.020209675655,0.233406037092,0.416617244482,0.471067070961,0.504483044147,0.523358941078,0.448800474405,0.463640213013,0.468572467566,0.270078212023,0.004649635870,-0.175417676568,-0.266203194857,-0.451936155558,-0.493462055922,-0.370723694563,-0.464795917273,-0.446603536606,-0.191551789641,0.083791494370,0.395587474108,0.657021224499,0.695018231869,0.567115545273,0.662184178829,0.826530456543,0.865256905556,0.889209449291,0.668514728546,0.454593271017,0.366502076387,0.128849789500,-0.116476744413,-0.402231901884,-0.629860699177,-0.600649714470,-0.492929816246,-0.386097788811,-0.317699313164,-0.285246133804,-0.226208478212,-0.221209466457,-0.307516217232,-0.341692894697,-0.218803584576,-0.121822267771,-0.094522573054,0.059963475913,0.117692582309,-0.044321667403,-0.035116307437,0.132999151945,0.170161709189,0.132822617888,0.131402969360,-0.042034413666,-0.307345539331,-0.278924852610,-0.323622852564,-0.559686362743,-0.687658667564,-0.734935045242,-0.554090619087,-0.452809095383,-0.363776922226,-0.081202916801,-0.110627405345,-0.056304086000,0.174409583211,0.131826892495,0.195143744349,0.440691769123,0.494735717773,0.494865268469,0.697602808475,0.612637758255,0.365005820990,0.362951487303,0.106523506343,-0.031521894038,0.034064691514,-0.119916550815,-0.036369908601,-0.085638470948,-0.357731014490,-0.232000067830,-0.174896478653,-0.279786944389,-0.112454943359,-0.030614336953,-0.039571642876,0.166337534785,0.288975685835,0.401726931334,0.520450770855,0.452622085810,0.509337723255,0.458827406168,0.316468238831,0.467682749033,0.385160595179,0.120666764677,0.102689549327,-0.078459441662,-0.328145444393,-0.331864148378,-0.377195209265,-0.402962744236,-0.349701106548,-0.333739042282,-0.230545192957,-0.140919357538,-0.002841673093,0.176276460290,0.250611722469,0.439794063568,0.517231822014,0.422378122807,0.501793861389,0.548065006733,0.437721014023,0.318499416113,0.129103586078,-0.190089687705,-0.311864405870,-0.313519924879,-0.493326872587,-0.506290256977,-0.533802151680,-0.493598431349,-0.227134630084,-0.330001771450,-0.408964842558,-0.335538893938,-0.317039072514,-0.134293764830,-0.077133469284,-0.018616165966,0.077311992645,0.125891312957,0.270298600197,0.304304212332,0.335622251034,0.378651767969,0.346163392067,0.251634985209,0.063599079847,-0.036312192678,-0.196661353111,-0.424401193857,-0.477646380663,-0.535567760468,-0.588089525700,-0.508484542370,-0.416321933270,-0.256063610315,-0.067920140922,0.155833229423,0.359282970428,0.252460390329,0.341687202454,0.537831842899,0.462085813284,0.661873579025,0.649089574814,0.433533936739,0.541911363602,0.522729039192,0.421823978424,0.187538042665,-0.082719579339,-0.194514885545,-0.265923559666,-0.128900468349,-0.095283053815,-0.146703884006,-0.140964016318,-0.387376457453,-0.547158956528,-0.422489166260,-0.350293010473,-0.322843253613,-0.209020659328,-0.109134197235,0.071373932064,0.321463853121,0.335037320852,0.224911391735,0.266488850117,0.413281470537,0.326946496964,0.007878631353,-0.105802834034,-0.129354804754,-0.332075506449,-0.569061160088,-0.739764273167,-0.732038736343,-0.603964447975,-0.648196995258,-0.539176762104,-0.162477478385,-0.029152864590,0.138355687261,0.345684230328,0.351727545261,0.532203495502,0.605049788952,0.559481978416,0.687073528767,0.651392757893,0.567223250866,0.494561731815,0.149051770568,-0.085852719843,-0.047001663595,-0.097489692271,-0.081368133426,-0.083867892623,-0.140158459544,0.067350670695,0.136226043105,0.083460964262,0.145637929440,0.158292412758,0.183221012354,0.161670893431,0.225928649306,0.338388383389,0.450162798166,0.610706746578,0.502698004246,0.378619641066,0.392201125622,0.335594922304,0.203819841146,0.143872261047,0.104942411184,-0.268752455711,-0.330400943756,-0.246295392513,-0.710327446461,-0.663159072399,-0.419196724892,-0.659486949444,-0.547514259815,-0.367382615805,-0.301939189434,0.057210844010,0.140414580703,-0.009372539818,0.232162147760,0.310656130314,0.210556536913,0.518167972565,0.425996571779,0.104215599597,0.265183418989,0.131666541100,-0.124760091305,-0.114475034177,-0.251677870750,-0.384485542774,-0.415146499872,-0.426122516394,-0.316050320864,-0.150884434581,-0.239859327674,-0.388102501631,-0.248559907079,-0.192555278540,-0.178292036057,-0.047306507826,-0.063969857991,0.084255248308,0.310758411884,0.254974097013,0.343959569931,0.432135581970,0.329260706902,0.329920738935,0.203835919499,0.077614769340,0.048028048128,0.013356332667,-0.022166961804,-0.323442459106,-0.507242262363,-0.467772513628,-0.394561588764,-0.151811823249,0.015362961218,0.113495469093,0.172019749880,0.245982810855,0.339886575937,0.472253471613,0.740811228752,0.655933082104,0.526881039143,0.559497535229,0.444693654776,0.456730693579,0.309649288654,0.042131416500,-0.171219617128,-0.324592709541,-0.275492161512,-0.396349161863,-0.386137455702,-0.248212441802,-0.201489850879,-0.031568598002,-0.125432163477,-0.197653323412,-0.086851999164,-0.032159663737,0.082273148000,0.121558696032,0.269051134586,0.325037449598,0.206187888980,0.251764476299,0.215132921934,0.175728425384,0.076083533466,-0.047912698239,0.030917482451,-0.167927429080,-0.406096816063,-0.518315255642,-0.791411340237,-0.754343867302,-0.539310097694,-0.470271557570,-0.385534524918,-0.301287859678,-0.142605647445,0.006583318114,0.078142896295,0.135041669011,0.213512957096,0.333809524775,0.379128098488,0.385680615902,0.329384267330,0.246731847525,0.235223636031,0.263677477837,0.216806024313,-0.124562948942,-0.292331367731,-0.158561944962,-0.239459902048,-0.230978548527,-0.082965128124,-0.004912299104,0.099286608398,-0.013606765307,-0.206065967679,-0.138529866934,0.014431479387,0.074071563780,0.085520833731,0.019712755457,0.002583659720,0.202679738402,0.297228127718,0.255488872528,0.286037385464,0.338420242071,0.456452280283,0.396312743425,0.195036545396,0.092716395855,-0.106320098042,-0.252189993858,-0.324840366840,-0.458133310080,-0.483028471470,-0.456649124622,-0.324513405561,-0.100515112281,-0.055576514453,0.043336801231,0.301223397255,0.347916036844,0.467963963747,0.695035159588,0.550925910473,0.401853293180,0.342921972275,0.237012922764,0.271002113819,0.178263753653,-0.087676048279,-0.306721925735,-0.406845390797,-0.438211232424,-0.440731644630,-0.432564914227,-0.474849313498,-0.393582046032,-0.318713605404,-0.358364403248,-0.295820713043,-0.184427857399,-0.099967092276,-0.035073406994,0.065804325044,0.165036424994,0.312143236399,0.432728290558,0.403134912252,0.462263882160,0.348794460297,0.157956227660,0.150379776955,-0.017900634557,-0.113593071699,-0.141421779990,-0.230268865824,-0.281889230013,-0.342202812433,-0.270565599203,-0.236762717366,-0.108947455883,0.080941908062,0.160906568170,0.435832440853,0.493693351746,0.413556963205,0.572074472904,0.623904287815,0.669657826424,0.704023778439,0.656657457352,0.661643147469,0.494259864092,0.170877635479,-0.075286746025,-0.253969043493,-0.309988766909,-0.297448903322,-0.424236714840,-0.449063032866,-0.425963073969,-0.499145448208,-0.359041094780,-0.385626137257,-0.493971586227,-0.284107029438,-0.185191914439,-0.090781792998,-0.028582092375,-0.056728802621,0.117027223110,0.162817731500,0.166206791997,0.252921551466,0.201395437121,0.152514144778,0.090561732650,-0.007045936771,-0.124391652644,-0.292321801186,-0.469480812550,-0.630761921406,-0.685612440109,-0.728482246399,-0.742244303226,-0.609961032867,-0.420587927103,-0.185046061873,0.016235038638,0.221787765622,0.416388899088,0.468291252851,0.545309841633,0.616890549660,0.583974063396,0.479452490807,0.446476608515,0.460550397635,0.301205933094,0.207641825080,0.009950894862,-0.341984480619,-0.395034044981,-0.373096138239,-0.271971076727,-0.131968110800,-0.147579535842,-0.078495353460,-0.102419912815,-0.164566725492,-0.066350921988,0.034353394061,0.168414458632,0.246324717999,0.251518815756,0.340280622244,0.484080016613,0.515300393105,0.428467243910,0.396943986416,0.287272423506,0.100501090288,-0.048575453460,-0.247556358576,-0.290981888771,-0.377540916204,-0.685052573681,-0.731171250343,-0.673801124096,-0.602804899216,-0.342766642570,-0.235305994749,-0.149435058236,0.034037012607,0.254562079906,0.431134521961,0.339709192514,0.426993012428,0.564664244652,0.476999849081,0.529585301876,0.400718808174,0.195691645145,0.170463442802,-0.036310475320,-0.236642822623,-0.279729902744,-0.343122690916,-0.394910275936,-0.399702876806,-0.436986953020,-0.440705984831,-0.282621830702,-0.167959555984,-0.223948344588,-0.271335810423,-0.259933531284,-0.183547303081,-0.059440936893,-0.049253411591,0.001829292742,0.197344750166,0.211064264178,0.146624103189,0.162105605006,0.077706985176,0.043211184442,0.043987002224,-0.144380196929,-0.272807657719,-0.246917471290,-0.312143146992,-0.403062522411,-0.508403003216,-0.527114450932,-0.333890527487,-0.319618523121,-0.289484590292,-0.058890651911,0.071687549353,0.271421194077,0.226207852364,0.058213047683,0.320042252541,0.507514059544,0.593339741230,0.663370907307,0.476349800825,0.334614962339,0.309290230274,0.339842528105,0.286097198725,0.076909489930,-0.021162338555,-0.028319519013,-0.054804310203,-0.146949499846,-0.260480374098,-0.314799368382,-0.343397468328,-0.256649523973,-0.117762982845,-0.095450811088,-0.089262664318,-0.013061617501,0.014369091019,0.106805406511,0.253661066294,0.214624449611,0.219328269362,0.185947969556,0.092565976083,0.157436951995,0.044421304017,-0.096757665277,-0.216597631574,-0.426253914833,-0.448220491409,-0.490349620581,-0.612703859806,-0.698381841183,-0.647723436356,-0.493861705065,-0.350359410048,-0.044222649187,0.108441121876,0.158892780542,0.289208710194,0.311491042376,0.480416595936,0.548846364021,0.456694006920,0.414397537708,0.396848917007,0.443565934896,0.197010487318,-0.004635527264,-0.101619817317,-0.286942750216,-0.049394033849,0.054027073085,-0.040042456239,0.056925661862,0.027853690088,0.075689546764,0.019551305100,-0.122931182384,-0.049645517021,0.048437986523,0.145346820354,0.113438621163,0.140829846263,0.259793877602,0.365308851004,0.455181479454,0.327580779791,0.385527819395,0.325417399406,0.062385480851,0.053122181445,-0.216047182679,-0.296608269215,-0.272581309080,-0.614172160625,-0.623307108879,-0.646286666393,-0.669958949089,-0.482914984226,-0.470768570900,-0.371652305126,-0.310010075569,-0.215803742409,-0.035719640553,-0.007142237853,0.133955448866,0.234010919929,0.323076516390,0.456057339907,0.343207359314,0.252712517977,0.206415802240,0.034189239144,-0.051353622228,-0.086377769709,-0.278715103865,-0.473125159740,-0.412590920925,-0.268792539835,-0.249665781856,-0.253054291010,-0.312983483076,-0.457809686661,-0.410283237696,-0.135215893388,0.040636885911,0.074556730688,0.173959717155,0.303671628237,0.304014891386,0.287780672312,0.349124282598,0.272119790316,0.195048674941,0.253303319216,0.174655824900,0.019163491204,-0.155005648732,-0.280054062605,-0.297511547804,-0.443880230188,-0.609666109085,-0.622824788094,-0.495768010616,-0.338844567537,-0.110334239900,0.204211026430,0.246753394604,0.302181839943,0.450439244509,0.418075352907,0.529131531715,0.530405163765,0.429936617613,0.414758920670,0.242496088147,0.295134305954,0.240743160248,-0.110568813980,-0.268155843019,-0.455496042967,-0.482824802399,-0.390749603510,-0.381159186363,-0.265614032745,-0.265643954277,-0.213210731745,-0.177829891443,-0.190932586789,-0.006168569904,-0.025672154501,-0.004503641743,0.189448833466,0.261221855879,0.422450214624,0.368306517601,0.128459379077,0.141571536660,0.142601311207,0.024491511285,-0.001424317830,-0.034377668053,-0.248488500714,-0.432028651237,-0.552399158478,-0.713286697865,-0.634121537209,-0.431868344545,-0.337867975235,-0.214614272118,-0.130409851670,-0.059882216156,0.033871397376,0.039390318096,0.156158760190,0.242411375046,0.175378113985,0.289593011141,0.410579353571,0.363359063864,0.259803682566,0.185191974044,0.098160371184,-0.050448078662,-0.077061995864,-0.186762392521,-0.278226435184,-0.208556339145,-0.285561531782,-0.244397759438,-0.181643664837,-0.204673528671,-0.187923252583,-0.334149807692,-0.264795750380,-0.037114042789,0.087431959808,0.231376990676,0.185788929462,0.167975887656,0.264636009932,0.258477896452,0.246722921729,0.270393848419,0.286589473486,0.158338800073,-0.048069640994,-0.216430932283,-0.243864700198,-0.188027188182,-0.414049476385,-0.656490027905,-0.676463484764,-0.615161001682,-0.357935905457,-0.063470423222,0.044669244438,0.028459668159,0.133254349232,0.360959589481,0.407659292221,0.448386371136,0.538614034653,0.518059611320,0.543949425220,0.399675518274,0.087796151638,-0.040418680757,-0.233517915010,-0.465338528156,-0.487670630217,-0.540060758591,-0.514008820057,-0.363421261311,-0.378518104553,-0.379624038935,-0.304808557034,-0.289183259010,-0.210712999105,-0.108443923295,-0.031477492303,0.124665111303,0.304962188005,0.412395298481,0.406839400530,0.315087348223,0.298094451427,0.337240010500,0.326693356037,0.295869886875,0.236939743161,0.208147034049,0.107736214995,-0.105483911932,-0.222883954644,-0.314851105213,-0.327222734690,-0.276317358017,-0.311014115810,-0.190576180816,-0.006299867760,0.053430680186,0.106187753379,0.224844932556,0.438004285097,0.462247997522,0.280738264322,0.334724992514,0.481434375048,0.464830875397,0.436148583889,0.320211738348,0.120233424008,-0.017631694674,-0.134706214070,-0.241317316890,-0.386387079954,-0.474086314440,-0.431161940098,-0.434828847647,-0.451262354851,-0.403901219368,-0.445662975311,-0.561718583107,-0.501053690910,-0.341305732727,-0.203836560249,-0.076517999172,-0.058785118163,0.025369934738,0.100003249943,0.149487897754,0.320854127407,0.282073020935,0.249827206135,0.252461850643,0.001790799550,-0.172116607428,-0.280457258224,-0.376971423626,-0.481435120106,-0.675682306290,-0.712582468987,-0.645071804523,-0.581008851528,-0.382332921028,-0.123300306499,0.052063088864,0.271564543247,0.463040500879,0.482082158327,0.544996082783,0.627205014229,0.735200524330,0.888487756252,0.816015958786,0.580221831799,0.304555505514,0.091012217104,-0.042427558452,-0.196563348174,-0.223756641150,-0.313631623983,-0.442638874054,-0.279621362686,-0.195605352521,-0.292960256338,-0.238518849015,-0.253615409136,-0.385091543198,-0.137281775475,0.175207942724,0.271071106195,0.567022323608,0.489561945200,0.330324143171,0.713075518608,0.611413478851,0.429990142584,0.572995364666,0.309867322445,0.102790795267,-0.022906290367,-0.323984414339,-0.503656685352,-0.568175613880,-0.649642705917,-0.750918567181,-0.733052909374,-0.774576365948,-0.642635285854,-0.233083024621,-0.089687846601,0.003281854792,0.122433245182,0.193065240979,0.343764573336,0.493709564209,0.646063327789,0.572638213634,0.486936658621,0.464355260134,0.246200755239,0.014103124849,-0.282862275839,-0.359508216381,-0.276625007391,-0.430332362652,-0.435697883368,-0.485052406788,-0.627712070942,-0.472016751766,-0.390914112329,-0.419111996889,-0.365457236767,-0.333342254162,-0.248445793986,-0.146253570914,-0.018764546141,0.169660091400,0.257448345423,0.280589103699,0.354341268539,0.368525475264,0.259659290314,0.216747716069,0.220116332173,0.097569935024,0.038048446178,-0.019585862756,-0.267272561789,-0.439698368311,-0.454369127750,-0.414235144854,-0.361932069063,-0.322940707207,-0.186618611217,-0.037929538637,0.070823714137,0.291446506977,0.417998075485,0.404771894217,0.479455530643,0.554809033871,0.695845723152,0.780955553055,0.615623652935,0.525478899479,0.426588147879,0.238510683179,0.116544589400,-0.160147652030,-0.356763720512,-0.342036515474,-0.424588650465,-0.409106522799,-0.345900893211,-0.422450810671,-0.325673788786,-0.169249311090,-0.222648397088,-0.093066096306,0.130581662059,-0.008201870136,0.054965518415,0.291874259710,0.249162256718,0.387486606836,0.390984863043,0.212396547198,0.225191593170,0.014505693689,-0.146649673581,-0.217963218689,-0.417038142681,-0.490798622370,-0.637080430984,-0.752365291119,-0.707703471184,-0.717766642570,-0.737617731094,-0.539087474346,-0.156373947859,0.050568841398,0.219865441322,0.324232459068,0.303825467825,0.478572666645,0.553536117077,0.557723820210,0.618697583675,0.544614434242,0.539042651653,0.518176496029,0.404252707958,0.300880521536,0.166648894548,0.045029252768,-0.005796999671,0.021845301613,0.033494580537,0.044126961380,0.060305375606,0.108748398721,0.116503201425,-0.111958831549,-0.139853641391,0.058290008456,0.051033195108,0.121355488896,0.213606655598,0.194867968559,0.328125268221,0.414294630289,0.390052318573,0.316091239452,0.176776200533,0.240553721786,0.229625597596,-0.057046152651,-0.209067851305,-0.360993981361,-0.547787845135,-0.585555493832,-0.693956732750,-0.750906884670,-0.570853888988,-0.392012089491,-0.324315726757,-0.168446868658,-0.044443655759,-0.066466055810,0.056483719498,0.199303284287,0.290988445282,0.372118562460,0.319884508848,0.361380785704,0.371343582869,0.219409212470,0.073470480740,-0.176194205880,-0.350245535374,-0.278904825449,-0.212889179587,-0.315682381392,-0.457385808229,-0.377647161484,-0.243421569467,-0.338575571775,-0.351754486561,-0.167390123010,-0.116266913712,-0.016951948404,0.278871804476,0.387865602970,0.337532281876,0.425197035074,0.560877144337,0.529963970184,0.416102349758,0.331597983837,0.250834137201,0.257516145706,0.119396597147,-0.049965586513,-0.114507719874,-0.433723241091,-0.432280719280,-0.335274964571,-0.502086997032,-0.219509840012,-0.106569111347,-0.135117709637,0.087753236294,0.089266762137,0.183247372508,0.362574517727,0.555321514606,0.676720261574,0.578829109669,0.608901262283,0.620424032211,0.537610232830,0.403904587030,0.198498621583,-0.031979784369,-0.327181398869,-0.406990587711,-0.371368825436,-0.371336311102,-0.314437329769,-0.339226424694,-0.289715796709,-0.281914860010,-0.343636065722,-0.211495682597,-0.170231968164,-0.174586817622,-0.115832336247,-0.053570643067,0.064548656344,0.084062442183,0.161563187838,0.227140158415,0.197139933705,0.252771109343,0.180525079370,0.088514104486,-0.003076995257,-0.197497785091,-0.245855703950,-0.346325635910,-0.596375882626,-0.676141321659,-0.591596961021,-0.550023913383,-0.402354598045,-0.217887952924,-0.275132238865,-0.140489503741,0.047249589115,0.066999420524,0.315613090992,0.340026676655,0.247592985630,0.387201249599,0.412220060825,0.479411095381,0.439535379410,0.196316525340,0.071586817503,0.027443438768,-0.034817945212,-0.165064990520,-0.258239597082,-0.342076927423,-0.286159068346,-0.009615231305,0.004307533614,-0.074795462191,-0.088292255998,-0.203652977943,-0.082350872457,0.152313351631,0.296717166901,0.414085417986,0.459287822247,0.458784431219,0.373894929886,0.360263586044,0.355696022511,0.271436303854,0.243746429682,0.111362330616,-0.013066248968,-0.128296881914,-0.355084776878,-0.498326539993,-0.588889122009,-0.614591777325,-0.532973885536,-0.314930438995,-0.110275715590,-0.052384577692,0.139294371009,0.312945038080,0.435890972614,0.597580850124,0.568294584751,0.624489486217,0.620707035065,0.346760064363,0.253405809402,0.140692397952,-0.063253134489,-0.103888034821,-0.336177319288,-0.593623876572,-0.580443263054,-0.601633191109,-0.552571415901,-0.378375560045,-0.294621765614,-0.241635262966,-0.241043806076,-0.278172641993,-0.195128425956,-0.069883801043,-0.058873336762,-0.030582325533,0.104349054396,0.290261715651,0.439424484968,0.409496754408,0.416632682085,0.445456415415,0.367719203234,0.367615252733,0.195525959134,0.004091836046,0.038351856172,-0.064738646150,-0.266579121351,-0.341094970703,-0.247129023075,-0.180189684033,-0.078317351639,0.090225800872,0.054306194186,0.144453123212,0.252049267292,0.274405956268,0.396277070045,0.349306732416,0.388982266188,0.377860516310,0.304671645164,0.344899356365,0.122130237520,0.054071478546,-0.031228544191,-0.350687563419,-0.412205815315,-0.492646068335,-0.562444686890,-0.487686693668,-0.453829407692,-0.369781017303,-0.223427996039,-0.264930725098,-0.409001231194,-0.218710139394,-0.079426467419,-0.125477984548,0.029823111370,0.109519876540,0.202155396342,0.347662329674,0.230823606253,0.175958007574,0.245300784707,0.121492438018,0.086654022336,0.147581040859,-0.172949895263,-0.493278264999,-0.509039044380,-0.586997330189,-0.611475169659,-0.568668305874,-0.538080394268,-0.360280483961,-0.237311527133,-0.100740186870,0.172077402472,0.368685275316,0.542224049568,0.673219084740,0.777679681778,0.876402676105,0.859228432178,0.897885322571,0.853469789028,0.661221206188,0.504778563976,0.260713845491,0.022695703432,-0.221454858780,-0.354312747717,-0.242738395929,-0.256170362234,-0.314938515425,-0.337573647499,-0.285434514284,-0.062273092568,0.002246574964,-0.007130141836,0.061326697469,0.143705010414,0.205284416676,0.220008090138,0.343942463398,0.447534680367,0.477652072906,0.480211675167,0.405178159475,0.355898678303,0.160911366343,-0.063722528517,-0.070601455867,-0.172602310777,-0.399511754513,-0.539380669594,-0.691196382046,-0.795973658562,-0.668441832066,-0.509215712547,-0.401420325041,-0.239002004266,-0.180684551597,-0.116745188832,0.064060144126,0.210971266031,0.294105768204,0.252293437719,0.298035293818,0.388384163380,0.306520283222,0.371737331152,0.371252417564,0.140996098518,-0.006433284376,-0.138867259026,-0.222750470042,-0.306136399508,-0.432573109865,-0.443221062422,-0.390770286322,-0.343933224678,-0.372354149818,-0.408862680197,-0.391767740250,-0.282316982746,-0.050340116024,0.042226921767,0.082093454897,0.139190956950,0.132371768355,0.337372213602,0.431778848171,0.286490052938,0.331110328436,0.289287388325,0.144997566938,0.097774729133,-0.055958703160,-0.134020149708,-0.188853949308,-0.437443107367,-0.555580794811,-0.540826261044,-0.610182046890,-0.551245033741,-0.310337007046,-0.103118784726,0.133758902550,0.364504158497,0.392275303602,0.479063361883,0.605016946793,0.590474605560,0.734276115894,0.794208943844,0.626861929893,0.534531176090,0.376950234175,0.182758808136,-0.033576518297,-0.265382260084,-0.301672160625,-0.316771656275,-0.368206530809,-0.419640958309,-0.478186190128,-0.466790735722,-0.490422546864,-0.420062631369,-0.314583152533,-0.346746265888,-0.185099780560,-0.019134705886,-0.027811780572,0.185219570994,0.351020544767,0.350104361773,0.479328334332,0.456029325724,0.354680597782,0.382643252611,0.174738273025,-0.194370687008,-0.414481729269,-0.570020854473,-0.690859556198,-0.727408349514,-0.743309020996,-0.769101679325,-0.763283550739,-0.580278992653,-0.238626599312,-0.044000267982,0.057077385485,0.263352453709,0.390321195126,0.427655875683,0.550049543381,0.614921450615,0.590127825737,0.658400714397,0.664068579674,0.549652636051,0.395295560360,0.139262557030,0.021967655048,0.017730513588,-0.060650691390,-0.073022045195,-0.125052660704,-0.191899597645,-0.147191852331,-0.122898712754,-0.124362684786,-0.118690356612,-0.049539688975,0.091559268534,0.110731288791,0.047772914171,0.173580452800,0.321282327175,0.338792383671,0.424633592367,0.396583765745,0.279643476009,0.289873957634,0.166726276278,-0.086443811655,-0.242219954729,-0.309553533792,-0.445625633001,-0.609373390675,-0.622646808624,-0.617522478104,-0.603005468845,-0.534683763981,-0.455784320831,-0.325133889914,-0.202840864658,-0.031475678086,0.156166374683,0.258397668600,0.283445507288,0.339437544346,0.484605193138,0.435674250126,0.367146223783,0.441847264767,0.285044610500,-0.021905435249,-0.243168994784,-0.345918297768,-0.413507908583,-0.471698194742,-0.422058314085,-0.363535791636,-0.292459130287,-0.226669237018,-0.234441787004,-0.150094822049,-0.141702428460,-0.221468359232,0.066227547824,0.307338982821,0.261629611254,0.420082718134,0.462850183249,0.418475031853,0.507705569267,0.450136393309,0.392002344131,0.209775462747,0.036475986242,0.015167618170,-0.136272773147,-0.212231099606,-0.297816634178,-0.355978369713,-0.371521204710,-0.457610726357,-0.303789854050,-0.089166603982,0.172391772270,0.263513892889,0.143558219075,0.291409134865,0.317410528660,0.438011139631,0.575415611267,0.388359308243,0.480144798756,0.421133816242,0.270609468222,0.281832158566,0.085972547531,0.023699514568,-0.173124149442,-0.317073583603,-0.259168893099,-0.358762919903,-0.197141945362,-0.170958474278,-0.226278379560,-0.148017749190,-0.250326275826,-0.199925854802,-0.215830296278,-0.114339806139,-0.077311210334,-0.310961574316,-0.096891298890,0.005574000534,0.081677548587,0.227557778358,0.009323940612,0.028567630798,0.061345737427,0.153662085533,0.252262115479,0.028633296490,-0.092856436968,-0.427259504795,-0.582545578480,-0.402800440788,-0.418541580439,-0.320033848286,-0.315547406673,-0.298579216003,-0.204162046313,-0.174445003271,0.062555275857,0.128119587898,0.142620474100,0.280300527811,0.371240466833,0.482660323381,0.447911202908,0.426649183035,0.412310153246,0.334388285875,0.224404573441,-0.001802229672,-0.100045256317,-0.136730909348,-0.179469659925,-0.219771534204,-0.269286572933,-0.237415507436,-0.206696897745,-0.107977271080,-0.209276154637,-0.304646670818,-0.070273756981,-0.006297461223,0.075137041509,0.194597378373,0.234947144985,0.379065930843,0.412428885698,0.491190761328,0.473967939615,0.319678962231,0.217244818807,0.087328270078,0.033243626356,-0.212420731783,-0.409743785858,-0.537149906158,-0.717727124691,-0.549349725246,-0.611015796661,-0.607920050621,-0.335189461708,-0.304918229580,-0.054429404438,0.019350582734,0.054667554796,0.328284174204,0.345939218998,0.457020759583,0.446299821138,0.393726527691,0.409359157085,0.234674826264,0.171230033040,-0.097642458975,-0.297992825508,-0.359464585781,-0.572502851486,-0.500534713268,-0.484329998493,-0.399165868759,-0.231522768736,-0.312827706337,-0.283433794975,-0.407529383898,-0.423594683409,-0.219307392836,-0.178766414523,0.036562595516,0.255115360022,0.367889583111,0.416608840227,0.447499722242,0.607604026794,0.629492461681,0.641811430454,0.506891369820,0.226860299706,0.216185718775,0.061587359756,-0.229942962527,-0.374011307955,-0.458626836538,-0.371121704578,-0.288749068975,-0.237291678786,-0.135444462299,-0.073089241982,0.184218481183,0.435046613216,0.440245985985,0.417550206184,0.365569293499,0.468769967556,0.655277848244,0.623627364635,0.458687812090,0.209715187550,0.114027611911,0.034543190151,-0.195465877652,-0.344035387039,-0.538393020630,-0.517224609852,-0.385381758213,-0.445057690144,-0.326410472393,-0.230419397354,-0.182891726494,-0.127824485302,-0.192908629775,-0.102811180055,-0.075900778174,-0.086635768414,0.042882602662,0.146923273802,0.254087567329,0.195808738470,0.101971089840,0.054349269718,-0.000428552623,-0.012025094591,-0.166774615645,-0.154547303915,-0.214006960392,-0.514131724834,-0.527427971363,-0.581883788109,-0.554253399372,-0.355580896139,-0.265982329845,-0.026024185121,0.147668033838,0.297382086515,0.406485348940,0.370922565460,0.462862968445,0.505438625813,0.574013650417,0.515616953373,0.435573101044,0.609063208103,0.501470804214,0.443393349648,0.369073778391,-0.044428426772,-0.135819062591,-0.123801641166,-0.171094313264,-0.141859084368,-0.157242551446,-0.011622178368,0.143952548504,0.207731664181,0.183562099934,0.033550284803,0.044481549412,0.098813883960,0.047867346555,0.126234084368,0.139765813947,0.027758076787,0.161783799529,0.341372579336,0.304484486580,0.254864990711,0.190448746085,0.020607743412,-0.093989819288,-0.121867425740,-0.265447705984,-0.414979398251,-0.360805302858,-0.332922399044,-0.434842497110,-0.450727730989,-0.389519900084,-0.411952108145,-0.295025825500,0.104277983308,0.178026601672,0.058365274221,0.286174148321,0.198815003037,0.040190566331,0.459434598684,0.489243119955,0.125865697861,0.244254142046,0.213528051972,-0.137288838625,-0.071634508669,-0.121217571199,-0.486260831356,-0.487927496433,-0.365824371576,-0.356547653675,-0.247791200876,-0.146680548787,-0.325924545527,-0.528432428837,-0.353196799755,-0.180525109172,-0.085291810334,0.105596847832,0.250622987747,0.419258773327,0.462499350309,0.472408950329,0.458476126194,0.322398722172,0.333082795143,0.229999318719,0.090855807066,-0.081833109260,-0.382682532072,-0.335250020027,-0.372940450907,-0.559432804585,-0.569806694984,-0.626397252083,-0.443028181791,-0.211407080293,-0.083106487989,0.254584252834,0.356139004230,0.292102038860,0.492987841368,0.588660717010,0.578036963940,0.637215852737,0.517288446426,0.411090403795,0.487709283829,0.439958870411,0.270821750164,0.112855702639,-0.100508324802,-0.231413394213,-0.273647546768,-0.393123239279,-0.434458553791,-0.365480393171,-0.344828546047,-0.364003062248,-0.363292694092,-0.404429465532,-0.409461766481,-0.232405588031,-0.148884162307,-0.045922849327,0.245698645711,0.411561280489,0.521793365479,0.468211591244,0.360149830580,0.357607573271,0.152802005410,0.083051562309,0.004239300266,-0.276214212179,-0.360888868570,-0.492040157318,-0.573288321495,-0.560355126858,-0.651349723339,-0.601124465466,-0.477675229311,-0.295044213533,-0.055064655840,0.107155166566,0.260051846504,0.410879015923,0.493628203869,0.547118067741,0.759757161140,0.828395962715,0.664359569550,0.806085526943,0.760337710381,0.370661675930,0.259886026382,0.001858910662,-0.276316940784,-0.236261487007,-0.309229761362,-0.291270941496,-0.243757724762,-0.309497088194,-0.216851890087,-0.199911162257,-0.224599838257,-0.073008961976,0.058558866382,0.122795447707,0.317794114351,0.401204317808,0.300874590874,0.452974379063,0.388441354036,0.257987618446,0.426637649536,0.068757332861,-0.142560467124,-0.103254280984,-0.502461552620,-0.481076538563,-0.487186521292,-0.808076322079,-0.815170466900,-0.879498958588,-0.770009398460,-0.474457651377,-0.346684247255,-0.104925394058,0.124694615602,0.231778472662,0.401495575905,0.556084692478,0.645713746548,0.714807987213,0.672069132328,0.647404968739,0.641510128975,0.319458663464,0.038390144706,-0.019002132118,-0.246128171682,-0.383202195168,-0.389916121960,-0.512739419937,-0.529415190220,-0.454543024302,-0.320281744003,-0.116819150746,-0.047791689634,0.021526601166,0.137815654278,0.162224605680,0.248843207955,0.313497811556,0.326491117477,0.464890152216,0.457509547472,0.344154417515,0.413453370333,0.430429041386,0.334803014994,0.231447204947,0.022250875831,-0.197818487883,-0.274516761303,-0.273887634277,-0.311497181654,-0.439706385136,-0.572928726673,-0.462220460176,-0.198645681143,-0.078705199063,0.058849778026,0.226918503642,0.262952089310,0.352883517742,0.373617082834,0.278040260077,0.310095787048,0.306720286608,0.359103888273,0.456487864256,0.309422612190,0.178979560733,0.047974713147,-0.133922025561,-0.240111827850,-0.302789002657,-0.215687975287,-0.291206181049,-0.297162771225,-0.114654377103,-0.234256610274,-0.163867235184,-0.138002619147,-0.281169235706,-0.165583297610,-0.262750208378,-0.199001982808,-0.085176497698,-0.073161147535,0.249917030334,0.260573357344,0.313310801983,0.450278311968,0.261557281017,0.200050756335,0.148553848267,0.087152570486,-0.123277634382,-0.280469506979,-0.339991301298,-0.645954132080,-0.585915088654,-0.508046865463,-0.532980084419,-0.318258017302,-0.324196130037,-0.122069850564,0.138253539801,0.118029564619,0.254401862621,0.346608817577,0.434550642967,0.588007509708,0.635994553566,0.576723992825,0.374521285295,0.326646387577,0.420723050833,0.230198502541,-0.076688192785,-0.105948038399,-0.148448720574,-0.263460129499,-0.119327798486,-0.112536981702,-0.264381706715,-0.242676213384,-0.232989996672,-0.151917681098,-0.067550212145,-0.112862385809,0.029934315011,0.177175655961,0.155631497502,0.300651252270,0.400263398886,0.411464869976,0.550423860550,0.498420238495,0.376030236483,0.268749207258,0.069988921285,-0.019468920305,-0.147683247924,-0.277522593737,-0.436947792768,-0.689190804958,-0.656347453594,-0.480167537928,-0.385107755661,-0.254427611828,-0.120188616216,-0.091827414930,-0.056655682623,0.057048898190,0.064854338765,0.127567052841,0.300505042076,0.411585092545,0.368774056435,0.192405045033,0.242545798421,0.197322174907,-0.093547202647,-0.109751619399,-0.173127397895,-0.323188781738,-0.264681518078,-0.247322082520,-0.225357353687,-0.090061463416,-0.032946888357,-0.116791978478,-0.121723659337,-0.176069498062,-0.231514140964,0.082144826651,0.152213573456,0.090254850686,0.396614521742,0.321790605783,0.300636380911,0.624793112278,0.439356118441,0.285338431597,0.350128114223,0.240561217070,0.212232708931,0.134043738246,0.037996441126,-0.163531318307,-0.382708042860,-0.300082802773,-0.283635437489,-0.231769233942,-0.169411763549,-0.157546266913,0.041300691664,0.080844685435,0.170670762658,0.339419960976,0.317708015442,0.481971889734,0.585559606552,0.461760401726,0.483078658581,0.467261970043,0.340632975101,0.199334740639,-0.102910012007,-0.316069215536,-0.354902803898,-0.548083841801,-0.662557959557,-0.552876889706,-0.572760939598,-0.521070718765,-0.321217238903,-0.364404469728,-0.401487022638,-0.333577841520,-0.233122214675,-0.009324708022,0.081662081182,0.262493282557,0.397530347109,0.299017399549,0.409459352493,0.287435531616,0.096978709102,0.198248520494,0.047589994967,-0.109503254294,-0.234216555953,-0.376963764429,-0.428991645575,-0.612276494503,-0.574591100216,-0.484615713358,-0.447160303593,-0.155704960227,0.015744814649,0.083873331547,0.166555613279,0.280641555786,0.524530351162,0.697504818439,0.820359408855,0.871734321117,0.801818668842,0.669269084930,0.516958832741,0.460205048323,0.289049804211,0.035116896033,-0.102576151490,-0.332998484373,-0.388586908579,-0.186245694757,-0.211849048734,-0.270026504993,-0.154725611210,-0.093908876181,-0.100381650031,-0.034054432064,0.067633315921,0.063791103661,0.120183795691,0.191333472729,0.288034468889,0.506447672844,0.434795409441,0.334137797356,0.366960048676,0.174406468868,0.076498970389,0.086015507579,-0.091212697327,-0.365515828133,-0.511011302471,-0.695041656494,-1.010907411575,-0.915427446365,-0.716946005821,-0.662132561207,-0.424763292074,-0.307938873768,-0.146426767111,0.096769392490,0.184983462095,0.313268095255,0.349310725927,0.334411710501,0.460024803877,0.538123250008,0.395888954401,0.269917249680,0.212631314993,0.011125150137,-0.145071253181,-0.306065350771,-0.434715390205,-0.475319087505,-0.600568115711,-0.498064368963,-0.393497228622,-0.356058508158,-0.108327448368,-0.074564278126,-0.109798111022,-0.093540824950,-0.098729684949,0.194433048368,0.422487139702,0.410277396441,0.516060352325,0.635057687759,0.601900577545,0.616017699242,0.614099919796,0.327196925879,0.101380757987,-0.003630948719,-0.244036361575,-0.426580607891,-0.633724331856,-0.775506854057,-0.748686611652,-0.745129525661,-0.582593262196,-0.333002567291,-0.066313572228,0.186456948519,0.264089524746,0.396471112967,0.566733241081,0.731507718563,0.815559923649,0.718676447868,0.681906282902,0.588328063488,0.477642685175,0.429560840130,0.290873914957,0.031929396093,-0.375641614199,-0.581189692020,-0.690109074116,-0.766543567181,-0.555909931660,-0.495320290327,-0.438998341560,-0.355137050152,-0.435926109552,-0.250800937414,-0.078486278653,-0.046412277967,0.034553617239,0.018300514668,0.059899877757,0.212798714638,0.281209617853,0.227465257049,0.201667115092,0.083276838064,-0.040409684181,-0.041401237249,-0.294899821281,-0.466958671808,-0.467173010111,-0.618047416210,-0.630667388439,-0.662069976330,-0.685413837433,-0.577865779400,-0.559794664383,-0.364325284958,-0.073604643345,0.110803417861,0.325682550669,0.476848632097,0.604588329792,0.698170006275,0.645527541637,0.698946714401,0.863975644112,0.798792481422,0.622465014458,0.494627743959,0.263743072748,0.098183266819,-0.028852736577,-0.297386497259,-0.337045609951,-0.252213597298,-0.353294610977,-0.317929416895,-0.244098961353,-0.273533701897,-0.152651846409,-0.045411828905,0.013871526346,0.152892455459,0.244384586811,0.369912058115,0.491080135107,0.462248623371,0.507603049278,0.570405721664,0.430810272694,0.333238244057,0.223822459579,-0.008794459514,-0.163723349571,-0.473806977272,-0.719275116920,-0.647905707359,-0.775643050671,-0.845809817314,-0.733142852783,-0.743328750134,-0.514138460159,-0.314352571964,-0.226440861821,0.100370623171,0.196167618036,0.188627541065,0.319538831711,0.335098832846,0.468990683556,0.627084374428,0.593516409397,0.504721343517,0.405724078417,0.310563951731,0.075064547360,-0.244811981916,-0.439834773540,-0.529632091522,-0.519162535667,-0.413014590740,-0.316764742136,-0.351450234652,-0.379636287689,-0.309248268604,-0.246098160744,-0.177833005786,-0.106476865709,0.020756343380,0.166677221656,0.312866806984,0.449107408524,0.421878069639,0.430997252464,0.530439972878,0.532261729240,0.419975578785,0.231937631965,0.171200200915,0.072580434382,-0.239537551999,-0.459029585123,-0.624332487583,-0.706398725510,-0.577438652515,-0.545409500599,-0.482712298632,-0.319285184145,-0.256549924612,-0.019916241989,0.171091467142,0.230868309736,0.411610454321,0.390124648809,0.479331374168,0.716885864735,0.594994843006,0.474191278219,0.404619842768,0.239897713065,0.120326124132,-0.103233806789,-0.389815002680,-0.539011418819,-0.462134987116,-0.264480590820,-0.215790569782,-0.400909662247,-0.504204869270,-0.344928026199,-0.320553302765,-0.376600027084,-0.254827886820,-0.128592133522,0.042197596282,0.135255888104,0.133421167731,0.212332561612,0.262315243483,0.365065425634,0.438706845045,0.348589628935,0.219415619969,0.114109978080,0.004254470114,-0.200565233827,-0.376896411180,-0.574627339840,-0.733270347118,-0.599394381046,-0.544665873051,-0.549055695534,-0.405428349972,-0.348294913769,-0.135225281119,0.143135428429,0.158278152347,0.235774829984,0.402976959944,0.497878164053,0.647263586521,0.788409888744,0.791595518589,0.682932257652,0.512978494167,0.333676934242,0.107559204102,-0.153866752982,-0.212849602103,-0.247301518917,-0.455978214741,-0.423599720001,-0.332165569067,-0.396901667118,-0.203384101391,-0.097851470113,-0.198034271598,-0.179563477635,-0.222586005926,-0.035999156535,0.187196835876,0.144109398127,0.334794104099,0.467406094074,0.412042826414,0.408028930426,0.334085315466,0.246651411057,0.112555801868,0.024570181966,-0.093432411551,-0.320175200701,-0.518614649773,-0.721911609173,-0.796266078949,-0.748164951801,-0.637744486332,-0.557861983776,-0.426418840885,-0.173271924257,-0.199096947908,-0.175812304020,0.064095221460,0.181082427502,0.309540897608,0.359847456217,0.458869397640,0.572312474251,0.418259203434,0.268397808075,0.102918386459,-0.120027773082,-0.208035111427,-0.274881899357,-0.383556514978,-0.394793331623,-0.403726547956,-0.460751324892,-0.343200474977,-0.266530871391,-0.356212377548,-0.323829859495,-0.210898086429,-0.121487922966,0.036075279117,0.206459999084,0.243880212307,0.450577378273,0.762664616108,0.715921521187,0.726948440075,0.763885736465,0.488506764174,0.369825005531,0.341351538897,0.161149248481,-0.051830887794,-0.265557557344,-0.429994732141,-0.529673993587,-0.540299057961,-0.572242140770,-0.495764881372,-0.193335533142,-0.071664921939,-0.101681336761,-0.029552998021,0.093658126891,0.331843197346,0.536237657070,0.554783642292,0.583550155163,0.631778657436,0.588703989983,0.351895481348,0.072414219379,-0.001347403042,-0.139011606574,-0.360275387764,-0.487181156874,-0.537357032299,-0.461159288883,-0.414700627327,-0.471337944269,-0.547454178333,-0.477541178465,-0.377981007099,-0.458483934402,-0.400029391050,-0.296397000551,-0.221505746245,-0.028587216511,0.046486206353,0.141465395689,0.191604495049,0.148118898273,0.214435562491,0.158304020762,0.077355720103,0.006358999759,-0.038533981889,-0.008459707722,-0.252234578133,-0.441982477903,-0.472172528505,-0.586478471756,-0.510682582855,-0.429200232029,-0.308435887098,-0.004937782418,0.081781685352,0.141828507185,0.301794171333,0.421958893538,0.534477233887,0.423463642597,0.425708323717,0.625937104225,0.658271431923,0.699864923954,0.535792768002,0.280798137188,0.208273634315,0.047240551561,-0.027654446661,-0.066584259272,-0.143601596355,-0.140344917774,-0.135278984904,-0.067500196397,-0.036620046943,-0.030960535631,-0.018119608983,0.002407179913,-0.008017457090,-0.095539547503,0.046453002840,0.220219209790,0.293266147375,0.404762685299,0.352807492018,0.316836267710,0.271224170923,0.148710206151,0.133094370365,-0.001822363003,-0.163335755467,-0.269937902689,-0.493957579136,-0.537536919117,-0.516053318977,-0.684337913990,-0.653960108757,-0.563322722912,-0.496869742870,-0.272117644548,-0.220705464482,-0.111549548805,0.060946356505,0.160532996058,0.339312195778,0.316478610039,0.449627727270,0.507284760475,0.320079237223,0.399948507547,0.225036814809,0.023070322350,-0.110946029425,-0.426706999540,-0.542297899723,-0.637580752373,-0.515426576138,-0.426613539457,-0.449725061655,-0.219116106629,-0.280754387379,-0.316577285528,-0.166314706206,-0.097227409482,0.022724363953,0.142815157771,0.396327912807,0.435123294592,0.411520928144,0.552428007126,0.548608839512,0.544233441353,0.304105907679,0.202125549316,0.277151405811,0.045144505799,-0.017211269587,-0.196564286947,-0.446947395802,-0.460186421871,-0.565505087376,-0.549991071224,-0.472511708736,-0.285020530224,-0.017162403092,0.120895072818,0.291162043810,0.416323661804,0.585010826588,0.615295350552,0.515445768833,0.561675071716,0.579134583473,0.650328040123,0.538539171219,0.260151833296,0.081415362656,-0.185714229941,-0.360248446465,-0.481106877327,-0.558456778526,-0.521263539791,-0.472652882338,-0.328909158707,-0.304581612349,-0.324013203382,-0.324955195189,-0.308983206749,-0.153898954391,-0.145606175065,-0.020581992343,0.201137721539,0.205820411444,0.279145270586,0.304801344872,0.306148916483,0.320871144533,0.216490060091,0.136729493737,-0.000797198911,-0.155454769731,-0.330746650696,-0.539164900780,-0.688303589821,-0.778496503830,-0.706495523453,-0.631312787533,-0.551499009132,-0.418920040131,-0.210419759154,0.166323050857,0.358027279377,0.479824990034,0.605029344559,0.642558634281,0.830869317055,0.893974244595,0.925721824169,0.941201210022,0.734820365906,0.605928778648,0.402148783207,0.121687114239,-0.129142388701,-0.358954697847,-0.440221279860,-0.449719071388,-0.390427172184,-0.471386343241,-0.516198992729,-0.386501580477,-0.413957387209,-0.314772248268,-0.149688437581,-0.077089898288,0.084855362773,0.189922645688,0.353601366282,0.505660176277,0.474261611700,0.494188576937,0.513134360313,0.341967910528,0.108945913613,-0.043869711459,-0.246324941516,-0.487943440676,-0.634678840637,-0.769487559795,-0.895136594772,-0.890663862228,-0.765134930611,-0.663041532040,-0.421552240849,-0.077667027712,0.001981581096,0.232088491321,0.493339866400,0.385575294495,0.582408785820,0.633624494076,0.229395434260,0.334200978279,0.486652523279,0.325790375471,0.364912658930,0.218449681997,-0.186023965478,-0.340414971113,-0.390538096428,-0.555453002453,-0.478137463331,-0.261385291815,-0.232000470161,-0.097107902169,-0.027313001454,-0.117323242128,-0.020481457934,0.077880598605,0.162101924419,0.285744994879,0.360197007656,0.423289328814,0.457587331533,0.563047230244,0.599009871483,0.506000101566,0.412627458572,0.211501806974,0.048432379961,-0.018164241686,-0.134525388479,-0.218280553818,-0.273504137993,-0.355131983757,-0.363049983978,-0.305205792189,-0.290730565786,-0.266844511032,-0.153853654861,0.091245792806,0.288039565086,0.325583517551,0.425764203072,0.452847957611,0.484760463238,0.654573261738,0.631206631660,0.587167561054,0.592968225479,0.505509316921,0.442077845335,0.269806921482,0.002548279008,-0.235253542662,-0.379924595356,-0.386971503496,-0.513952732086,-0.642033457756,-0.505801081657,-0.399570226669,-0.324707448483,-0.258499503136,-0.369856238365,-0.281139731407,-0.050937466323,0.014875779860,0.079335592687,0.135209783912,0.237779185176,0.371180087328,0.457506090403,0.463290452957,0.332060307264,0.229590579867,0.089050762355,-0.069892816246,-0.259372353554,-0.499113559723,-0.558946073055,-0.685676932335,-0.748016417027,-0.612018465996,-0.679603815079,-0.657493054867,-0.296798676252,0.005392869469,0.054809615016,0.222485244274,0.444732040167,0.359503328800,0.472630053759,0.723275065422,0.837178707123,0.982845067978,0.754059016705,0.563188254833,0.528798699379,0.165295973420,0.002724629827,-0.113616980612,-0.310002654791,-0.293612450361,-0.312467098236,-0.308235198259,-0.270828634501,-0.224229246378,-0.228140562773,-0.144507780671,0.038920972496,0.029195435345,0.290313988924,0.476152867079,0.325671970844,0.568273484707,0.659163117409,0.417622923851,0.420325875282,0.380162864923,0.303272992373,0.310614138842,0.060929160565,-0.193411976099,-0.259113013744,-0.486900836229,-0.691388368607,-0.770655810833,-0.782864689827,-0.639683604240,-0.604904532433,-0.466725856066,-0.197460845113,-0.172971770167,0.015157922171,0.332691103220,0.355346769094,0.497627198696,0.641454160213,0.417273312807,0.443910002708,0.497963726521,0.248027443886,0.261592596769,0.091352418065,-0.333221733570,-0.520833790302,-0.634623289108,-0.504117965698,-0.352028459311,-0.405055582523,-0.359072089195,-0.375699371099,-0.420138835907,-0.301396846771,-0.222795963287,-0.188206896186,-0.018021080643,0.143981173635,0.311555385590,0.579452395439,0.644167959690,0.730809450150,0.843157351017,0.694106221199,0.696706473827,0.554860174656,0.257217258215,0.253235012293,0.079535447061,-0.175912767649,-0.379038035870,-0.645423054695,-0.710324645042,-0.620091140270,-0.432425051928,-0.323344111443,-0.275815874338,0.003296885639,0.348103463650,0.461035221815,0.413137823343,0.516765773296,0.546635746956,0.582934141159,0.832461595535,0.734979629517,0.516692280769,0.321436554193,0.017278257757,-0.038266763091,-0.179346710443,-0.396100670099,-0.393681675196,-0.545434653759,-0.662035346031,-0.309315890074,-0.138761878014,-0.265527397394,-0.132101655006,-0.280665099621,-0.395157247782,-0.107517749071,-0.114480964839,-0.097839020193,0.086544610560,0.230643302202,0.342539310455,0.385439604521,0.382386028767,0.155442595482,0.010583652183,-0.023765541613,-0.153798654675,-0.216590970755,-0.371689766645,-0.460214018822,-0.380246341228,-0.394304841757,-0.432421922684,-0.328688979149,-0.139833852649,-0.071232467890,0.022663610056,0.207959979773,0.281682640314,0.327543139458,0.443210601807,0.551699936390,0.439856708050,0.343611121178,0.477363049984,0.429062992334,0.340865254402,0.265704393387,0.028571136296,-0.047415822744,-0.106487385929,-0.161513850093,-0.088757425547,-0.099311716855,-0.084481537342,-0.068828724325,-0.090753935277,-0.111613839865,-0.155491948128,-0.176150232553,-0.129750296474,0.004914370365,0.020870186388,0.199694350362,0.519888103008,0.538128554821,0.570858955383,0.479602843523,0.364852368832,0.408929824829,0.134433612227,-0.042541287839,-0.009416949935,-0.151638984680,-0.357937157154,-0.553688049316,-0.682009637356,-0.674054563046,-0.469966381788,-0.281591385603,-0.189270883799,-0.068121336401,0.007191408426,0.020374739543,0.031824182719,0.247687429190,0.366327285767,0.304692983627,0.577882051468,0.648458421230,0.347734183073,0.437074631453,0.554327905178,0.267167448997,0.117467135191,-0.102135077119,-0.509262621403,-0.416016370058,-0.424162417650,-0.582272469997,-0.381784945726,-0.546244978905,-0.552638590336,-0.306044965982,-0.471451133490,-0.358411580324,-0.130643203855,0.004198778886,0.241452068090,0.336805969477,0.469365328550,0.488757908344,0.401282966137,0.402839064598,0.378778517246,0.289895683527,0.087288260460,0.009359396994,-0.087696030736,-0.247749269009,-0.254882365465,-0.501542866230,-0.702156841755,-0.553847551346,-0.379583775997,-0.141931027174,0.058644924313,0.204912424088,0.287610948086,0.267379671335,0.433693021536,0.554237961769,0.548947691917,0.696569621563,0.655370295048,0.429736763239,0.382620811462,0.307584345341,0.114248439670,-0.079864077270,-0.323005944490,-0.457545816898,-0.442214399576,-0.449895501137,-0.384415626526,-0.311560958624,-0.329195439816,-0.281969517469,-0.274613529444,-0.257973253727,-0.176788270473,-0.201003625989,-0.136173292994,0.045342285186,0.278090029955,0.533060431480,0.451309472322,0.227817773819,0.217402428389,0.101003222167,-0.066979750991,-0.108802169561,-0.319802254438,-0.447217971087,-0.435136198997,-0.639770746231,-0.687275290489,-0.596392095089,-0.619774520397,-0.493072807789,-0.334223896265,-0.225157007575,-0.003337480128,0.210858270526,0.327375918627,0.558362066746,0.759266436100,0.739443540573,0.899337708950,0.991317391396,0.872225344181,0.893302857876,0.721893727779,0.455876052380,0.232772037387,-0.149579778314,-0.428490668535,-0.439731270075,-0.360516548157,-0.430607706308,-0.512282550335,-0.501320183277,-0.366601139307,-0.176810353994,-0.216187104583,-0.181606024504,-0.017068022862,0.140827372670,0.311717271805,0.364897668362,0.448174357414,0.399262279272,0.296016901731,0.306718349457,0.160203471780,-0.011556827463,-0.140117466450,-0.234464928508,-0.338089823723,-0.485998511314,-0.625563383102,-0.827338457108,-0.818431079388,-0.645895004272,-0.550977289677,-0.419598639011,-0.257928907871,-0.051876552403,0.186082944274,0.368327915668,0.379271566868,0.333700537682,0.465840369463,0.587218582630,0.596949458122,0.601339757442,0.481345713139,0.194599851966,0.047992363572,-0.000033969278,-0.232680395246,-0.413225412369,-0.525639295578,-0.553105115891,-0.348218142986,-0.292703568935,-0.234191894531,-0.016725260764,-0.060082077980,-0.106482475996,0.025301780552,0.061188444495,0.183172479272,0.382297456264,0.410955756903,0.461080759764,0.518477559090,0.494573056698,0.568523585796,0.568557620049,0.410495758057,0.236733779311,-0.006790784188,-0.248948469758,-0.377754390240,-0.484853178263,-0.626730203629,-0.685834527016,-0.706681430340,-0.726859271526,-0.537610530853,-0.314966380596,-0.132786929607,0.141454577446,0.233169972897,0.292586714029,0.441520512104,0.517048418522,0.643535017967,0.717077553272,0.740359961987,0.676830708981,0.537244260311,0.403118610382,0.041723314673,-0.232240334153,-0.402958065271,-0.540911436081,-0.386341124773,-0.434172153473,-0.554661631584,-0.488251626492,-0.511652469635,-0.449672132730,-0.373070240021,-0.312430411577,-0.229246079922,-0.099095471203,0.066289551556,0.145512774587,0.395111024380,0.472733348608,0.425018906593,0.548203647137,0.340011268854,0.189526900649,0.157607793808,-0.006273661740,-0.005725139286,-0.224174425006,-0.540948629379,-0.665930926800,-0.754388809204,-0.708921432495,-0.709956407547,-0.661374688148,-0.413508474827,-0.184209287167,0.026190109551,0.133726686239,0.284169912338,0.511740148067,0.577037811279,0.630013167858,0.569058537483,0.518277287483,0.614870250225,0.535417675972,0.426109701395,0.191119566560,-0.097173810005,-0.164730608463,-0.226137712598,-0.159811943769,-0.210040464997,-0.357131302357,-0.267889976501,-0.237882405519,-0.100875899196,-0.065615467727,-0.213350713253,-0.108971148729,-0.060554061085,0.093168750405,0.369753956795,0.395804613829,0.442014425993,0.457672595978,0.298292487860,0.208333075047,0.262494683266,0.244168326259,0.092305973172,-0.171475932002,-0.491538792849,-0.553624629974,-0.587999761105,-0.754379332066,-0.758579850197,-0.788121163845,-0.723046183586,-0.473873466253,-0.354749321938,-0.155701681972,0.066658310592,0.130505859852,0.211090043187,0.240372538567,0.375692844391,0.554938912392,0.556383252144,0.607025325298,0.484440892935,0.236172690988,0.104144170880,-0.110244147480,-0.280433386564,-0.475820213556,-0.582525789738,-0.503477811813,-0.510976433754,-0.414602190256,-0.352089971304,-0.358646959066,-0.352683961391,-0.387165129185,-0.186108514667,-0.067361883819,0.048752978444,0.316894143820,0.437168359756,0.676159203053,0.774585247040,0.755909085274,0.856337606907,0.719200432301,0.595657348633,0.477938115597,0.205385118723,-0.019017454237,-0.207666426897,-0.367400795221,-0.510064601898,-0.641561686993,-0.776193916798,-0.672685861588,-0.403892725706,-0.300592184067,-0.118580006063,0.020797984675,0.069567054510,0.262680798769,0.371474266052,0.344461798668,0.304390937090,0.390731543303,0.559627652168,0.579134702682,0.396608322859,0.156886339188,-0.049711227417,-0.318195343018,-0.448919087648,-0.527785837650,-0.566123127937,-0.411987841129,-0.507572948933,-0.558454096317,-0.453994899988,-0.448193222284,-0.341051727533,-0.379275560379,-0.299878537655,-0.101680606604,-0.102196596563,0.043911151588,0.191377788782,0.220968753099,0.228233471513,0.252376168966,0.284989446402,0.225856140256,0.124616578221,-0.078939571977,-0.170107781887,-0.192990168929,-0.299918234348,-0.320309370756,-0.460281789303,-0.568892419338,-0.500748157501,-0.431014388800,-0.353590965271,-0.219590499997,0.022224487737,0.132666260004,0.228426381946,0.366274356842,0.393664151430,0.570630252361,0.645205378532,0.596005916595,0.644202053547,0.576905369759,0.526574611664,0.479141771793,0.340127319098,0.101058840752,-0.168534114957,-0.146547824144,-0.115939468145,-0.186748847365,-0.218369290233,-0.350256115198,-0.275267750025,-0.174631446600,-0.272356152534,-0.225521370769,-0.177561968565,-0.126686885953,0.068090669811,0.230611979961,0.310511142015,0.366472035646,0.428320437670,0.404797315598,0.329470336437,0.241450369358,0.038609225303,-0.066163413227,-0.059297040105,-0.300318270922,-0.589122414589,-0.672912895679,-0.770912051201,-0.694119334221,-0.455413639545,-0.399099797010,-0.238728955388,-0.127207577229,-0.180203855038,0.032630696893,0.193880647421,0.166593000293,0.211893528700,0.312011986971,0.441912561655,0.466388016939,0.356451392174,0.292301207781,0.235237509012,-0.009698587470,-0.152559265494,-0.155685424805,-0.294995814562,-0.276015162468,-0.290679723024,-0.389094650745,-0.222401425242,-0.226304829121,-0.361477792263,-0.290843129158,-0.208254501224,-0.169317543507,-0.125614717603,-0.018047256395,0.181521251798,0.370313942432,0.368213206530,0.286953330040,0.287418425083,0.313429087400,0.338162750006,0.190146952868,0.061596803367,-0.053915791214,-0.294104874134,-0.261013776064,-0.254922717810,-0.422651171684,-0.444497436285,-0.421847403049,-0.315023422241,-0.102008096874,0.095011875033,0.093455746770,0.133567690849,0.359397828579,0.356712609529,0.380746155977,0.406970351934,0.326749801636,0.490999817848,0.426581114531,0.284303635359,0.324189811945,0.138569414616,-0.036160986871,-0.355905920267,-0.609933316708,-0.393259525299,-0.325962334871,-0.351021677256,-0.352292150259,-0.466355592012,-0.384021639824,-0.337285995483,-0.396908640862,-0.298066079617,-0.210432529449,-0.148443683982,0.036120474339,0.215395212173,0.301713198423,0.321871459484,0.231728240848,0.207353189588,0.308842003345,0.307649731636,0.182061672211,0.004612077028,-0.204611137509,-0.372547984123,-0.394136965275,-0.452072471380,-0.541348457336,-0.530558049679,-0.580604135990,-0.399797618389,-0.132616505027,-0.072440236807,0.090602144599,0.214769527316,0.410072118044,0.610589325428,0.587367177010,0.752162277699,0.827104806900,0.725414693356,0.732485949993,0.675581693649,0.597353637218,0.335818409920,0.074164040387,-0.064614191651,-0.320302009583,-0.417042285204,-0.473418325186,-0.412740021944,-0.266428291798,-0.282809615135,-0.223291337490,-0.335368901491,-0.330281764269,-0.154457226396,-0.103577002883,0.164766103029,0.224269419909,0.224165931344,0.356044888496,0.229371413589,0.252245217562,0.195680335164,0.015463660471,-0.006783759687,-0.208832472563,-0.398988485336,-0.563306689262,-0.681094348431,-0.652044296265,-0.796267688274,-0.845653116703,-0.638560414314,-0.449551552534,-0.291617602110,-0.100221157074,0.060499470681,0.170718252659,0.339511364698,0.402990728617,0.383662492037,0.507154047489,0.565588057041,0.563434422016,0.536978781223,0.316281616688,0.159165129066,0.063736930490,-0.118217326701,-0.182470023632,-0.278641611338,-0.374671816826,-0.290857553482,-0.259554147720,-0.260035306215,-0.186352074146,-0.094613112509,-0.068133980036,-0.042984072119,0.081655651331,0.159066438675,0.283101946115,0.467923581600,0.570112228394,0.594844400883,0.567799389362,0.618372261524,0.547950088978,0.366670846939,0.284673392773,0.187715426087,0.032622002065,-0.191210493445,-0.320867121220,-0.553983390331,-0.693822264671,-0.438342690468,-0.541652560234,-0.571579456329,-0.213541075587,-0.086066797376,0.152949199080,0.372094929218,0.435081243515,0.559306621552,0.636671245098,0.692371845245,0.682849586010,0.719651222229,0.656945407391,0.532381176949,0.437500000000,0.134349048138,-0.119417257607,-0.374986112118,-0.518232107162,-0.471820652485,-0.492155611515,-0.418955683708,-0.486496657133,-0.416145592928,-0.188799604774,-0.309058159590,-0.308830142021,-0.202322319150,-0.093704715371,0.066847547889,0.139187827706,0.343767553568,0.442012101412,0.420850664377,0.436996459961,0.358387947083,0.334147185087,0.265621185303,0.018194554374,-0.262483954430,-0.415672510862,-0.503101825714,-0.625546395779,-0.701637387276,-0.799634516239,-0.769468486309,-0.564528465271,-0.421547532082,-0.184837266803,0.099681377411,0.209629103541,0.322529315948,0.521525263786,0.570789396763,0.554137766361,0.708668649197,0.797619998455,0.782867670059,0.668163061142,0.388543397188,0.236154705286,0.094832763076,-0.112009353936,-0.285956650972,-0.430148810148,-0.358946323395,-0.295619994402,-0.279449820518,-0.143302455544,-0.040151722729,0.035424411297,0.026625186205,0.015580007806,0.066473513842,0.132108896971,0.350064933300,0.505954444408,0.434655666351,0.419469207525,0.525230348110,0.447771102190,0.376333504915,0.432159692049,0.115826755762,-0.200956478715,-0.296209275723,-0.553208291531,-0.565896272659,-0.517734527588,-0.726013422012,-0.796062827110,-0.864263057709,-0.766718089581,-0.415596753359,-0.282939285040,-0.095267228782,0.157343178988,0.142514646053,0.238476067781,0.469145327806,0.534961462021,0.646661877632,0.671087026596,0.457710951567,0.480937063694,0.466983377934,0.127316549420,-0.074077256024,-0.246079340577,-0.362314462662,-0.303709208965,-0.391627728939,-0.375473648310,-0.235149577260,-0.221946477890,-0.172830864787,-0.217094317079,-0.200698152184,0.085957109928,0.296935677528,0.405723989010,0.516675710678,0.668092548847,0.850335657597,0.874762177467,0.871679544449,0.839453876019,0.578899204731,0.402466624975,0.301462709904,0.022236062214,-0.221710622311,-0.508022904396,-0.728543043137,-0.729304313660,-0.767805218697,-0.677376210690,-0.531085968018,-0.331546127796,-0.030043806881,0.015926051885,0.130184650421,0.369083732367,0.418094515800,0.359265893698,0.343264222145,0.423899441957,0.346961617470,0.313317507505,0.355847448111,0.242690935731,0.129151746631,-0.156193628907,-0.410637855530,-0.548050165176,-0.622828483582,-0.433845818043,-0.422726213932,-0.546353816986,-0.514331758022,-0.391301184893,-0.249079078436,-0.213557019830,-0.102356702089,-0.025049289688,0.021876806393,0.233079925179,0.384643614292,0.466772705317,0.535212695599,0.515680074692,0.415114760399,0.405324399471,0.322381883860,0.054175090045,0.034090887755,-0.021445114166,-0.244004189968,-0.283892780542,-0.441877722740,-0.648403286934,-0.634126543999,-0.575548648834,-0.436093211174,-0.163193404675,-0.023020725697,0.084203504026,0.284289836884,0.299598515034,0.368662834167,0.519015610218,0.601971328259,0.797965288162,0.779488325119,0.668360233307,0.651438355446,0.412352114916,0.261844485998,0.266199231148,0.074919328094,-0.123387984931,-0.229331299663,-0.365744382143,-0.354011565447,-0.229623436928,-0.178627148271,-0.163216799498,-0.247422248125,-0.301665723324,-0.146233737469,0.038297634572,0.156657472253,0.293219149113,0.478437870741,0.586246132851,0.574301064014,0.601209700108,0.575835108757,0.402470499277,0.282147079706,0.228489145637,0.041000157595,-0.242859497666,-0.350292235613,-0.439769923687,-0.668579041958,-0.630498051643,-0.575318157673,-0.651302337646,-0.427062362432,-0.290706306696,-0.176854625344,0.106156960130,0.187835171819,0.312349826097,0.345462709665,0.321608722210,0.478710412979,0.451695740223,0.501836836338,0.624789059162,0.471095263958,0.188622668386,-0.133003473282,-0.363122463226,-0.513976871967,-0.534077525139,-0.465655237436,-0.490042477846,-0.352334111929,-0.165118291974,-0.082522705197,-0.020364591852,-0.101658374071,-0.071060210466,0.144522324204,0.283908337355,0.445456057787,0.643000483513,0.676417350769,0.619680941105,0.547369122505,0.394004166126,0.315320700407,0.352458447218,0.323875039816,0.096825741231,-0.060428578407,-0.121002130210,-0.419278234243,-0.409003049135,-0.287854343653,-0.536383509636,-0.399812459946,-0.112187027931,0.040278542787,0.260114163160,0.307139426470,0.457813113928,0.546829521656,0.400880992413,0.433450222015,0.527607977390,0.454004704952,0.441988885403,0.622650563717,0.425762444735,0.119535416365,0.103329941630,-0.231395542622,-0.500043094158,-0.508227050304,-0.569790899754,-0.518908023834,-0.438143044710,-0.303742080927,-0.199004694819,-0.229427516460,-0.336419016123,-0.319104790688,-0.200470030308,-0.117417432368,0.147847980261,0.181123808026,0.169073000550,0.413253635168,0.384889513254,0.391308724880,0.312663942575,0.150430843234,0.225484922528,0.031764835119,-0.100758425891,-0.107259489596,-0.313006997108,-0.317713141441,-0.212989345193,-0.259592890739,-0.367095470428,-0.253814578056,0.070291385055,0.380581378937,0.585351765156,0.514701604843,0.494768708944,0.610088229179,0.659651219845,0.796648621559,0.746076047421,0.555819153786,0.441126286983,0.267353832722,0.244424864650,0.208805650473,0.007740319241,-0.173558443785,-0.384777933359,-0.369885623455,-0.260211557150,-0.220634117723,0.018387177959,0.007176438347,-0.169469773769,-0.160833016038,-0.239481508732,-0.204697161913,-0.164215132594,-0.177395984530,-0.018892334774,0.059010185301,0.099608883262,0.140621855855,0.110187649727,0.019636349753,-0.048039846122,-0.025826008990,-0.135475099087,-0.129804208875,-0.176711112261,-0.583271861076,-0.612005829811,-0.495186179876,-0.696740746498,-0.622496485710,-0.385565519333,-0.236783057451,-0.024616122246,0.066911935806,0.080807700753,0.163619920611,0.224093139172,0.180956065655,0.150661602616,0.325753122568,0.379410773516,0.345794558525,0.477297365665,0.265537232161,0.071088954806,0.127516821027,-0.147367894650,-0.253583282232,-0.156220152974,-0.235192075372,-0.190308541059,-0.184700042009,-0.281021445990,-0.275072365999,-0.259332776070,-0.246376901865,-0.145854920149,-0.062293760478,0.021993177012,0.244385242462,0.354169815779,0.415657252073,0.618443548679,0.652972161770,0.570375025272,0.547319233418,0.404760718346,0.222603812814,0.175694927573,0.033327359706,-0.227820068598,-0.410664170980,-0.537809610367,-0.477104604244,-0.386266142130,-0.390494644642,-0.251235991716,-0.171010077000,-0.100896857679,0.077290914953,0.183973520994,0.336875885725,0.430577784777,0.495714396238,0.648924887180,0.659604787827,0.668814420700,0.689903676510,0.557757556438,0.415579527617,0.147926032543,-0.259391397238,-0.514133870602,-0.619810044765,-0.613517105579,-0.541850328445,-0.495180904865,-0.344588190317,-0.267061144114,-0.351602762938,-0.285441517830,-0.196771740913,-0.166869148612,0.012385756709,0.195950508118,0.280767798424,0.328010559082,0.298939764500,0.337235391140,0.420660376549,0.293571174145,0.072751112282,-0.107354342937,-0.229115188122,-0.358272343874,-0.549595534801,-0.593199729919,-0.675374329090,-0.835033535957,-0.697963774204,-0.458170741796,-0.323887586594,-0.163205221295,0.078411057591,0.275168657303,0.407592147589,0.578020751476,0.616100072861,0.596932351589,0.558857440948,0.482703387737,0.655816257000,0.662087678909,0.398646801710,0.295784175396,0.143320336938,-0.009431221522,-0.147105544806,-0.313504725695,-0.322970837355,-0.408679366112,-0.401249438524,-0.182889729738,-0.099942043424,-0.056548811495,-0.070748478174,-0.121871367097,0.040836021304,0.194218710065,0.269299298525,0.428149521351,0.498957991600,0.461025953293,0.450549155474,0.458740293980,0.491904228926,0.488501727581,0.346175074577,0.118550822139,-0.176355421543,-0.480648159981,-0.575602054596,-0.661763131618,-0.827289104462,-0.729689717293,-0.689099967480,-0.754336893559,-0.501517951488,-0.303280085325,-0.182677403092,0.075836673379,0.176817670465,0.299078911543,0.520045876503,0.601128339767,0.647136688232,0.624395966530,0.478544861078,0.386839568615,0.262958317995,-0.062333397567,-0.333598673344,-0.399072408676,-0.478624373674,-0.475733190775,-0.337431639433,-0.336528360844,-0.289374738932,-0.174558877945,-0.166177436709,-0.016232769936,0.074417501688,0.174007058144,0.463013947010,0.488866031170,0.502756953239,0.617445707321,0.616294443607,0.667557358742,0.621552109718,0.521933555603,0.361722350121,0.103258892894,0.004951016977,-0.147515058517,-0.410468339920,-0.556370198727,-0.627459049225,-0.661090910435,-0.607680857182,-0.496083736420,-0.394370049238,-0.154220536351,0.057481929660,0.117946058512,0.268261462450,0.261346071959,0.257117241621,0.392196059227,0.267942905426,0.203141376376,0.245380610228,0.185008853674,0.160511806607,0.014119832776,-0.191954240203,-0.326321899891,-0.398775190115,-0.418048828840,-0.480054408312,-0.490141749382,-0.473885387182,-0.426228404045,-0.376627385616,-0.440385639668,-0.451191782951,-0.501139342785,-0.486690789461,-0.337069392204,-0.290974736214,-0.106486551464,0.008980487473,-0.074167259037,0.089820995927,0.300650209188,0.371799528599,0.388363212347,0.310591757298,0.226413384080,0.134986087680,-0.018919730559,-0.187923103571,-0.363142013550,-0.502880275249,-0.539655208588,-0.606958687305,-0.634153604507,-0.453051358461,-0.302461683750,-0.124902270734,0.074842318892,0.083714678884,0.207422122359,0.403295874596,0.478444576263,0.627891838551,0.805701434612,0.819530904293,0.769552946091,0.759992897511,0.578567802906,0.368391394615,0.208529949188,-0.029655685648,-0.121377974749,-0.242590621114,-0.376578211784,-0.402296096087,-0.524680674076,-0.465368628502,-0.363772720098,-0.391626000404,-0.325161278248,-0.303375720978,-0.184224709868,0.014815650880,0.145541355014,0.328048914671,0.454380184412,0.535825014114,0.495069473982,0.338310956955,0.271115064621,0.222980782390,0.086480595171,-0.220314085484,-0.471097528934,-0.585728704929,-0.764140009880,-0.738198220730,-0.569003701210,-0.590727269650,-0.628377437592,-0.510661959648,-0.276785194874,-0.090459018946,-0.026976361871,0.105270288885,0.284050941467,0.273947358131,0.282963246107,0.475850909948,0.552624404430,0.605957627296,0.598595678806,0.314873218536,0.097822099924,-0.087964348495,-0.252253353596,-0.277640432119,-0.402974545956,-0.411422461271,-0.397163659334,-0.460396409035,-0.313556432724,-0.205608412623,-0.043590478599,0.046625364572,-0.086550161242,0.081521607935,0.226604208350,0.288763880730,0.392875760794,0.243853777647,0.250359505415,0.254298955202,0.167397096753,0.247547417879,0.201905950904,0.151415362954,0.057005848736,-0.033295802772,-0.081021562219,-0.292394399643,-0.365315616131,-0.472591906786,-0.495590031147,-0.307071059942,-0.274562150240,-0.099033288658,-0.010600266978,0.000597925973,0.183254405856,0.176074355841,0.283712059259,0.384959697723,0.360071837902,0.473596274853,0.350270569324,0.191148832440,0.161459028721,0.004915229511,-0.126621067524,-0.218889206648,-0.248405799270,-0.287420362234,-0.386866360903,-0.350868314505,-0.337483972311,-0.351209104061,-0.401637405157,-0.560586452484,-0.566089570522,-0.534031450748,-0.462095439434,-0.301475644112,-0.135505899787,0.175493940711,0.304949998856,0.325365126133,0.414246708155,0.332031011581,0.402330964804,0.446641772985,0.277424633503,0.144963100553,-0.124586641788,-0.294593840837,-0.408933162689,-0.593583464622,-0.530270040035,-0.491064310074,-0.427528589964,-0.203319668770,0.012408644892,0.279513031244,0.403085261583,0.507208406925,0.624392926693,0.614087283611,0.702678322792,0.708531975746,0.720232307911,0.815975308418,0.680867373943,0.402241647243,0.076807245612,-0.147622123361,-0.321255832911,-0.458694785833,-0.421817749739,-0.430641859770,-0.325275868177,-0.185630738735,-0.189179793000,-0.066769361496,-0.109145365655,-0.264801800251,-0.178091019392,-0.082824222744,-0.053674232215,-0.030078696087,-0.052987873554,-0.092711791396,-0.095211051404,-0.094814337790,-0.048769596964,0.031811624765,-0.058225616813,-0.133265286684,-0.126147925854,-0.273416519165,-0.420537829399,-0.534895002842,-0.654412925243,-0.568028926849,-0.466325223446,-0.458085328341,-0.275673270226,-0.212380692363,-0.297918617725,-0.188001155853,-0.029924711213,0.162855267525,0.187611967325,0.131419867277,0.227592319250,0.217622280121,0.355302155018,0.354902952909,0.244067579508,0.392689138651,0.101416610181,-0.084226824343,0.020309690386,-0.169471606612,-0.125481575727,-0.119119800627,-0.147610723972,-0.014093965292,-0.097679518163,-0.147317841649,-0.199291840196,-0.187387794256,-0.157778948545,-0.167896509171,0.025029856712,0.017035746947,0.044078264385,0.232993289828,0.279097199440,0.351397961378,0.328516751528,0.426412492990,0.450424045324,0.208852052689,0.206075280905,0.102127008140,-0.121044479311,-0.274140387774,-0.499552339315,-0.531168341637,-0.498598754406,-0.428641229868,-0.204158976674,-0.024396721274,-0.021556545049,-0.158683195710,-0.110366091132,0.084010213614,0.167723998427,0.184367284179,0.189017787576,0.253924608231,0.387011528015,0.455720216036,0.337146311998,0.154523000121,0.000336749334,-0.163339480758,-0.260966569185,-0.311740905046,-0.359453082085,-0.471964478493,-0.504680454731,-0.406782925129,-0.445416569710,-0.402020335197,-0.288033843040,-0.249103710055,-0.094180636108,0.011441106908,0.099512591958,0.218493670225,0.298881709576,0.331466436386,0.283459722996,0.389660388231,0.354851186275,0.115607365966,0.032310660928,-0.177968800068,-0.320467591286,-0.325166434050,-0.494051188231,-0.589453220367,-0.697938382626,-0.684310317039,-0.500396966934,-0.400368452072,-0.129916980863,0.063145205379,0.219568073750,0.472359359264,0.396334767342,0.375340312719,0.507551908493,0.547680020332,0.603164851665,0.535224080086,0.429858952761,0.336744397879,0.191765487194,0.080338709056,-0.034814260900,-0.192851424217,-0.292898476124,-0.250913441181,-0.242700636387,-0.184912785888,-0.080674827099,-0.209829717875,-0.312166064978,-0.348600834608,-0.379180371761,-0.236674889922,-0.143013194203,-0.053600814193,0.153384998441,0.301778435707,0.475349694490,0.597039103508,0.465581804514,0.355771243572,0.319921731949,0.189032793045,0.084069691598,-0.057327665389,-0.273468285799,-0.485071957111,-0.669649660587,-0.724282741547,-0.686084389687,-0.660339117050,-0.580926775932,-0.356487363577,-0.171360224485,-0.031485531479,0.207074150443,0.352858692408,0.404620796442,0.442492365837,0.519948363304,0.599681973457,0.604776620865,0.671153187752,0.538198769093,0.311331033707,0.141712039709,-0.162462249398,-0.316230863333,-0.471545964479,-0.449894994497,-0.274030655622,-0.346726119518,-0.134529426694,-0.008479810320,-0.032435316592,0.200658738613,0.103679627180,-0.010279146954,0.287730753422,0.428886294365,0.231843560934,0.336521685123,0.509312272072,0.366444706917,0.485048234463,0.448512226343,0.140458241105,0.103033304214,0.064683303237,-0.184268668294,-0.417760461569,-0.370524913073,-0.497963219881,-0.740051507950,-0.729976952076,-0.671725571156,-0.363044887781,-0.239973947406,-0.163217082620,0.168591186404,0.155484884977,0.214150518179,0.278432756662,0.233911588788,0.309209436178,0.290212124586,0.462333261967,0.405929028988,0.146735563874,0.140576511621,0.000706915220,-0.095069140196,-0.240923509002,-0.453510403633,-0.360364586115,-0.397304713726,-0.527094125748,-0.432436645031,-0.369233518839,-0.317594379187,-0.244836464524,-0.274267852306,-0.260630995035,-0.160563036799,-0.042308520526,0.092579819262,0.168913751841,0.199408829212,0.320624440908,0.461755722761,0.457089096308,0.466017365456,0.433189153671,0.217870041728,0.043473828584,-0.180561035872,-0.324704498053,-0.300694286823,-0.475955963135,-0.607611477375,-0.541867733002,-0.369110405445,-0.112201623619,-0.025935212150,0.044418230653,0.225179418921,0.328457087278,0.414322704077,0.518260359764,0.543711900711,0.576338350773,0.702948987484,0.786553442478,0.708242297173,0.516979098320,0.367482900620,0.126250848174,-0.211693122983,-0.274094849825,-0.254465848207,-0.323283582926,-0.332396119833,-0.336659342051,-0.300794333220,-0.187384992838,-0.069380998611,-0.222842663527,-0.285472780466,0.094923831522,0.152043014765,0.105398356915,0.355838507414,0.379480540752,0.398471742868,0.494363725185,0.434239715338,0.331852614880,0.138486281037,0.018239473924,0.056415040046,-0.114380948246,-0.349284887314,-0.442690014839,-0.714491605759,-0.866950929165,-0.725521683693,-0.643423736095,-0.458354800940,-0.225704684854,-0.208029180765,-0.032925657928,0.423865288496,0.480784535408,0.350401133299,0.409732580185,0.241051971912,0.415633112192,0.643485367298,0.346593976021,0.345650345087,0.251300394535,0.002340755658,0.026277441531,-0.235572427511,-0.407983422279,-0.254001766443,-0.247247204185,-0.291133910418,-0.249408781528,-0.226257622242,-0.223867237568,-0.196395695210,-0.198649778962,-0.131776481867,-0.041830714792,0.007812772878,0.219050347805,0.387717902660,0.482910126448,0.597723305225,0.503820657730,0.587199509144,0.745517253876,0.439774125814,0.186910599470,0.057237353176,-0.096164032817,-0.109887979925,-0.274273663759,-0.365383118391,-0.422753274441,-0.569618403912,-0.445584386587,-0.355688482523,-0.261540740728,0.015028095804,0.219138830900,0.309996128082,0.298465192318,0.294226914644,0.344538033009,0.594607532024,0.802329957485,0.697122216225,0.646486699581,0.517130196095,0.266259133816,0.002802351955,-0.164014726877,-0.140270963311,-0.388455599546,-0.574705839157,-0.510056436062,-0.458851963282,-0.379228651524,-0.485710203648,-0.491646766663,-0.458037614822,-0.434494256973,-0.174899965525,-0.019657956436,0.172385096550,0.341468811035,0.446928203106,0.597910165787,0.519863724709,0.481983661652,0.421341747046,0.254491984844,0.130744799972,-0.077508084476,-0.142763122916,-0.261288136244,-0.539523005486,-0.485571205616,-0.236800864339,-0.165640130639,-0.054868608713,0.105218663812,0.087805211544,0.346939921379,0.650188624859,0.551380097866,0.585637688637,0.668098092079,0.640885889530,0.711697638035,0.803208947182,0.675983786583,0.354153811932,0.352552145720,0.349546313286,0.086966559291,-0.070816949010,-0.362587660551,-0.462346732616,-0.289364278316,-0.393163055182,-0.348135769367,-0.195589676499,-0.267548710108,-0.210554018617,-0.191612333059,-0.339226543903,-0.395695030689,-0.300544023514,-0.108008898795,0.027436314151,0.067284643650,0.066530607641,0.078399546444,0.059737883508,0.075915150344,0.126492336392,-0.058437157422,-0.154500558972,-0.112102389336,-0.237873375416,-0.311708033085,-0.507363677025,-0.690121948719,-0.624521017075,-0.564719140530,-0.438602298498,-0.396015405655,-0.256374865770,0.030098684132,0.010684825480,0.039622459561,0.169410258532,0.270689100027,0.554099798203,0.676069259644,0.588431835175,0.603653609753,0.563972353935,0.449901580811,0.426543235779,0.259122759104,0.025867858902,-0.040228608996,-0.070406153798,0.012575983070,0.108517177403,0.073293000460,0.025258017704,-0.075175389647,-0.150137931108,-0.109359309077,-0.012559861876,0.120195433497,0.143139734864,0.035277511925,0.186869025230,0.428522378206,0.394835650921,0.592496216297,0.701146483421,0.302419722080,0.202903583646,0.212473466992,0.010040062480,-0.095187477767,-0.359359711409,-0.540501952171,-0.402752995491,-0.439321398735,-0.526499271393,-0.231248974800,-0.169575348496,-0.248128205538,0.221052959561,0.244374155998,0.096876114607,0.338575184345,0.198810130358,0.358891993761,0.572884261608,0.416352242231,0.420399069786,0.255491107702,0.135083392262,0.052880179137,-0.077426709235,-0.185926824808,-0.327863901854,-0.269964069128,-0.416417747736,-0.435578048229,-0.244907081127,-0.321650922298,-0.199177742004,-0.195954859257,-0.321205019951,-0.161011084914,-0.063071437180,-0.039478760213,-0.001148775569,0.184056684375,0.261402636766,0.165538370609,0.272708564997,0.241545870900,0.160856589675,0.105808563530,-0.006303742528,0.035002816468,-0.154355123639,-0.313329041004,-0.348266839981,-0.536006867886,-0.489427477121,-0.457169562578,-0.304816365242,-0.060478348285,-0.129280239344,0.148498877883,0.404739379883,0.289233326912,0.332299351692,0.315049022436,0.322211772203,0.412357687950,0.486013263464,0.571985363960,0.507313013077,0.452406227589,0.363934159279,0.261441200972,0.173987284303,0.023086372763,0.016441220418,-0.050655785948,-0.095542460680,-0.027189670131,-0.077383652329,-0.082408726215,-0.200215190649,-0.308028608561,-0.230612069368,-0.167288556695,0.009334573522,0.017522564158,0.022338261828,0.378491550684,0.465242773294,0.413028001785,0.612292230129,0.521703958511,0.219098359346,0.247887790203,0.218977004290,-0.148709222674,-0.411254972219,-0.595467567444,-0.851571500301,-0.840475738049,-0.603453040123,-0.467137604952,-0.329372137785,-0.265878200531,-0.233540028334,0.049342874438,0.183907791972,0.254105985165,0.463164776564,0.523602247238,0.586626231670,0.556845664978,0.561605811119,0.552576959133,0.354623794556,0.356949597597,0.108959749341,-0.246329694986,-0.295751184225,-0.390596032143,-0.339222162962,-0.310090124607,-0.169578015804,0.105198033154,-0.003178587183,0.060043584555,0.218664139509,0.184209078550,0.403301537037,0.540871798992,0.528641700745,0.656065940857,0.609512984753,0.518789231777,0.625402212143,0.495084524155,0.231362551451,0.180871754885,0.132799074054,0.049864836037,-0.165685504675,-0.426073372364,-0.480006426573,-0.610684096813,-0.686311841011,-0.519571125507,-0.496174514294,-0.436844170094,-0.194963410497,-0.100255049765,0.034698624164,0.160392343998,0.098810933530,0.196634620428,0.293862193823,0.222993060946,0.305183261633,0.454712092876,0.372526764870,0.251204431057,0.227529346943,0.025658763945,-0.229034721851,-0.377377033234,-0.441243171692,-0.416727274656,-0.468352794647,-0.517439365387,-0.545055329800,-0.509986877441,-0.361485093832,-0.304219841957,-0.287443488836,-0.245480418205,-0.169414043427,-0.043136361986,0.198993191123,0.377602010965,0.263325601816,0.295250356197,0.477116733789,0.529047846794,0.438688933849,0.242255970836,0.169093221426,0.008837017231,-0.124392218888,-0.158848777413,-0.384053796530,-0.458491355181,-0.448202937841,-0.385103046894,-0.219204097986,-0.247229218483,-0.215736985207,0.107317470014,0.500684797764,0.550328314304,0.522338628769,0.637732446194,0.573518872261,0.651561677456,0.751423180103,0.667670011520,0.607537150383,0.478373438120,0.320838004351,0.026915760711,-0.201955467463,-0.328651666641,-0.464078366756,-0.324081659317,-0.344749242067,-0.442579030991,-0.341955155134,-0.351477950811,-0.276310205460,-0.260015428066,-0.190761893988,0.068807289004,0.135074377060,0.203406289220,0.244015932083,0.258765399456,0.365918666124,0.391491323709,0.326468884945,0.161129027605,0.107554182410,0.013386428356,-0.158901378512,-0.271857023239,-0.658663928509,-0.921220898628,-0.927965402603,-0.899199426174,-0.718345820904,-0.594341695309,-0.413956582546,-0.283682644367,-0.239734843373,-0.064865127206,0.057408951223,0.270663619041,0.410493642092,0.455051124096,0.533384799957,0.371987730265,0.346636563540,0.389817863703,0.239357739687,0.135163202882,-0.061421770602,-0.258006334305,-0.339413553476,-0.373111575842,-0.342471867800,-0.345610976219,-0.371747314930,-0.343672394753,-0.283053964376,-0.268978714943,-0.174182817340,-0.067767083645,-0.060046143830,0.052589159459,0.128390371799,0.281662583351,0.441564142704,0.349647909403,0.516250908375,0.649713575840,0.556262552738,0.608238220215,0.398027986288,0.168800175190,0.094896927476,-0.084651447833,-0.211614906788,-0.410105645657,-0.471712172031,-0.469708889723,-0.561161756516,-0.394801825285,-0.277197629213,-0.128561273217,0.097001694143,0.001785132918,0.042027700692,0.275181025267,0.398902982473,0.461844295263,0.390495955944,0.347790002823,0.382037609816,0.401886373758,0.429582118988,0.297489136457,-0.004503379576,-0.249938428402,-0.356544584036,-0.432455956936,-0.470283776522,-0.432895302773,-0.445362955332,-0.489533036947,-0.456750243902,-0.360893338919,-0.282358944416,-0.252369582653,-0.225468859076,-0.071063578129,0.205223754048,0.334203988314,0.387520283461,0.434940457344,0.356190353632,0.416250050068,0.439025372267,0.230283096433,0.154924392700,0.041287411004,-0.207611650229,-0.271893650293,-0.328504413366,-0.459641307592,-0.368594110012,-0.253098756075,-0.217632949352,-0.064196147025,0.015203947201,0.164245247841,0.371278613806,0.460144966841,0.662906348705,0.616224348545,0.515883326530,0.682186365128,0.599646687508,0.558456242085,0.505325496197,0.242937058210,0.216820016503,0.061414834112,-0.218891009688,-0.291703075171,-0.377790749073,-0.408659011126,-0.395950585604,-0.395110160112,-0.330325841904,-0.358633071184,-0.437663018703,-0.374669939280,-0.300299823284,-0.291708916426,-0.254089504480,-0.207634240389,-0.005583120510,0.268825560808,0.267250239849,0.281742066145,0.361393541098,0.214033231139,0.198885798454,0.159656509757,-0.104841589928,-0.230082884431,-0.383870601654,-0.514437019825,-0.578169226646,-0.725920498371,-0.751547574997,-0.702485740185,-0.526825308800,-0.285656541586,-0.198721900582,-0.177318185568,-0.142889276147,0.054197061807,0.297100275755,0.432807534933,0.535570204258,0.544169723988,0.548298120499,0.581359982491,0.552050292492,0.389451801777,0.131234526634,-0.009295745753,-0.047031447291,-0.076920196414,-0.224077478051,-0.361397534609,-0.289216488600,-0.295352339745,-0.306151509285,-0.233386382461,-0.220215693116,-0.077453024685,0.073094680905,0.139086291194,0.263122230768,0.324093461037,0.374066740274,0.502006888390,0.504302561283,0.508995294571,0.578344166279,0.349346756935,0.111616246402,0.036603529006,-0.208270803094,-0.382237046957,-0.425557106733,-0.504587173462,-0.583782613277,-0.613712012768,-0.602939724922,-0.569981932640,-0.279956698418,-0.097388416529,-0.114499576390,0.138385429978,0.255957573652,0.218461930752,0.270528286695,0.280574679375,0.361819267273,0.420300066471,0.332688599825,0.174618601799,0.068350255489,-0.095140002668,-0.383351862431,-0.513875603676,-0.516182303429,-0.557446777821,-0.599578797817,-0.585013747215,-0.508916139603,-0.401951760054,-0.333205074072,-0.331176966429,-0.289857745171,-0.236012578011,-0.179211318493,-0.080605342984,-0.005699193105,0.110100626945,0.229925915599,0.234854638577,0.206662625074,0.232010602951,0.242784664035,0.210890069604,0.125924348831,-0.051153186709,-0.172069251537,-0.301590561867,-0.413350880146,-0.397525280714,-0.501975059509,-0.457149595022,-0.258553773165,-0.155374810100,0.070277348161,0.144153416157,0.167196482420,0.305871427059,0.277270197868,0.260660290718,0.310972094536,0.483508497477,0.530947208405,0.342928022146,0.360815733671,0.275970369577,0.145294561982,0.090779624879,-0.140691176057,-0.153362900019,-0.146517544985,-0.249503552914,-0.238834410906,-0.312966883183,-0.301604956388,-0.239435717463,-0.272121816874,-0.307916492224,-0.307327091694,-0.144069135189,0.020466940477,0.143014431000,0.265979468822,0.227298676968,0.251611471176,0.342046082020,0.284770816565,0.209641203284,0.076482094824,-0.024670636281,-0.025935336947,-0.096857205033,-0.194867774844,-0.375156313181,-0.509766340256,-0.540765643120,-0.560266911983,-0.443594574928,-0.347453087568,-0.189757958055,-0.002174077556,0.092783458531,0.275554001331,0.299716919661,0.431204348803,0.613898575306,0.464774698019,0.543573319912,0.557741940022,0.381914287806,0.376159518957,0.145961642265,-0.062885463238,-0.157043173909,-0.250292658806,-0.192493706942,-0.243021905422,-0.218257248402,-0.084688469768,-0.042194437236,0.039838638157,0.050155270845,0.005179597996,-0.027801154181,-0.001591850072,0.120906002820,0.183640003204,0.315458506346,0.456697583199,0.409189194441,0.383457243443,0.392867267132,0.376070618629,0.362655997276,0.248554453254,0.027137558907,-0.218234077096,-0.322015017271,-0.350018441677,-0.510448634624,-0.685758829117,-0.800027191639,-0.768090307713,-0.579949975014,-0.467625051737,-0.352084577084,-0.185182660818,-0.050858233124,0.105289250612,0.179306879640,0.201240271330,0.282066196203,0.400300145149,0.502872943878,0.496083259583,0.456200271845,0.359256535769,0.159989848733,-0.009842678905,-0.143694832921,-0.290360659361,-0.418885022402,-0.435233324766,-0.503997027874,-0.544589161873,-0.329895704985,-0.343404114246,-0.554993033409,-0.508869707584,-0.339517802000,-0.116193100810,0.101565115154,0.280089735985,0.487474679947,0.554131627083,0.434847593307,0.424174547195,0.587744951248,0.582805693150,0.456888467073,0.278964251280,-0.035379581153,-0.197389364243,-0.311105638742,-0.426771581173,-0.441888391972,-0.546679556370,-0.513203382492,-0.385005921125,-0.285578042269,-0.072891995311,0.062074262649,0.214639574289,0.390509605408,0.489144712687,0.601688265800,0.627097845078,0.670552194118,0.734161496162,0.709210157394,0.570572853088,0.355054944754,0.192991271615,-0.042920913547,-0.252855777740,-0.383249551058,-0.531913340092,-0.552514553070,-0.499052792788,-0.430538862944,-0.407982915640,-0.344469755888,-0.234576717019,-0.261982858181,-0.133917272091,0.046560395509,0.093372315168,0.294972687960,0.459417253733,0.471829116344,0.503959000111,0.491181463003,0.393033802509,0.275816589594,0.105704411864,-0.099439047277,-0.160316675901,-0.335245430470,-0.650050401688,-0.768202006817,-0.970356762409,-1.003570199013,-0.708669364452,-0.650586247444,-0.512435436249,-0.231279715896,-0.144079729915,0.018689498305,0.229622274637,0.337395131588,0.347464740276,0.399036079645,0.474355250597,0.343432962894,0.414738923311,0.560313224792,0.328631877899,0.214590325952,0.068277902901,-0.271154731512,-0.325225323439,-0.372785776854,-0.525805592537,-0.486927121878,-0.410655587912,-0.399081140757,-0.212090298533,-0.160500004888,-0.337080746889,-0.027989473194,0.175111427903,0.059300780296,0.411590248346,0.564517796040,0.451794713736,0.532988071442,0.474749118090,0.416557431221,0.415070265532,0.292055636644,0.129435271025,0.019654978067,-0.106649838388,-0.212587699294,-0.331174850464,-0.591492712498,-0.650725543499,-0.480141252279,-0.406758427620,-0.466496586800,-0.312236696482,0.027144765481,0.100596763194,0.272145062685,0.440070122480,0.461696803570,0.667277038097,0.676910758018,0.661146521568,0.591020643711,0.303760975599,0.176384180784,0.014896815643,-0.222079738975,-0.418027281761,-0.532441675663,-0.582481920719,-0.494071930647,-0.378640502691,-0.461851537228,-0.253376930952,-0.115947932005,-0.234210237861,-0.105226904154,-0.139238879085,-0.126125425100,0.091986775398,0.145512849092,0.206456869841,0.362415730953,0.466681092978,0.420259118080,0.442405164242,0.453267335892,0.300606101751,0.245982617140,0.190874531865,0.046575732529,-0.073454543948,-0.166170120239,-0.292382985353,-0.415984302759,-0.341460675001,-0.183328613639,-0.131723612547,-0.075163342059,0.100863143802,0.353839874268,0.547720491886,0.614666283131,0.585892319679,0.511950194836,0.484587728977,0.535217165947,0.492987602949,0.465835720301,0.554025709629,0.345517814159,0.112627401948,0.108720429242,-0.131785809994,-0.232416212559,-0.116745822132,-0.311692178249,-0.408903658390,-0.308895081282,-0.423451215029,-0.467110663652,-0.366114318371,-0.489281624556,-0.478088438511,-0.296861529350,-0.313415169716,-0.101126916707,0.116646774113,0.174314290285,0.372781604528,0.323187857866,0.395301073790,0.554789662361,0.258054673672,0.083346210420,0.056423466653,-0.143046721816,-0.299938648939,-0.393089354038,-0.579660892487,-0.642426848412,-0.525082528591,-0.574421584606,-0.471434563398,-0.244122922421,-0.227582499385,-0.065418466926,0.182865872979,0.289133459330,0.398095220327,0.513112306595,0.500356793404,0.545510232449,0.578542172909,0.446823239326,0.500236630440,0.442546248436,0.260398775339,0.177037924528,-0.093283534050,-0.184577032924,-0.226041540504,-0.276701003313,-0.124056629837,-0.275997012854,-0.291058450937,-0.095351390541,-0.221515074372,-0.237419217825,-0.014041054063,0.297322690487,0.483671277761,0.470474153757,0.531481981277,0.575127243996,0.573681235313,0.544683635235,0.476034522057,0.334236890078,0.089266113937,-0.035465359688,-0.264410525560,-0.436043828726,-0.354479640722,-0.587809503078,-0.679129481316,-0.541330456734,-0.547815084457,-0.230961650610,-0.086518660188,-0.143236979842,0.053219668567,0.114466644824,0.206019133329,0.304103285074,0.374961882830,0.578661859035,0.623758018017,0.526490867138,0.406201809645,0.370042085648,0.226948425174,-0.091110169888,-0.205181628466,-0.233335062861,-0.333609491587,-0.425250738859,-0.349475741386,-0.375304698944,-0.503520727158,-0.209846884012,-0.201982095838,-0.446427166462,-0.352962285280,-0.323131978512,-0.034826975316,0.149516522884,-0.070688225329,0.085354745388,0.319770514965,0.316180884838,0.407352328300,0.469563663006,0.199637666345,0.208470270038,0.447413891554,-0.018802475184,-0.228487312794,-0.029706921428,-0.390322715044,-0.527681469917,-0.473466366529,-0.574766099453,-0.321047574282,-0.101290218532,-0.038705710322,0.059487853199,0.115012720227,0.309693634510,0.395656138659,0.454338848591,0.623070359230,0.538104116917,0.609552025795,0.671272814274,0.469851523638,0.544501543045,0.484783440828,0.211340755224,0.096447043121,-0.017083663493,-0.165107786655,-0.261073589325,-0.215150848031,-0.262651652098,-0.248232275248,-0.136075615883,-0.267114639282,-0.348242580891,-0.331022173166,-0.073522895575,0.170542150736,0.150993838906,0.357356667519,0.383773565292,0.408815205097,0.595724642277,0.398500233889,0.214453965425,0.076395131648,-0.050785645843,-0.120792001486,-0.311544120312,-0.440354347229,-0.567544043064,-0.670485675335,-0.668224394321,-0.588382720947,-0.463495075703,-0.218901768327,0.054688908160,0.004287428223,0.061809834093,0.308372646570,0.443503469229,0.685909092426,0.705951035023,0.541304111481,0.582653939724,0.585870921612,0.459048748016,0.286252945662,0.151511996984,0.057677496225,-0.107641637325,-0.252063333988,-0.260668277740,-0.147781044245,-0.088045641780,-0.151109918952,-0.036791697145,0.180543497205,0.093717560172,-0.028446622193,0.153973758221,0.290870398283,0.231598585844,0.275751948357,0.374024599791,0.372830629349,0.343111664057,0.343363255262,0.484933346510,0.462425559759,0.191858232021,0.183209449053,0.066386550665,-0.247254937887,-0.155985921621,-0.165830269456,-0.480236113071,-0.545832693577,-0.550529837608,-0.507265746593,-0.265502512455,-0.260064482689,-0.251573234797,-0.044244173914,-0.120791189373,-0.040288064629,0.236965820193,0.194357633591,0.284213930368,0.328100740910,0.159588441253,0.290234357119,0.362585663795,0.192011579871,0.055081404746,-0.049140706658,-0.167574390769,-0.275452315807,-0.243642792106,-0.229395851493,-0.308231383562,-0.321458965540,-0.279791891575,-0.259793847799,-0.334177702665,-0.312241882086,-0.166117236018,-0.027758175507,0.174343422055,0.296932041645,0.353228956461,0.435660570860,0.488232880831,0.570120096207,0.557267427444,0.470322370529,0.359735310078,0.137607604265,-0.049127906561,-0.271680921316,-0.470970541239,-0.513389468193,-0.556673943996,-0.480136215687,-0.330778896809,-0.208242729306,0.006839238573,0.153982251883,0.141297265887,0.266785264015,0.594193339348,0.680376350880,0.688031792641,0.767835736275,0.661401033401,0.704168975353,0.583593249321,0.311040103436,0.333243846893,0.020456630737,-0.329656332731,-0.400248080492,-0.473444342613,-0.389267891645,-0.393009871244,-0.419272035360,-0.443878978491,-0.406980305910,-0.233532741666,-0.262075692415,-0.178221970797,-0.093334868550,-0.056133676320,0.152031496167,0.176971033216,0.155314505100,0.242913395166,0.460501641035,0.506664514542,0.346652239561,0.318947404623,0.037666495889,-0.189410880208,-0.190016731620,-0.327603429556,-0.456940233707,-0.669797897339,-0.759750604630,-0.609041452408,-0.451306551695,-0.355966895819,-0.261709719896,-0.078930914402,0.034266691655,0.215193763375,0.387312710285,0.406804293394,0.410826444626,0.356555998325,0.521485149860,0.694989323616,0.552159607410,0.398527741432,0.254326522350,0.079552635550,-0.068745404482,-0.167897313833,-0.214074984193,-0.231522381306,-0.368604421616,-0.532520473003,-0.393375307322,-0.328292518854,-0.312236726284,-0.129166886210,-0.186863511801,-0.094412781298,0.229484915733,0.393386870623,0.531964540482,0.454703092575,0.325774013996,0.434397608042,0.485651493073,0.449767798185,0.428634196520,0.293932229280,0.053553853184,-0.075644068420,-0.226479232311,-0.420233249664,-0.451508700848,-0.621057152748,-0.705318689346,-0.463575631380,-0.398942857981,-0.317725062370,-0.075235947967,0.015165065415,0.173560276628,0.376852214336,0.447155326605,0.574242234230,0.630885422230,0.550224065781,0.535420536995,0.441860079765,0.291167080402,0.246144652367,0.120719164610,-0.149870887399,-0.424325436354,-0.529688656330,-0.475986123085,-0.429462730885,-0.421794354916,-0.498325824738,-0.549380719662,-0.456115990877,-0.352207213640,-0.219599694014,-0.034096114337,0.082802623510,0.186362311244,0.345545947552,0.384518057108,0.362681388855,0.467433601618,0.503279924393,0.491945505142,0.383941382170,0.165848955512,0.188063934445,0.065531626344,-0.192127421498,-0.208951234818,-0.362228602171,-0.476489514112,-0.370141714811,-0.353497177362,-0.351540178061,-0.138999983668,0.105337396264,0.163838058710,0.276169598103,0.407087862492,0.572411656380,0.784272372723,0.732409954071,0.649062216282,0.594456195831,0.482380837202,0.419230520725,0.348321437836,0.287072569132,0.114599809051,-0.121655903757,-0.295918077230,-0.356705725193,-0.269879847765,-0.300985813141,-0.410245001316,-0.411610484123,-0.385695904493,-0.393401354551,-0.384799718857,-0.282126635313,-0.124157525599,0.010079660453,0.017406037077,0.007506249472,0.131795912981,0.218939617276,0.175349459052,0.192193552852,0.283835023642,0.157411083579,0.010731398128,-0.093974538147,-0.385100394487,-0.424657940865,-0.426026165485,-0.595536649227,-0.508775711060,-0.559550583363,-0.525923013687,-0.189170315862,-0.198393717408,-0.067336246371,0.287022560835,0.336356788874,0.509880363941,0.700115025043,0.686577618122,0.660501956940,0.601257205009,0.623113453388,0.548802495003,0.432783216238,0.357025146484,0.078692294657,-0.143359109759,-0.286604434252,-0.349900871515,-0.292461782694,-0.235069379210,-0.041882593185,-0.021963825449,-0.128654330969,-0.116873666644,-0.086054846644,0.136330187321,0.238077580929,0.227521046996,0.337418228388,0.260112524033,0.242168232799,0.388127893209,0.427629500628,0.369139581919,0.333278000355,0.268360495567,0.111376494169,0.122994050384,-0.029908787459,-0.377617746592,-0.521387040615,-0.769005358219,-0.791861236095,-0.583602845669,-0.525611937046,-0.346772253513,-0.264873087406,-0.222067087889,-0.119227811694,-0.091538846493,0.081836476922,0.186286732554,0.096990779042,0.093345358968,0.221427187324,0.284450024366,0.309557825327,0.318302899599,0.246990114450,0.160817563534,-0.042279127985,-0.110432684422,-0.132058247924,-0.267898172140,-0.280183196068,-0.452182143927,-0.488010525703,-0.410977900028,-0.522698581219,-0.429049938917,-0.319642633200,-0.221086382866,-0.139156907797,-0.088393919170,0.046053323895,0.170951500535,0.416293591261,0.451288700104,0.466775745153,0.524889290333,0.360407412052,0.355512857437,0.193725839257,0.126884400845,0.119754225016,-0.191138178110,-0.304851531982,-0.582832932472,-0.680259585381,-0.470524549484,-0.390791833401,-0.172123581171,-0.098675496876,0.091824226081,0.188134998083,0.189257368445,0.501283526421,0.403880298138,0.453138500452,0.577319979668,0.425820589066,0.574336051941,0.336268216372,0.148521810770,0.209281191230,-0.122685700655,-0.238021045923,-0.305524975061,-0.349599957466,-0.241234079003,-0.349616795778,-0.391608297825,-0.379272729158,-0.397769600153,-0.432565569878,-0.338032007217,-0.134559363127,-0.126172810793,0.046197976917,0.208055526018,0.197058767080,0.211483106017,0.093334764242,0.144567787647,0.196531251073,0.110671989620,-0.002889219439,-0.260486185551,-0.265753239393,-0.229684680700,-0.350982964039,-0.438841611147,-0.589771986008,-0.642165243626,-0.618100047112,-0.481740623713,-0.341015040874,-0.286394536495,-0.117547944188,0.005974995904,0.252326637506,0.406381398439,0.298077404499,0.454946100712,0.581908226013,0.561419248581,0.576263844967,0.490909129381,0.445242971182,0.372228831053,0.226026639342,0.028389144689,-0.052245583385,0.079697638750,-0.002171140397,-0.084335952997,0.001320799696,-0.061422605067,-0.033355340362,0.028079386801,-0.017834831029,0.065211459994,0.010602464899,-0.148807257414,-0.030139399692,0.159384146333,0.318406820297,0.375272959471,0.283610850573,0.247233286500,0.222855269909,0.282328814268,0.195068702102,-0.063263006508,-0.057005286217,-0.214879751205,-0.429393231869,-0.386026531458,-0.514210939407,-0.500480413437,-0.459612220526,-0.563839375973,-0.307094782591,-0.089396402240,-0.105667896569,-0.105434417725,-0.059247724712,0.052812699229,0.086634173989,0.194190606475,0.329931586981,0.363105535507,0.308542430401,0.157442107797,0.200560778379,0.072657614946,-0.272593796253,-0.297319352627,-0.345126539469,-0.373528242111,-0.299369275570,-0.392236888409,-0.302032381296,-0.155761137605,-0.213283076882,-0.212798297405,-0.115737132728,-0.021042644978,0.056534450501,0.174230337143,0.277948200703,0.293483048677,0.339584112167,0.405982226133,0.393890112638,0.350511074066,0.258948385715,0.152629703283,0.073023118079,-0.051604650915,-0.155537560582,-0.278080493212,-0.317804574966,-0.235617890954,-0.293460071087,-0.295136779547,-0.183823332191,-0.066203765571,0.087779343128,0.143329024315,0.253410875797,0.358976811171,0.371038198471,0.463320791721,0.468124955893,0.401794850826,0.373490303755,0.360995322466,0.374555706978,0.342500299215,0.245213717222,0.037371814251,-0.180331230164,-0.342146605253,-0.431064635515,-0.351805448532,-0.260389089584,-0.176311671734,-0.155203819275,-0.256563305855,-0.245124772191,-0.185659378767,-0.232227727771,-0.244838029146,-0.181512653828,-0.122093379498,0.102527268231,0.233874261379,0.115302078426,0.251247912645,0.301548391581,0.214451044798,0.216700077057,-0.052277151495,-0.132083535194,-0.127579733729,-0.342391937971,-0.400567501783,-0.543341815472,-0.639868676662,-0.525638997555,-0.487642586231,-0.472722619772,-0.354057252407,-0.176723405719,-0.009605513886,0.200089320540,0.260373830795,0.229716643691,0.272707760334,0.335743218660,0.431051880121,0.317043691874,0.323275864124,0.347374767065,0.084844231606,0.085027858615,0.017950469628,-0.094625756145,-0.118042834103,-0.323106676340,-0.278950154781,-0.260444074869,-0.239123687148,-0.076048456132,-0.144234940410,-0.167195945978,-0.181059941649,-0.133129328489,0.041003398597,0.199341297150,0.436738729477,0.540408492088,0.544256865978,0.498476535082,0.434333592653,0.337746739388,0.146093472838,0.141927152872,0.013024710119,-0.221584066749,-0.374101638794,-0.624903202057,-0.641356408596,-0.704428732395,-0.674305200577,-0.459524124861,-0.603771328926,-0.321657657623,-0.043201081455,-0.206095546484,0.261787056923,0.518320322037,0.267685353756,0.499628365040,0.652836859226,0.385305821896,0.333822280169,0.367821156979,0.097338892519,-0.046906188130,-0.067397780716,-0.348621070385,-0.577855050564,-0.561875700951,-0.511360883713,-0.535162746906,-0.505362689495,-0.476793229580,-0.462663561106,-0.302184194326,-0.237166538835,-0.211422741413,-0.096443943679,0.032163877040,0.247110038996,0.386831521988,0.496701061726,0.538033366203,0.510139644146,0.542772948742,0.400657236576,0.290356695652,0.273380815983,0.175445050001,0.020920097828,-0.210578560829,-0.243494838476,-0.316628724337,-0.501910150051,-0.350899815559,-0.243732616305,-0.292841702700,-0.103682741523,0.156644627452,0.254380226135,0.344819337130,0.427387773991,0.380925357342,0.456403583288,0.554907739162,0.551046133041,0.630541741848,0.568225085735,0.435983479023,0.347510516644,0.106922611594,-0.096235685050,-0.232243835926,-0.433209955692,-0.573025703430,-0.577178716660,-0.512117981911,-0.438247472048,-0.321086972952,-0.311369299889,-0.414766341448,-0.291155993938,-0.117831282318,-0.030505545437,0.121313817799,0.195915564895,0.335381269455,0.402760475874,0.314144730568,0.398022323847,0.348325282335,0.292220234871,0.317803472281,0.065984554589,-0.135872438550,-0.391779839993,-0.643554449081,-0.583908915520,-0.656048536301,-0.723735451698,-0.653578162193,-0.652990341187,-0.449476003647,-0.110156789422,0.139690712094,0.395657569170,0.504979014397,0.456607609987,0.742961466312,0.899394631386,0.599848449230,0.730524182320,0.776883304119,0.430827140808,0.456585258245,0.293361127377,-0.047186445445,-0.154809489846,-0.354239910841,-0.322813153267,-0.243081659079,-0.386441230774,-0.249146059155,-0.179598450661,-0.293855458498,-0.139585673809,-0.136986210942,-0.179680407047,0.147283747792,0.277861714363,0.281081497669,0.525622487068,0.549236595631,0.522644817829,0.665515720844,0.493364036083,0.311236768961,0.265822857618,-0.023361215368,-0.162683293223,-0.215577661991,-0.440195441246,-0.498755991459,-0.630193650723,-0.735568702221,-0.559404432774,-0.548479080200,-0.443047493696,-0.196673020720,-0.177037611604,0.031693004072,0.215492844582,0.257917702198,0.548912048340,0.533331990242,0.400093555450,0.583843767643,0.518531799316,0.424204975367,0.444551855326,0.215258345008,-0.040328979492,-0.289358109236,-0.475731909275,-0.401692956686,-0.260312020779,-0.212139397860,-0.239971160889,-0.256294727325,-0.278588652611,-0.329301238060,-0.285589605570,-0.107039421797,0.016379939392,-0.035262327641,0.063748903573,0.261516958475,0.270088195801,0.301975250244,0.284217268229,0.247090011835,0.355324178934,0.356945455074,0.244900256395,0.039684023708,-0.158987626433,-0.224794089794,-0.331328570843,-0.454885512590,-0.591481804848,-0.666884362698,-0.566507399082,-0.351996541023,-0.020076226443,0.169313192368,0.219119176269,0.323264956474,0.359015166759,0.485306620598,0.598152518272,0.581761121750,0.698754668236,0.746359825134,0.629453837872,0.461258858442,0.264260202646,0.082050725818,-0.089298397303,-0.182037204504,-0.391927838326,-0.548675894737,-0.407894283533,-0.350030809641,-0.350767582655,-0.293609291315,-0.212227329612,-0.267515242100,-0.399803072214,-0.127530813217,0.032232813537,-0.032249741256,0.209455892444,0.374156475067,0.345498204231,0.284948319197,0.301496982574,0.301345318556,0.207778632641,0.106166236103,-0.198247581720,-0.319606035948,-0.379332393408,-0.632681369781,-0.683151423931,-0.777586400509,-0.743935942650,-0.569648385048,-0.510056316853,-0.285994529724,-0.143065541983,-0.037781715393,0.182950943708,0.278510689735,0.308075964451,0.368437647820,0.461233258247,0.562224924564,0.695245504379,0.652620494366,0.548852801323,0.586575746536,0.321013152599,0.130954265594,0.145506188273,-0.109369635582,-0.167212933302,-0.110178604722,-0.063077434897,0.021022280678,-0.163105085492,-0.120464995503,-0.065670602024,-0.270153760910,-0.103656612337,0.086896635592,0.093917451799,0.282711774111,0.498660236597,0.474880725145,0.307041436434,0.383847832680,0.475107163191,0.372963368893,0.272943735123,0.021885858849,-0.136878490448,-0.184862390161,-0.370272934437,-0.499712586403,-0.668948590755,-0.816547870636,-0.765376448631,-0.540504932404,-0.319532483816,-0.328466683626,-0.263813555241,-0.070996128023,0.088718622923,0.279688805342,0.321235090494,0.360286414623,0.490220695734,0.406929910183,0.390763998032,0.506876528263,0.275766998529,0.036414511502,0.032322026789,-0.203479707241,-0.398305267096,-0.396451175213,-0.514781296253,-0.416179537773,-0.300956100225,-0.357240676880,-0.128476962447,-0.109553009272,-0.275754868984,0.060364361852,0.268324583769,0.183178126812,0.497253715992,0.627892017365,0.366371661425,0.524645984173,0.596791982651,0.379672914743,0.503979504108,0.422939985991,0.016662748531,-0.057134769857,-0.019983800128,-0.160557359457,-0.235283702612,-0.378842890263,-0.571818292141,-0.426096349955,-0.206907629967,-0.036150898784,0.155321598053,0.171544730663,0.222893282771,0.311685353518,0.291962981224,0.352694332600,0.524283468723,0.585884213448,0.513285100460,0.507294654846,0.357579797506,0.213281661272,0.216275513172,-0.035337533802,-0.123670324683,-0.182255432010,-0.435533881187,-0.325056135654,-0.294226706028,-0.276520878077,-0.054798897356,-0.042905773968,-0.084003716707,-0.238073766232,-0.243123069406,-0.104991450906,-0.124723494053,0.054063282907,0.118146114051,0.056724347174,0.151758104563,0.181246072054,0.220891639590,0.177255019546,0.134131699800,0.115653902292,-0.021510383114,-0.090322710574,-0.257326722145,-0.443829208612,-0.460436761379,-0.475577980280,-0.471259713173,-0.364393085241,-0.227544471622,-0.218072757125,-0.041969254613,0.191133022308,0.105682760477,0.174240559340,0.274810284376,0.242433786392,0.375346302986,0.312449693680,0.209777399898,0.363657653332,0.367008090019,0.197016522288,0.174716204405,0.149517104030,-0.195518568158,-0.313036859035,-0.070960581303,-0.177262306213,-0.256396263838,-0.162106752396,-0.268284827471,-0.162103027105,-0.051185213029,-0.165803223848,-0.066269800067,0.027130162343,0.006969677750,0.169046074152,0.244202390313,0.270937949419,0.546336591244,0.584991991520,0.362106651068,0.316864311695,0.219514921308,0.076832294464,-0.006724732462,-0.215957969427,-0.356840670109,-0.438939899206,-0.621953189373,-0.646633803844,-0.540636777878,-0.446656405926,-0.232452720404,-0.062191825360,-0.033529929817,0.131583690643,0.338306039572,0.331552028656,0.343150138855,0.439225018024,0.437924832106,0.461287111044,0.404157340527,0.292648941278,0.304161071777,0.087543420494,-0.163406446576,-0.307897269726,-0.522025465965,-0.435171574354,-0.389272809029,-0.449409544468,-0.335044741631,-0.460418760777,-0.457955509424,-0.285834789276,-0.365024685860,-0.312482744455,-0.128830432892,-0.016157597303,0.158092632890,0.307598173618,0.336775332689,0.413544028997,0.546670973301,0.621411025524,0.568780064583,0.371197909117,0.266826063395,0.150490492582,-0.030663494021,-0.092761948705,-0.283782780170,-0.423878461123,-0.399936050177,-0.413798451424,-0.285804688931,-0.139213591814,-0.032598096877,0.116648092866,0.225177973509,0.328071415424,0.456545203924,0.585422337055,0.553871750832,0.554878056049,0.655902862549,0.624295949936,0.603283882141,0.372303038836,0.073462367058,0.017934028059,-0.207592844963,-0.359126210213,-0.322003811598,-0.510811686516,-0.632392108440,-0.530256748199,-0.468842297792,-0.386950820684,-0.326255559921,-0.453678965569,-0.463489234447,-0.276789128780,-0.030011029914,0.285546064377,0.321414172649,0.193539634347,0.289812356234,0.438877046108,0.534609675407,0.450480341911,0.151270702481,-0.016429528594,-0.104425944388,-0.322866648436,-0.478117763996,-0.663044393063,-0.846984088421,-0.771145761013,-0.736477494240,-0.677790224552,-0.476068377495,-0.276574134827,0.093715153635,0.312032103539,0.377267569304,0.592820286751,0.714345872402,0.786147952080,0.792408406734,0.787173509598,0.891432344913,0.802644014359,0.580020010471,0.394624382257,0.202920049429,0.026633702219,-0.158180639148,-0.335808128119,-0.415904462337,-0.353967994452,-0.270972520113,-0.274636298418,-0.244883894920,-0.175777450204,-0.104726277292,0.116884790361,0.282733738422,0.223625585437,0.221595719457,0.243942394853,0.288716822863,0.481131047010,0.587532222271,0.635921716690,0.509808301926,0.066880680621,-0.104531489313,-0.150533124804,-0.428912818432,-0.548087656498,-0.714199781418,-0.918696284294,-0.885775983334,-0.844459176064,-0.692183673382,-0.406763702631,-0.177757918835,-0.043974068016,0.084452398121,0.219999283552,0.306268602610,0.460015475750,0.452082335949,0.417090237141,0.558410942554,0.559062123299,0.564340889454,0.413216292858,0.164987578988,0.051754705608,-0.225721552968,-0.339313238859,-0.502720773220,-0.725927233696,-0.497445017099,-0.452405244112,-0.527247071266,-0.424876362085,-0.382045686245,-0.260848850012,-0.185353860259,-0.052385836840,0.128297686577,0.239985466003,0.446299135685,0.467641890049,0.397887200117,0.409020364285,0.399487406015,0.490325748920,0.427080363035,0.201389670372,0.039505228400,-0.165606573224,-0.299962222576,-0.457277536392,-0.618958353996,-0.528731405735,-0.573261260986,-0.575038790703,-0.328746616840,-0.390188813210,-0.203383624554,0.171826839447,0.053990095854,0.230068013072,0.473372608423,0.479091107845,0.750372886658,0.759800612926,0.640339434147,0.607557833195,0.421596169472,0.259374171495,0.001402061200,-0.145984411240,-0.219172641635,-0.422904998064,-0.490021646023,-0.497969150543,-0.464103162289,-0.442337989807,-0.422424167395,-0.301569163799,-0.265480995178,-0.210515767336,-0.115062773228,-0.057446137071,0.060926407576,0.202808722854,0.271200388670,0.213943868876,0.254354357719,0.429397165775,0.418258696795,0.238382235169,0.112803444266,0.069448962808,-0.045731093735,-0.233614295721,-0.429551720619,-0.664702892303,-0.750981271267,-0.689442694187,-0.599802553654,-0.419491142035,-0.364393740892,-0.277989834547,-0.027280725539,-0.019806932658,0.124127604067,0.360057353973,0.292582184076,0.460186094046,0.577715575695,0.526371836662,0.669000566006,0.585096836090,0.494509875774,0.498189091682,0.250900566578,0.080485396087,0.066012412310,0.016813138500,-0.000514120969,-0.049102094024,-0.168814271688,-0.201439559460,-0.228542238474,-0.249234691262,-0.193865641952,-0.251995623112,-0.223803430796,-0.028481325135,0.132387012243,0.258276611567,0.257251888514,0.240589424968,0.268727213144,0.360710084438,0.466910570860,0.259525477886,0.035651061684,-0.032452058047,-0.257497996092,-0.454167842865,-0.547073185444,-0.715174674988,-0.823108434677,-0.831172049046,-0.790421962738,-0.567272543907,-0.335744619370,-0.226591274142,-0.087007030845,-0.003926400561,0.101130582392,0.275186985731,0.354459494352,0.427490592003,0.495953083038,0.517998814583,0.438784569502,0.222453683615,0.076939783990,-0.039918415248,-0.184335574508,-0.289184182882,-0.431491285563,-0.433908700943,-0.338125735521,-0.361732006073,-0.301563143730,-0.217148348689,-0.218206614256,-0.212284192443,-0.239297643304,-0.111668936908,0.104743771255,0.185010686517,0.268312782049,0.410228937864,0.476999998093,0.471548557281,0.584803700447,0.515807092190,0.324330598116,0.357239574194,0.194439634681,0.098729446530,0.073427572846,-0.265286564827,-0.425457358360,-0.418835341930,-0.340627163649,-0.266901165247,-0.287199586630,-0.172224268317,-0.045199591666,0.106710754335,0.165046676993,0.242506980896,0.391794979572,0.312226533890,0.377369463444,0.367289066315,0.311135023832,0.451481014490,0.275396317244,0.188711255789,0.077957436442,-0.181205525994,-0.112231217325,-0.225564181805,-0.366421520710,-0.351396411657,-0.443013787270,-0.397291123867,-0.292793720961,-0.227835834026,-0.229404017329,-0.228683948517,-0.211653083563,-0.200008451939,-0.077272146940,-0.049239333719,0.045744176954,0.198890432715,0.211710542440,0.324128836393,0.386081129313,0.317350417376,0.140091344714,-0.013173667714,-0.003540953621,-0.148999258876,-0.298927873373,-0.331140965223,-0.492693305016,-0.605093181133,-0.459428876638,-0.318072378635,-0.280507683754,-0.115719839931,-0.071191862226,-0.053607579321,0.192048549652,0.315346598625,0.395340174437,0.439343959093,0.439687848091,0.524867415428,0.438650280237,0.415294289589,0.453605264425,0.271831870079,0.073492333293,-0.094068884850,-0.215812310576,-0.295226395130,-0.320670485497,-0.399617344141,-0.477396190166,-0.223666697741,-0.099758416414,-0.196099668741,-0.168400555849,-0.185044080019,-0.013174504042,0.174842968583,0.148023590446,0.318000257015,0.456154882908,0.381619423628,0.328339099884,0.323003172874,0.322284758091,0.192800909281,0.007837281562,-0.121953412890,-0.225667551160,-0.302467346191,-0.464539051056,-0.643045604229,-0.611448645592,-0.529365181923,-0.588168382645,-0.439518332481,-0.138791859150,-0.074526093900,-0.028065258637,-0.003186717164,0.056830089539,0.319751709700,0.426881730556,0.379438728094,0.310754150152,0.248129531741,0.227199047804,0.197720214725,0.195220634341,0.029158972204,-0.161818712950,-0.222857028246,-0.381023347378,-0.433210343122,-0.345209360123,-0.293358176947,-0.180084168911,-0.103226460516,-0.177800521255,-0.247251465917,-0.224094823003,-0.131447494030,0.029944254085,0.082445316017,0.048085559160,0.113868281245,0.156028106809,0.270912408829,0.464904278517,0.471919953823,0.469241291285,0.508196175098,0.422375082970,0.306618452072,0.224799811840,0.067242681980,-0.221767380834,-0.306811213493,-0.220686584711,-0.271305382252,-0.173466786742,-0.079980216920,-0.123902723193,0.089826345444,0.293210208416,0.313311249018,0.359201520681,0.314481973648,0.291440993547,0.437759280205,0.430110067129,0.298012405634,0.299110561609,0.180651158094,-0.037632491440,-0.189697638154,-0.354198932648,-0.421297907829,-0.503481984138,-0.587729096413,-0.567453682423,-0.565002083778,-0.429657340050,-0.391800165176,-0.542529404163,-0.493208616972,-0.464111566544,-0.406999051571,-0.108371406794,0.085850566626,0.168991714716,0.198825418949,0.163916110992,0.312460273504,0.469793915749,0.334846258163,0.137352272868,-0.015494765714,-0.168135523796,-0.219079881907,-0.377166152000,-0.595071434975,-0.683210372925,-0.775031387806,-0.723447799683,-0.546036720276,-0.353086650372,-0.116484217346,0.112809918821,0.341053336859,0.424853652716,0.522514402866,0.665460228920,0.692657589912,0.774121701717,0.752984881401,0.718992054462,0.717919528484,0.617454409599,0.567722022533,0.296671062708,0.032527837902,-0.092360071838,-0.267429322004,-0.222194373608,-0.276914715767,-0.277775764465,-0.107172638178,-0.126948326826,-0.090036205947,-0.182625472546,-0.169570758939,0.099851079285,0.102085568011,0.154129624367,0.383978903294,0.519863247871,0.459731489420,0.372870951891,0.407853156328,0.234476208687,0.071999832988,0.012362197042,-0.243386372924,-0.379453629255,-0.428916603327,-0.609957993031,-0.731640160084,-0.795184552670,-0.842880308628,-0.700184702873,-0.354641586542,-0.197569951415,-0.074461758137,0.234203144908,0.117880992591,0.068505629897,0.464497417212,0.389202773571,0.317635625601,0.549935400486,0.437822818756,0.350243866444,0.317991226912,0.113166086376,-0.050033051521,-0.167663186789,-0.266027599573,-0.384352087975,-0.447987318039,-0.441533803940,-0.399468988180,-0.320957690477,-0.311249464750,-0.355912506580,-0.383462369442,-0.275036394596,-0.119595199823,0.051036205143,0.304931849241,0.447792083025,0.544121384621,0.602112412453,0.630941152573,0.662236452103,0.540212988853,0.460716307163,0.285520404577,-0.031683966517,-0.136966824532,-0.208457767963,-0.332825392485,-0.452909022570,-0.633912920952,-0.710019052029,-0.503581881523,-0.300683826208,-0.217389300466,0.064651630819,0.246378153563,0.316253721714,0.488276779652,0.438520580530,0.450626462698,0.619774580002,0.677277505398,0.720196664333,0.619327366352,0.481282085180,0.430552870035,0.153233677149,-0.211295828223,-0.389556139708,-0.480839133263,-0.461678862572,-0.416150033474,-0.467400252819,-0.498781591654,-0.514436125755,-0.468359798193,-0.431476622820,-0.415757298470,-0.188800290227,-0.005126427393,0.084288485348,0.231494501233,0.299468427896,0.362118035555,0.320451498032,0.255754917860,0.260954618454,0.123641476035,-0.038348130882,-0.118008382618,-0.161258831620,-0.397654771805,-0.526291429996,-0.440718501806,-0.733856737614,-0.728991806507,-0.381230682135,-0.414746969938,-0.245656132698,0.065617620945,0.101501844823,0.178257465363,0.372652262449,0.451245725155,0.484316229820,0.522243618965,0.478478789330,0.666940391064,0.726885795593,0.559745430946,0.574330329895,0.388216137886,0.234616875648,0.145790487528,-0.069495551288,-0.060583494604,-0.021438168362,-0.055737216026,-0.093940459192,0.012040094472,-0.009094081819,-0.225128784776,-0.048132240772,-0.008529872634,0.006173617672,0.307240992785,0.113229416311,0.043393593282,0.302025467157,0.225568801165,0.284810215235,0.378552824259,0.230806604028,0.155368953943,0.004851705860,-0.261440366507,-0.493369787931,-0.571974217892,-0.579704642296,-0.741918444633,-0.841427445412,-0.871849358082,-0.895849883556,-0.742885708809,-0.413985043764,-0.164905443788,-0.145791202784,0.040792271495,0.101822100580,0.102908447385,0.430566787720,0.342018902302,0.319449573755,0.465599417686,0.363938152790,0.428615450859,0.079459793866,-0.186906158924,-0.207280889153,-0.494564473629,-0.329658329487,-0.304823756218,-0.528847455978,-0.420424580574,-0.278682589531,-0.136149048805,-0.164934635162,-0.205935701728,-0.197451889515,-0.102272935212,0.138814821839,0.211947411299,0.421920478344,0.519442260265,0.507132470608,0.675592839718,0.572155654430,0.605098366737,0.641552269459,0.381021052599,0.305454701185,0.183619722724,-0.023416811600,-0.177365764976,-0.284129410982,-0.354287326336,-0.468507677317,-0.436190158129,-0.252838522196,-0.034408465028,0.061431568116,0.171465530992,0.358729541302,0.282517641783,0.203823894262,0.300917416811,0.419714629650,0.523277223110,0.538825750351,0.516289353371,0.471570789814,0.329141080379,0.122630424798,-0.018857685849,-0.320955932140,-0.443469583988,-0.208539366722,-0.413106799126,-0.399658232927,-0.129244431853,-0.365668445826,-0.310756653547,-0.176389500499,-0.229999467731,-0.111172229052,-0.091781049967,0.027123697102,0.213634088635,0.377473831177,0.504546880722,0.365895003080,0.268112003803,0.192867785692,0.092645511031,0.112529426813,-0.016518490389,-0.160818263888,-0.256842881441,-0.451942652464,-0.611877560616,-0.689446806908,-0.610044062138,-0.518450558186,-0.374217599630,-0.098194770515,0.029988257214,0.146544799209,0.277142405510,0.337882936001,0.349265962839,0.405673265457,0.562750339508,0.509763419628,0.517741203308,0.545976758003,0.332400381565,0.269743680954,0.184750378132,0.068403981626,-0.026499357074,-0.214251562953,-0.199154913425,-0.246706008911,-0.388594985008,-0.293077319860,-0.195093959570,-0.170541256666,-0.134309262037,-0.141215637326,-0.110092222691,0.035156939179,0.190990492702,0.332052499056,0.393661141396,0.328234672546,0.369924217463,0.430978059769,0.383745998144,0.325844168663,0.191072449088,0.057609818876,-0.077216811478,-0.255836933851,-0.335669875145,-0.392443001270,-0.511474847794,-0.561037540436,-0.560984969139,-0.412398129702,-0.130726680160,-0.111331775784,0.115074038506,0.460974067450,0.224999994040,0.207125931978,0.417105585337,0.298634260893,0.312260657549,0.479136556387,0.479971736670,0.262733161449,0.154509931803,-0.020200628787,-0.264417886734,-0.245711877942,-0.519980490208,-0.483115941286,-0.168390557170,-0.409817010164,-0.166316196322,0.072672255337,-0.164472654462,-0.057573299855,-0.068225488067,-0.060310497880,0.017321575433,0.022184813395,0.118555128574,0.089339241385,0.293133169413,0.472598731518,0.452476501465,0.423812925816,0.244273796678,0.256638556719,0.264157623053,0.277947694063,0.287909626961,-0.024556411430,-0.182546392083,-0.269058734179,-0.318096607924,-0.210835888982,-0.151906192303,-0.051482509822,-0.019684309140,0.130412563682,0.348463743925,0.419096857309,0.487491160631,0.454288601875,0.453204542398,0.433757543564,0.421918690205,0.504828929901,0.356558531523,0.207643657923,0.101332679391,-0.163512051105,-0.378858894110,-0.542726218700,-0.629029512405,-0.599798083305,-0.604892432690,-0.649721920490,-0.612433910370,-0.507211387157,-0.466146022081,-0.379944503307,-0.187204152346,-0.149113833904,-0.161393761635,-0.021509256214,0.095817185938,0.257946223021,0.307384014130,0.116109929979,0.129106044769,0.119039081037,-0.017118977383,-0.009588029236,-0.205204367638,-0.392545580864,-0.403165608644,-0.593096852303,-0.742185533047,-0.713248610497,-0.654330313206,-0.516351759434,-0.280050903559,-0.124173976481,0.021090643480,0.252453297377,0.275172501802,0.267531365156,0.389975458384,0.448676437140,0.598499655724,0.729771792889,0.685198903084,0.611170649529,0.575268030167,0.516136944294,0.280659884214,0.016756653786,-0.145719513297,-0.254158318043,-0.185957774520,-0.059933867306,-0.049735073000,-0.005575021263,0.055693849921,-0.016014514491,-0.005843951833,0.079920053482,0.027220632881,0.107698209584,0.255857914686,0.230405434966,0.213958248496,0.230115324259,0.309958338737,0.454662740231,0.502149760723,0.372421205044,0.140921205282,-0.048594638705,-0.212731793523,-0.342178046703,-0.491129100323,-0.653532743454,-0.689846754074,-0.668088138103,-0.636564135551,-0.577260971069,-0.368257492781,-0.094496250153,0.028418412432,0.151671275496,0.251220315695,0.290503323078,0.372181266546,0.443398565054,0.525542795658,0.579479277134,0.479243010283,0.254911273718,0.133896693587,0.004861515481,-0.270301580429,-0.345877110958,-0.406452089548,-0.564901530743,-0.498829752207,-0.556607067585,-0.631201148033,-0.391443848610,-0.365856081247,-0.406894713640,-0.245584219694,-0.219285130501,-0.041481260210,0.285405188799,0.434267818928,0.516636669636,0.510374069214,0.482271283865,0.493488430977,0.508421778679,0.434112817049,0.241335049272,0.082052119076,-0.111297234893,-0.205875128508,-0.331167489290,-0.657266736031,-0.750132203102,-0.688178777695,-0.600590288639,-0.489654541016,-0.415153950453,-0.146555796266,0.124455586076,0.382874280214,0.581250071526,0.507711291313,0.637334585190,0.798743724823,0.728865683079,0.764558911324,0.657307803631,0.484451115131,0.501985251904,0.405384033918,0.176881387830,-0.103681787848,-0.363523900509,-0.430900514126,-0.437852293253,-0.446439206600,-0.320463299751,-0.216285169125,-0.281070441008,-0.305667996407,-0.279899656773,-0.217751309276,0.084008060396,0.266624957323,0.163127601147,0.227683261037,0.338626295328,0.395020931959,0.459018021822,0.301236212254,0.206854566932,0.254624903202,0.092736177146,-0.175206065178,-0.370766490698,-0.541899859905,-0.697052538395,-0.751846253872,-0.807862818241,-0.786998033524,-0.606902718544,-0.497902184725,-0.297885060310,0.009661398828,0.171506673098,0.224482178688,0.260237932205,0.414617270231,0.638142228127,0.785788178444,0.897706747055,0.859809279442,0.650797188282,0.584664046764,0.529583156109,0.306048005819,0.082521788776,-0.172071099281,-0.243723779917,-0.267820507288,-0.365196883678,-0.225677043200,-0.290326237679,-0.403957068920,-0.319298356771,-0.374852716923,-0.197635456920,-0.006837044377,0.048462513834,0.272046744823,0.308633774519,0.311874747276,0.432654827833,0.494158595800,0.544659018517,0.458443701267,0.279709488153,0.101067461073,-0.104153819382,-0.334778189659,-0.528936266899,-0.707713186741,-0.918115854263,-0.874338448048,-0.794415652752,-0.845395207405,-0.575104057789,-0.338881164789,-0.310728847980,-0.115595735610,-0.010691259056,0.059633653611,0.222165957093,0.297007590532,0.416293859482,0.449644237757,0.388216435909,0.383537977934,0.305183649063,0.197450891137,0.007949638180,-0.204163387418,-0.401241064072,-0.535451292992,-0.341945350170,-0.291185766459,-0.403193652630,-0.287115722895,-0.264986574650,-0.200318261981,-0.108098767698,-0.172065123916,-0.015900069848,0.185183033347,0.196734070778,0.308209925890,0.383815467358,0.340149700642,0.479425549507,0.502090454102,0.398220300674,0.465992540121,0.332316249609,0.172820687294,0.197383642197,0.099533841014,-0.058073453605,-0.253079771996,-0.357041269541,-0.322692364454,-0.309083610773,-0.233276098967,-0.205058097839,-0.180721119046,-0.018804162741,0.088451139629,0.159007221460,0.235374182463,0.241983190179,0.323398858309,0.442412644625,0.439609080553,0.440900176764,0.475035429001,0.435384660959,0.229057982564,0.008056567982,-0.043373756111,-0.184943735600,-0.259478241205,-0.243576735258,-0.377706080675,-0.322701632977,-0.326587259769,-0.331531137228,-0.144951939583,-0.310087025166,-0.348797798157,-0.168759658933,-0.137030273676,-0.002446011407,-0.046467695385,-0.011661533266,0.241581141949,0.296384155750,0.422691822052,0.451532572508,0.252319663763,0.174260139465,0.102246157825,-0.055222649127,-0.246434450150,-0.470315337181,-0.617947578430,-0.697849273682,-0.806266486645,-0.743511319160,-0.586613476276,-0.534708559513,-0.283700317144,-0.036437992007,0.102343030274,0.343073099852,0.327340990305,0.312594056129,0.515898883343,0.582170903683,0.654929876328,0.688720524311,0.533613502979,0.371414691210,0.245613411069,0.105039939284,-0.057042375207,-0.202117502689,-0.284128904343,-0.268550574780,-0.257894486189,-0.311569869518,-0.292131036520,-0.313370496035,-0.433385670185,-0.365960270166,-0.169571861625,-0.070525065064,0.057359542698,0.221589207649,0.257919043303,0.316655427217,0.478726893663,0.492206633091,0.473228067160,0.559994757175,0.404960989952,0.168191969395,0.030835617334,-0.269244939089,-0.438799113035,-0.438877850771,-0.476447016001,-0.437854737043,-0.442259043455,-0.403305590153,-0.260417521000,-0.087023079395,0.023401433602,0.020451836288,0.166618108749,0.340793460608,0.438800573349,0.406966537237,0.328492701054,0.418867588043,0.307623147964,0.258178144693,0.297061145306,0.066530965269,-0.027396678925,-0.220519155264,-0.407287240028,-0.220069795847,-0.131234660745,-0.167207822204,-0.167444482446,-0.102291986346,-0.051456931978,-0.060847368091,-0.055837094784,-0.122671358287,-0.040513299406,0.064756803215,0.073486164212,0.229194760323,0.360338687897,0.480646610260,0.496816366911,0.463130563498,0.492584764957,0.299212962389,0.194128185511,0.118963100016,-0.035157144070,-0.069217570126,-0.334490299225,-0.537992298603,-0.535794854164,-0.505564928055,-0.282340794802,-0.199163496494,-0.178900986910,-0.052698142827,-0.004562942777,0.090011104941,0.159433826804,0.191973164678,0.270402073860,0.334011435509,0.382122844458,0.385410577059,0.288220196962,0.118528336287,0.007800790947,-0.175125882030,-0.347069174051,-0.340918183327,-0.435624301434,-0.462042123079,-0.433074504137,-0.488920092583,-0.389848649502,-0.346131592989,-0.293018519878,-0.221167489886,-0.267128527164,-0.217053249478,-0.134165480733,0.058192588389,0.154989212751,0.099751263857,0.206521227956,0.260592848063,0.326548874378,0.300537943840,0.087733685970,-0.009293550625,-0.061501286924,-0.067861996591,-0.169808179140,-0.306533485651,-0.303359091282,-0.309884905815,-0.214462310076,-0.182754635811,-0.176969677210,-0.029545964673,0.101942427456,0.260379403830,0.301404833794,0.356292963028,0.353306800127,0.175236523151,0.217458158731,0.294421613216,0.389640837908,0.356447309256,0.217990785837,0.325888663530,0.121613502502,-0.100956723094,-0.090829178691,-0.090729780495,0.067635834217,-0.068106830120,-0.085104331374,0.127094298601,-0.000277905405,-0.049389723688,-0.079372934997,-0.089295342565,-0.052080288529,-0.125707373023,-0.064782693982,-0.024442015216,0.046039197594,0.089115738869,0.035011518747,0.163212567568,0.219862103462,0.167313575745,0.145411655307,0.011645988561,-0.160861268640,-0.225628599524,-0.340566277504,-0.523607730865,-0.516796469688,-0.494754463434,-0.435220718384,-0.265847057104,-0.224153548479,-0.146110966802,-0.073324054480,-0.054606322199,0.045184869319,0.175360485911,0.266248345375,0.279643028975,0.404376387596,0.470351159573,0.341904401779,0.246150135994,0.200847595930,0.189858838916,0.021417304873,-0.159282580018,-0.244835183024,-0.378790974617,-0.351722925901,-0.338176518679,-0.311865240335,-0.241078063846,-0.323663145304,-0.220939755440,-0.131245613098,-0.195966705680,-0.072228409350,0.068338401616,0.139631181955,0.267056316137,0.405728667974,0.468678057194,0.490479230881,0.495651215315,0.384665161371,0.276903688908,0.216984480619,0.014111142606,-0.133220627904,-0.168296575546,-0.391931355000,-0.553391516209,-0.534567534924,-0.463758915663,-0.291582673788,-0.237788513303,-0.122068896890,0.077793620527,0.170228049159,0.371472418308,0.422458112240,0.434978187084,0.547488749027,0.487843990326,0.516427278519,0.539131283760,0.475326716900,0.428556859493,0.234791666269,-0.032436937094,-0.238335847855,-0.268996179104,-0.303593724966,-0.352153092623,-0.224490374327,-0.172369465232,-0.201529875398,-0.218480840325,-0.214589014649,-0.131693735719,-0.102692417800,-0.084249287844,0.009278113022,0.163081258535,0.351087599993,0.394882112741,0.342613250017,0.355345934629,0.327519893646,0.312216192484,0.295961707830,0.100132688880,-0.095292367041,-0.238872364163,-0.359044760466,-0.357254058123,-0.422901391983,-0.578512310982,-0.598435819149,-0.444013208151,-0.242815226316,-0.033845141530,0.165959194303,0.275479018688,0.468468964100,0.715945184231,0.847797334194,0.902797460556,0.855517923832,0.922236561775,0.927725791931,0.692940950394,0.615231275558,0.383040815592,0.071864046156,0.039555631578,-0.214484617114,-0.432666808367,-0.466062247753,-0.587308347225,-0.428947985172,-0.281845420599,-0.345753043890,-0.335685998201,-0.400702804327,-0.317272752523,-0.020111968741,0.102147348225,0.247133374214,0.406739979982,0.231107160449,0.256074577570,0.481346756220,0.262439370155,0.089607089758,0.014792610891,-0.283541858196,-0.353180766106,-0.441239386797,-0.673938214779,-0.735837221146,-0.972895503044,-0.965219497681,-0.617937445641,-0.664739131927,-0.477885842323,-0.087212733924,-0.068761132658,0.047061521560,0.084356389940,0.113944485784,0.384877353907,0.413970232010,0.383634477854,0.514909803867,0.476434737444,0.357877165079,0.338131755590,0.150501936674,-0.081921570003,-0.113227337599,-0.170911222696,-0.165025398135,-0.136277213693,-0.149235561490,-0.043687857687,-0.071179218590,-0.082026623189,0.066919565201,0.132215529680,0.157236441970,0.183605358005,0.267142981291,0.356003731489,0.342413514853,0.415983647108,0.549786388874,0.485149532557,0.478952109814,0.563558995724,0.497463375330,0.473704069853,0.282693922520,-0.013488003984,-0.273393481970,-0.537581503391,-0.430559277534,-0.461071938276,-0.585914313793,-0.398278176785,-0.399859696627,-0.288560539484,-0.062409669161,-0.027719885111,0.032096542418,0.177584931254,0.359630286694,0.263365685940,0.246360510588,0.475409656763,0.574215292931,0.579611539841,0.299255043268,0.083238981664,-0.034384150058,-0.248562440276,-0.228655666113,-0.365893453360,-0.536300361156,-0.557570874691,-0.542067587376,-0.296534836292,-0.276427060366,-0.465592652559,-0.533596158028,-0.508858025074,-0.327800989151,-0.136834263802,0.004861048888,0.173844411969,0.292736947536,0.333776473999,0.497329056263,0.508795797825,0.291307300329,0.438805192709,0.450786888599,0.135434135795,0.096362069249,-0.083446629345,-0.337715059519,-0.335521727800,-0.520453155041,-0.654704511166,-0.560398280621,-0.577575385571,-0.356890499592,-0.033493995667,0.050107195973,0.209586665034,0.220213413239,0.282624423504,0.567094862461,0.604555368423,0.669470667839,0.653169691563,0.442167043686,0.469130307436,0.470469444990,0.317399531603,0.231653541327,0.095000289381,-0.064685769379,-0.102612204850,-0.215614289045,-0.328784435987,-0.281275123358,-0.274957597256,-0.205296665430,-0.160116314888,-0.275918155909,-0.225912511349,-0.095988929272,-0.034377422184,0.077819861472,0.146001353860,0.190431565046,0.320831924677,0.401314675808,0.479618370533,0.564544200897,0.381991654634,0.183591932058,0.176210999489,0.015106591396,-0.215514779091,-0.298781752586,-0.498861998320,-0.685133934021,-0.547967374325,-0.444243818521,-0.356653928757,-0.167438417673,-0.093570262194,0.060869909823,0.142711505294,0.138522461057,0.248247608542,0.255703330040,0.390581518412,0.603512048721,0.590415000916,0.546624302864,0.480067014694,0.326965481043,0.176050752401,0.043560814112,-0.156719714403,-0.317993044853,-0.304026812315,-0.247896879911,-0.132775679231,-0.075328789651,-0.145038247108,-0.190367907286,-0.262062728405,-0.238024339080,-0.066405750811,0.113408751786,0.215236425400,0.401526480913,0.715123474598,0.757989883423,0.801768064499,0.880902826786,0.564718246460,0.359020560980,0.437972337008,0.399411946535,0.141005024314,-0.146688714623,-0.303266257048,-0.560673892498,-0.704005897045,-0.580353677273,-0.561782956123,-0.486292958260,-0.284016102552,-0.132769092917,-0.016859406605,-0.011282850057,0.114902324975,0.368764221668,0.310051053762,0.318700224161,0.532769739628,0.330876588821,0.193219512701,0.270156025887,-0.020858606324,-0.209016978741,-0.266547352076,-0.479161173105,-0.519181787968,-0.602100431919,-0.669452548027,-0.420401841402,-0.345343261957,-0.385130614042,-0.321218162775,-0.424895644188,-0.361237853765,-0.184585526586,-0.217097207904,-0.200264617801,-0.164590939879,-0.043327637017,0.220080807805,0.234746605158,0.120619408786,0.142863422632,0.079982906580,0.029415875673,0.094208106399,0.021951604635,-0.103245988488,-0.136779636145,-0.194071292877,-0.347518712282,-0.398505002260,-0.350656718016,-0.317730486393,-0.082967773080,0.105358816683,0.173535272479,0.356714814901,0.406477868557,0.485225945711,0.621333241463,0.588839948177,0.603201866150,0.680154740810,0.719378232956,0.626693129539,0.508926391602,0.423427492380,0.203790664673,-0.032943990082,-0.232137739658,-0.233008503914,-0.154985457659,-0.210281237960,-0.174474000931,-0.199708774686,-0.210029378533,-0.152119919658,-0.190980792046,-0.170735463500,-0.134964182973,0.029137616977,0.169046685100,0.150618493557,0.246820181608,0.275232940912,0.271812617779,0.294314652681,0.214356392622,0.139400422573,-0.090629063547,-0.377832502127,-0.363559395075,-0.374581307173,-0.651092410088,-0.760392129421,-0.753189921379,-0.767296314240,-0.618428647518,-0.453203469515,-0.204943969846,-0.041822131723,-0.061345759779,0.100572809577,0.221123993397,0.236433789134,0.270168781281,0.318327456713,0.336147844791,0.165746748447,0.225861340761,0.354219377041,0.202856615186,0.134766861796,-0.129222124815,-0.410506874323,-0.358980178833,-0.413592904806,-0.406607508659,-0.278477609158,-0.248458087444,-0.169954836369,-0.112208001316,-0.162398546934,-0.136024162173,0.055546663702,0.149196431041,0.280610352755,0.479768872261,0.354823917150,0.300207465887,0.306207239628,0.252608239651,0.382331132889,0.249901220202,0.149580717087,0.179795369506,-0.014396471903,-0.095329113305,-0.263453930616,-0.451906502247,-0.423683315516,-0.305410385132,-0.100740633905,-0.028672643006,0.014833092690,0.146943464875,0.281590640545,0.331607609987,0.378890365362,0.463571131229,0.362421840429,0.401541292667,0.400692552328,0.268480569124,0.359962254763,0.197725147009,0.049955870956,0.012227392755,-0.229264572263,-0.271103084087,-0.266088753939,-0.233052179217,-0.177306324244,-0.217827603221,-0.160831972957,-0.183301091194,-0.260784745216,-0.279804140329,-0.257064729929,-0.238327473402,-0.104403309524,0.115275397897,0.089587874711,0.218775883317,0.348830699921,0.172489032149,0.188825011253,0.154998078942,0.079800315201,0.162579119205,0.079872407019,-0.090482227504,-0.298528701067,-0.513014495373,-0.587306439877,-0.536166310310,-0.546600878239,-0.588955640793,-0.406258940697,-0.230612426996,-0.023141760379,0.267094969749,0.322097778320,0.413777142763,0.548944175243,0.656426429749,0.870345175266,0.951620638371,0.957643330097,0.847628831863,0.608109056950,0.494660437107,0.324923425913,0.035139575601,-0.208913043141,-0.405881971121,-0.471239954233,-0.363694369793,-0.286363273859,-0.267841041088,-0.241280943155,-0.234529599547,-0.150960281491,-0.143878027797,-0.136537581682,0.025363434106,0.029494822025,0.071097649634,0.216542437673,0.227579444647,0.217742711306,0.220694988966,0.194754183292,-0.004962694831,-0.158867701888,-0.224071264267,-0.392001301050,-0.454583525658,-0.569674432278,-0.606719017029,-0.619802534580,-0.759995877743,-0.544855117798,-0.370070457458,-0.377523034811,-0.205037295818,-0.057867437601,0.091036677361,0.227366983891,0.238497152925,0.235767811537,0.291915744543,0.240127593279,0.280229538679,0.446564167738,0.229184269905,0.123597458005,0.131328254938,-0.059664271772,-0.027268847451,-0.181329280138,-0.273970365524,-0.194787889719,-0.336855590343,-0.227808654308,-0.209463074803,-0.293211907148,-0.208824887872,-0.204074084759,-0.022828437388,0.130493402481,0.137030392885,0.242750555277,0.403061717749,0.499368607998,0.456244617701,0.453468948603,0.443185091019,0.440213054419,0.430894166231,0.216764792800,0.117335952818,0.057033684105,-0.113582618535,-0.212685465813,-0.448558628559,-0.576886117458,-0.542234182358,-0.595787107944,-0.479648649693,-0.394628614187,-0.321483731270,-0.118961609900,0.013131557964,0.227336168289,0.290551424026,0.291537195444,0.392608970404,0.390918582678,0.518530368805,0.521671593189,0.462583303452,0.350289255381,-0.053479045630,-0.187227815390,-0.350533425808,-0.549795210361,-0.466488003731,-0.599006116390,-0.641054928303,-0.557205259800,-0.592172205448,-0.549755334854,-0.535601973534,-0.447864264250,-0.272697538137,-0.159356474876,-0.069373838603,0.052402969450,0.128319650888,0.127960622311,0.220087558031,0.233461469412,0.196274444461,0.235705032945,0.128586933017,0.030095860362,-0.151122823358,-0.438934743404,-0.499738991261,-0.675038576126,-0.874315559864,-0.787183880806,-0.740158021450,-0.588753640652,-0.340380012989,-0.164192333817,0.084031216800,0.212039604783,0.348409861326,0.527624070644,0.574621081352,0.630110025406,0.635857582092,0.699164807796,0.601000130177,0.366669505835,0.373916417360,0.117365390062,-0.139862611890,-0.179894357920,-0.335322797298,-0.244997546077,-0.263057172298,-0.294991016388,-0.123090580106,-0.179925501347,-0.045660071075,-0.029806451872,-0.225835621357,-0.088727667928,-0.006731002126,0.090413071215,0.268404543400,0.359402835369,0.406256258488,0.372562319040,0.383969485760,0.331518143415,0.318181186914,0.247639954090,0.034135226160,0.040414065123,-0.101762630045,-0.351550579071,-0.432016283274,-0.603038191795,-0.648957610130,-0.587928891182,-0.554802536964,-0.470667272806,-0.428543984890,-0.280161172152,-0.014947714284,0.188168227673,0.297824412584,0.274713933468,0.281764358282,0.384157568216,0.401825070381,0.430027574301,0.390468686819,0.186901539564,0.098625190556,-0.001985885901,-0.181676432490,-0.267144829035,-0.351446121931,-0.343870997429,-0.300352931023,-0.281459748745,-0.202470913529,-0.291204154491,-0.375953137875,-0.282782852650,-0.188686043024,-0.074711777270,-0.029973058030,0.138956606388,0.389678329229,0.368959665298,0.417103677988,0.455455154181,0.389021515846,0.446148216724,0.408429712057,0.436461776495,0.373406887054,0.145448043942,0.017822399735,-0.288431793451,-0.423167645931,-0.415694445372,-0.544266819954,-0.389789074659,-0.263229340315,-0.228235065937,-0.058869324625,0.013795391656,0.013572905213,0.037269003689,0.194761827588,0.241331890225,0.145121350884,0.208652436733,0.211679890752,0.252795606852,0.226132601500,0.003530211980,-0.008696706966,-0.098021179438,-0.249652609229,-0.258447051048,-0.212286397815,-0.051246698946,-0.155200600624,-0.270931303501,-0.255004644394,-0.392424106598,-0.405317544937,-0.459154874086,-0.438429564238,-0.320356875658,-0.311318755150,-0.143410369754,-0.086415916681,-0.097997374833,-0.028318567201,0.029602315277,0.152430579066,0.060581516474,-0.036478288472,0.105904243886,0.150034472346,-0.019038615748,-0.141464784741,-0.058586426079,-0.131581485271,-0.370754003525,-0.379512220621,-0.160697624087,-0.006260034628,-0.094525568187,-0.152737170458,-0.044405527413,0.104319006205,0.195207327604,0.150724053383,0.331110209227,0.641534388065,0.563894629478,0.451663583517,0.489739894867,0.409937977791,0.329009920359,0.235339984298,0.045402772725,-0.130253165960,-0.170173883438,-0.142041727901,-0.220876038074,-0.296807706356,-0.292152523994,-0.253648489714,-0.332777082920,-0.609443068504,-0.648645937443,-0.332153439522,-0.040533751249,0.050423637033,0.061463139951,0.125176265836,0.112521402538,0.195232063532,0.419321388006,0.388665884733,0.231152355671,0.142806395888,0.067405313253,-0.085806429386,-0.388581544161,-0.608644366264,-0.642005085945,-0.641468465328,-0.660684525967,-0.576255023479,-0.375669777393,-0.232872799039,-0.213761463761,-0.293329596519,-0.226926460862,0.006125919055,0.081046298146,0.094446860254,0.184953585267,0.287950813770,0.336859822273,0.285686254501,0.232584431767,0.144699931145,0.014850825071,-0.092686779797,-0.147223129869,-0.121133893728,-0.118607051671,-0.136839419603,-0.175326555967,-0.193807154894,-0.149699360132,-0.101603925228,-0.020395444706,-0.082862913609,-0.154048994184,-0.014095765539,0.056522354484,0.102690622211,0.127137243748,0.089161373675,0.170022830367,0.178691223264,0.144792363048,0.148412615061,0.139091640711,0.225113004446,0.190517053008,0.017987722531,-0.116252236068,-0.268914610147,-0.398983418941,-0.457559913397,-0.402475237846,-0.248038858175,-0.069714799523,0.093176901340,0.198590800166,0.240677356720,0.222493425012,0.263040244579,0.314770907164,0.356119126081,0.509029865265,0.468471199274,0.328910112381,0.247863173485,0.063039854169,0.070987313986,-0.047094020993,-0.362388163805,-0.321148127317,-0.249650046229,-0.274936050177,-0.269501149654,-0.329093366861,-0.360989809036,-0.316077291965,-0.247730985284,-0.289986252785,-0.292347878218,-0.206617057323,-0.156504645944,-0.047731064260,-0.028183717281,0.016319487244,0.242290452123,0.327802896500,0.311972379684,0.364443987608,0.302487343550,0.135162711143,0.029238419607,-0.179843991995,-0.402421921492,-0.407882094383,-0.431020021439,-0.463272780180,-0.470785200596,-0.392994850874,-0.123261243105,0.016133239493,0.214174002409,0.469892352819,0.517240226269,0.683045446873,0.760344982147,0.769558370113,0.900756001472,0.792892456055,0.642549097538,0.425125956535,0.141981467605,0.071115061641,-0.098898001015,-0.237102732062,-0.282894968987,-0.382173120975,-0.280881255865,-0.183715522289,-0.154555171728,-0.089541777968,-0.154771849513,-0.205970227718,-0.170335963368,-0.149725094438,-0.053093943745,0.043534677476,0.008720615879,-0.017944034189,-0.112319573760,-0.204787641764,-0.100931189954,-0.120326206088,-0.174104809761,-0.148123398423,-0.254767686129,-0.316176861525,-0.358979731798,-0.373824447393,-0.350731909275,-0.427420467138,-0.418912440538,-0.300623744726,-0.132397115231,-0.009236335754,-0.003712434787,-0.037991471589,-0.011605073698,0.131540223956,0.192650377750,0.250000536442,0.303399592638,0.279771208763,0.366679638624,0.359093219042,0.293144732714,0.249270170927,0.244630053639,0.264037460089,-0.000485614204,-0.066529266536,0.054009608924,-0.043698746711,0.051040593535,0.088651426136,-0.085972547531,-0.032246910036,0.053483601660,-0.205149561167,-0.290452420712,-0.003685571952,-0.065543405712,-0.038449421525,0.240461036563,0.149652570486,0.220760241151,0.521628141403,0.584481716156,0.555681586266,0.481708556414,0.194851011038,-0.023328173906,-0.066659517586,-0.323694735765,-0.463249713182,-0.593876719475,-0.831292450428,-0.667003214359,-0.580142378807,-0.519108593464,-0.370697915554,-0.280461579561,0.000652140006,0.074272990227,0.221107020974,0.403259873390,0.386548936367,0.522427201271,0.451603949070,0.506352603436,0.530494749546,0.272367894650,0.342654079199,0.186872705817,-0.093742623925,-0.106026344001,-0.214058488607,-0.327903896570,-0.423542559147,-0.426616251469,-0.360449433327,-0.230775818229,-0.255896538496,-0.517459988594,-0.407156467438,-0.205814361572,-0.066076830029,0.147219747305,0.111220002174,0.145999863744,0.276462584734,0.283750712872,0.250601410866,0.228890866041,0.244641482830,0.165611281991,0.061230365187,-0.151326224208,-0.374146521091,-0.373249739408,-0.485061943531,-0.600345551968,-0.605871975422,-0.663487792015,-0.460773140192,-0.205989584327,-0.141763001680,0.049662761390,0.176660776138,0.250549584627,0.448667258024,0.458694159985,0.472341120243,0.527118742466,0.446368813515,0.494665801525,0.413585841656,0.207597985864,0.167623773217,0.016421791166,-0.174475744367,-0.234731718898,-0.216925367713,-0.207108259201,-0.344357609749,-0.419713079929,-0.227978318930,-0.149601072073,-0.254166483879,-0.034897450358,0.040965020657,-0.126404628158,0.117849625647,0.321737259626,0.398095697165,0.377294123173,0.306714087725,0.576778948307,0.567221701145,0.442517280579,0.533855855465,0.380982875824,0.076462216675,-0.195771083236,-0.281172871590,-0.445648640394,-0.597844004631,-0.684708952904,-0.909408390522,-0.687212228775,-0.516003251076,-0.338411211967,0.100231260061,-0.060863990337,0.055824782699,0.403132766485,0.301239490509,0.488180130720,0.640155076981,0.622014939785,0.615581750870,0.407677888870,0.285693645477,0.215437769890,-0.019648471847,-0.251919686794,-0.324378728867,-0.385927587748,-0.385429710150,-0.309444338083,-0.292783498764,-0.169971719384,-0.209988623857,-0.283070236444,-0.053355209529,0.056229975075,0.182976752520,0.373661369085,0.361598968506,0.423331320286,0.536796331406,0.589086651802,0.684910058975,0.702126979828,0.528291761875,0.289360105991,0.092871911824,-0.057204816490,-0.219601452351,-0.426820278168,-0.395446389914,-0.318670868874,-0.516467213631,-0.461611658335,-0.287672579288,-0.239613428712,0.071472503245,0.214340940118,0.071967743337,0.122752867639,0.266386657953,0.368652373552,0.362926274538,0.258817136288,0.313810676336,0.460688799620,0.337179481983,0.149664148688,0.073803246021,-0.183983653784,-0.288057982922,-0.232005909085,-0.407146066427,-0.373950451612,-0.202629759908,-0.182535544038,-0.096322067082,-0.104855783284,-0.097277097404,-0.017499763519,-0.127228423953,-0.165461331606,-0.068116500974,-0.041501898319,-0.023927519098,0.126939669251,0.264975458384,0.215353667736,0.183000698686,0.236742019653,0.300876617432,0.240363389254,0.241182968020,0.303055316210,-0.028708601370,-0.154950648546,-0.071869038045,-0.292502582073,-0.271439015865,-0.231444209814,-0.341852098703,-0.187308385968,0.062590815127,0.152358233929,0.209701061249,0.422701746225,0.447580575943,0.394072085619,0.496324539185,0.454177290201,0.453231841326,0.531397581100,0.489902853966,0.368525624275,0.218231558800,0.107681863010,0.034704819322,-0.026775499806,-0.141866207123,-0.296891897917,-0.356316149235,-0.281533002853,-0.316602349281,-0.401123642921,-0.334361791611,-0.474032044411,-0.602280676365,-0.373139500618,-0.206804767251,-0.185190886259,-0.060959972441,0.047866158187,0.058752872050,0.250319421291,0.453645557165,0.476957619190,0.379881083965,0.119052872062,0.078695535660,0.001374006388,-0.247357100248,-0.249018937349,-0.424544364214,-0.519468426704,-0.404231667519,-0.473191320896,-0.291993975639,-0.116724736989,-0.200212150812,-0.173300042748,-0.021288143471,0.224095180631,0.349272191525,0.380543977022,0.493662208319,0.476117283106,0.374037027359,0.419255793095,0.421426445246,0.268744379282,0.258401066065,0.192480951548,-0.073509268463,-0.175409033895,-0.259883642197,-0.345882773399,-0.318093895912,-0.289995580912,-0.132636412978,-0.185422360897,-0.377226948738,-0.173865690827,-0.111725471914,-0.188964903355,0.074258603156,0.170171365142,0.170599579811,0.411651045084,0.422071069479,0.379584670067,0.534072339535,0.351449996233,0.181886970997,0.216010794044,-0.187293931842,-0.397563844919,-0.285190701485,-0.577010750771,-0.541388213634,-0.308910489082,-0.528619945049,-0.371668159962,-0.104589514434,-0.173396766186,-0.048223838210,0.099115617573,0.211878567934,0.303985923529,0.363149136305,0.477678000927,0.461004614830,0.456806123257,0.376563996077,0.233042463660,0.175309360027,-0.007463843096,-0.021297536790,0.018235990778,-0.193967580795,-0.276617676020,-0.351062864065,-0.463384807110,-0.363214373589,-0.327744871378,-0.385414898396,-0.376175731421,-0.362470954657,-0.298558920622,-0.154608115554,-0.016900349408,0.112337715924,0.280862569809,0.313199192286,0.266585350037,0.399887233973,0.483255088329,0.353389143944,0.193829298019,0.083720207214,-0.099748782814,-0.280031442642,-0.255058735609,-0.368903785944,-0.545263111591,-0.394217967987,-0.313172250986,-0.226888328791,0.072788223624,0.188320055604,0.293726116419,0.539450585842,0.682886302471,0.767016768456,0.797975957394,0.706827521324,0.533526122570,0.442605823278,0.447134286165,0.407713472843,0.356230795383,0.156887948513,-0.102989487350,-0.262899249792,-0.417732805014,-0.370764195919,-0.376355171204,-0.411141633987,-0.132138624787,-0.042534291744,-0.006328921299,0.064560301602,-0.044085476547,-0.031877767295,-0.173105970025,-0.151809319854,0.101789727807,-0.049267858267,-0.085178047419,0.056342672557,0.029283463955,0.009966163896,0.006592677906,-0.081782825291,-0.291203022003,-0.353792190552,-0.331273496151,-0.346286416054,-0.384037345648,-0.481482774019,-0.390826433897,-0.326630204916,-0.304467290640,-0.136159777641,0.033473618329,0.217967659235,0.255331099033,0.286494851112,0.328314960003,0.295193672180,0.386014610529,0.379863172770,0.379440993071,0.379920572042,0.358136296272,0.439394682646,0.232955187559,0.032353229821,-0.004372476134,-0.101397119462,-0.059046924114,-0.000869211857,0.033577024937,0.040906347334,0.019572332501,0.014398841187,-0.095741726458,-0.157971918583,-0.076802216470,0.005425185431,-0.057513855398,-0.025009877980,0.167167603970,0.167870610952,0.212371110916,0.335749387741,0.314331024885,0.246918290854,0.093584686518,-0.017819074914,-0.040143601596,-0.204507380724,-0.416422784328,-0.417640894651,-0.457623600960,-0.631276249886,-0.522524476051,-0.384620964527,-0.404623150826,-0.261549502611,-0.080840431154,-0.008401868865,-0.015235759318,0.047189846635,0.168903380632,0.159555107355,0.211557418108,0.314648747444,0.289076745510,0.233770906925,0.221719115973,0.184465855360,-0.049056958407,-0.267035782337,-0.278379648924,-0.267691910267,-0.251522272825,-0.294495612383,-0.263661265373,-0.146776631474,-0.130622178316,-0.096460975707,-0.233833193779,-0.328748673201,-0.226756274700,-0.231189772487,-0.038372874260,0.137252956629,0.121173091233,0.168651223183,0.149145439267,0.241593807936,0.306730449200,0.200284823775,0.148605033755,0.039719123393,-0.059008479118,-0.043681394309,-0.153567880392,-0.455985218287,-0.519857704639,-0.443329304457,-0.482708275318,-0.293678522110,-0.120507836342,0.027184713632,0.253087490797,0.280636399984,0.300546705723,0.266647011042,0.327036827803,0.423920124769,0.350984662771,0.452316343784,0.469532132149,0.411775529385,0.382491528988,0.169528678060,0.036437951028,-0.082952864468,-0.195490747690,-0.283502936363,-0.407353579998,-0.341543644667,-0.256717056036,-0.243169397116,-0.356546670198,-0.530223786831,-0.487438678741,-0.386644273996,-0.241345331073,-0.114803679287,-0.025434941053,0.109177984297,0.163211271167,0.286618053913,0.382085859776,0.388539075851,0.352075368166,0.238965123892,0.138441964984,-0.161748781800,-0.349908798933,-0.383445084095,-0.573804259300,-0.588102936745,-0.687639653683,-0.729854106903,-0.516791105270,-0.497050762177,-0.278568893671,-0.008369512856,0.014173075557,0.142091453075,0.210952028632,0.240833893418,0.399200201035,0.533088266850,0.509890794754,0.419062435627,0.371842831373,0.300793111324,0.216894477606,0.012919792905,-0.220050737262,-0.285731554031,-0.287895262241,-0.217355757952,-0.186664253473,-0.175821512938,-0.069740913808,-0.031095201150,0.022853093222,0.118148095906,0.194139048457,0.315671205521,0.423743575811,0.527917265892,0.627844750881,0.590406894684,0.450310021639,0.437918901443,0.446891725063,0.313887178898,0.196714922786,0.049495834857,-0.177998840809,-0.294751465321,-0.304254680872,-0.454991728067,-0.600104510784,-0.620392560959,-0.726631999016,-0.602070629597,-0.315038233995,-0.185344979167,-0.045446284115,0.004806816112,0.077080182731,0.152392551303,0.142694398761,0.272328555584,0.282145738602,0.238675728440,0.217748537660,0.081940360367,0.084977567196,0.005601100624,-0.182297185063,-0.300572961569,-0.444456517696,-0.399471908808,-0.296271681786,-0.328403502703,-0.393790274858,-0.467389434576,-0.503797769547,-0.533058941364,-0.463894844055,-0.329659849405,-0.223785534501,-0.105408988893,-0.021946648136,0.095349125564,0.099417045712,0.124460406601,0.396014392376,0.518232166767,0.529400348663,0.476302266121,0.315746963024,0.210068807006,0.030626308173,0.004647061229,-0.018807677552,-0.251809656620,-0.320338606834,-0.413280159235,-0.451340138912,-0.293828994036,-0.195047885180,-0.002277495107,0.127412438393,0.149072974920,0.289615124464,0.351976186037,0.418198287487,0.557120919228,0.528237521648,0.505754292011,0.572739720345,0.514622151852,0.446511596441,0.272482544184,-0.024657856673,-0.137931600213,-0.252833068371,-0.328587353230,-0.367838144302,-0.474559485912,-0.376279860735,-0.355112820864,-0.356698840857,-0.251450777054,-0.281962275505,-0.231106102467,-0.237547874451,-0.244764864445,-0.103939123452,-0.032684449106,0.022440731525,0.068650931120,0.237639933825,0.332456350327,0.249454960227,0.195796817541,0.008727484383,-0.097734697163,-0.189240366220,-0.388660192490,-0.446539312601,-0.513841867447,-0.558863639832,-0.526142418385,-0.464657098055,-0.357551842928,-0.224271833897,-0.099673599005,0.021668508649,0.244925245643,0.288998872042,0.189706981182,0.207406744361,0.267818242311,0.416000872850,0.418737232685,0.304402142763,0.156699031591,0.016269478947,0.033225379884,-0.188043504953,-0.287562698126,-0.218783661723,-0.327599048615,-0.171979531646,-0.151768580079,-0.192510113120,-0.081920750439,-0.127357929945,-0.040599677712,-0.175655901432,-0.230708271265,0.044252268970,0.014378883876,0.077582783997,0.223776817322,0.270713061094,0.308544188738,0.274899899960,0.339647978544,0.237218543887,0.190993756056,0.178312882781,-0.051831565797,-0.062937244773,-0.202490597963,-0.415939033031,-0.399018377066,-0.447273731232,-0.448371142149,-0.350823760033,-0.202570676804,-0.174360692501,-0.101433329284,0.090839765966,0.024129642174,0.019194982946,0.126152187586,0.199442386627,0.334318548441,0.344562143087,0.262164115906,0.194799020886,0.150389939547,0.018029546365,-0.150131344795,-0.303535461426,-0.454683989286,-0.400048613548,-0.352754771709,-0.381054699421,-0.357810705900,-0.402270704508,-0.474537730217,-0.519053637981,-0.478832602501,-0.415219306946,-0.339637279510,-0.198231652379,-0.019798779860,0.084504298866,0.041595052928,0.153094470501,0.200530633330,0.135767474771,0.286038964987,0.202338054776,0.101075306535,0.091236263514,-0.195938810706,-0.278934717178,-0.248261019588,-0.336665451527,-0.320971399546,-0.237644121051,-0.035081684589,0.198142915964,0.316016644239,0.411454379559,0.562642574310,0.671770632267,0.721683025360,0.729440510273,0.616956055164,0.505425095558,0.435827136040,0.448713690042,0.461123079062,0.272748708725,0.096815660596,-0.031733617187,-0.184817180037,-0.284288823605,-0.301258236170,-0.228088974953,-0.216850563884,-0.190176397562,-0.126906305552,-0.190473109484,-0.288603067398,-0.359228372574,-0.381069362164,-0.360011637211,-0.260931074619,-0.110239177942,-0.022889336571,0.073422998190,0.092821739614,0.004499083385,0.007834743708,0.041144911200,-0.062178768218,-0.199311450124,-0.243391498923,-0.304461508989,-0.391448080540,-0.522312343121,-0.694162905216,-0.688315689564,-0.697640359402,-0.661130845547,-0.334530949593,-0.244842782617,-0.243488356471,-0.029421949759,-0.024007521570,-0.009345144033,0.179645687342,0.400500774384,0.602971017361,0.642739951611,0.585733532906,0.482319921255,0.415610045195,0.312012553215,0.181989371777,0.090156383812,-0.138028725982,-0.177371516824,-0.124260626733,-0.220228731632,-0.192398235202,-0.193097651005,-0.126863941550,-0.040762327611,-0.091209389269,-0.000800179492,0.035029407591,0.036352083087,0.148021236062,0.220709666610,0.317546874285,0.427143543959,0.472918063402,0.444793105125,0.422580182552,0.307833790779,0.142717972398,0.090604245663,-0.068188942969,-0.234168872237,-0.400721013546,-0.610680997372,-0.661163151264,-0.687691569328,-0.497718662024,-0.174364656210,-0.086800947785,0.025256371126,0.190025478601,0.283995002508,0.325266003609,0.408601433039,0.463417410851,0.296575397253,0.326797991991,0.421426981688,0.276157975197,0.242686837912,0.019116932526,-0.342298537493,-0.438654512167,-0.475277096033,-0.463627576828,-0.489293485880,-0.515133500099,-0.388818025589,-0.251408487558,-0.148277491331,-0.243670791388,-0.342526406050,-0.165576606989,0.016176516190,0.158064827323,0.207395061851,0.204612717032,0.330897748470,0.283847481012,0.124737940729,0.156530052423,0.171428754926,0.092175878584,0.053549710661,-0.040605604649,-0.184927657247,-0.238276377320,-0.376902014017,-0.571892440319,-0.544460475445,-0.505852997303,-0.496770977974,-0.270441859961,-0.042044721544,0.099387660623,0.249277532101,0.229888439178,0.179265111685,0.315483450890,0.422265470028,0.512636959553,0.627111792564,0.560275375843,0.481523126364,0.443842172623,0.346100211143,0.252398997545,-0.024882517755,-0.299124807119,-0.316483765841,-0.332222968340,-0.240836516023,-0.089899778366,-0.155068606138,-0.205945119262,-0.248189464211,-0.293009728193,-0.184266805649,-0.152503341436,-0.135111019015,-0.008094654419,0.044100910425,0.084696978331,0.138756081462,0.124842979014,0.117477640510,0.199625864625,0.273821413517,0.213625058532,0.067955106497,-0.134976252913,-0.263010054827,-0.378692418337,-0.585400044918,-0.656847417355,-0.719636917114,-0.696380376816,-0.527464687824,-0.405946165323,-0.164163380861,-0.026518590748,0.154848158360,0.436392337084,0.403777480125,0.547310411930,0.711567640305,0.528414785862,0.530475556850,0.525668263435,0.311619222164,0.293223887682,0.121047846973,-0.236799627542,-0.199982404709,-0.325801342726,-0.440150171518,-0.057365339249,-0.016814995557,0.021337781101,0.266719013453,0.130454063416,0.040981169790,0.157250374556,0.261800795794,0.325644731522,0.434453666210,0.527974963188,0.508558332920,0.461249560118,0.361312597990,0.470975160599,0.495383322239,0.313783735037,0.388728708029,0.318356335163,0.095736816525,-0.118688844144,-0.296054095030,-0.337851613760,-0.513338983059,-0.506054759026,-0.468380659819,-0.527882158756,-0.364173948765,-0.338320106268,-0.188136458397,0.061330541968,-0.029357580468,-0.021044950932,0.117212273180,0.131656035781,0.176462590694,0.260945558548,0.277597069740,0.291104823351,0.234452649951,0.119893766940,0.035585734993,-0.162829861045,-0.264248728752,-0.263205736876,-0.395755439997,-0.456809431314,-0.433762162924,-0.445564568043,-0.422060042620,-0.389961123466,-0.475439548492,-0.489069163799,-0.366207540035,-0.293822348118,-0.028304623440,0.264317035675,0.268585175276,0.287661641836,0.431653261185,0.579682290554,0.599279403687,0.549305677414,0.490554392338,0.312776833773,0.148259639740,0.015365788713,-0.155398622155,-0.355802536011,-0.513542234898,-0.535884737968,-0.523733615875,-0.373828202486,-0.049430545419,0.166511848569,0.179044872522,0.219178050756,0.360103607178,0.465242058039,0.644449293613,0.646343231201,0.501927137375,0.669313013554,0.674754619598,0.413010329008,0.316358238459,0.165220052004,-0.205786988139,-0.380874872208,-0.267211645842,-0.316381573677,-0.306486904621,-0.245290189981,-0.258086562157,-0.177212640643,-0.367222368717,-0.325498521328,-0.153111323714,-0.215771257877,0.077279597521,0.134149327874,0.177106902003,0.439741492271,0.314304828644,0.400853306055,0.498769074678,0.333707541227,0.182196617126,0.059359990060,0.045884497464,-0.179822534323,-0.323159754276,-0.426969707012,-0.661282598972,-0.537151336670,-0.550613641739,-0.567606329918,-0.321738630533,-0.253589659929,0.014532521367,0.239218130708,0.199279099703,0.260432839394,0.303148239851,0.428618520498,0.537451803684,0.554807186127,0.606080234051,0.544524312019,0.420581281185,0.306612908840,0.199386060238,-0.023078314960,-0.186323657632,-0.166935056448,-0.273581236601,-0.285282522440,-0.230588316917,-0.264158755541,-0.213758409023,-0.241090297699,-0.190443053842,-0.158552274108,-0.285580426455,-0.185786381364,-0.127369031310,-0.100711792707,0.219229891896,0.315765053034,0.244321480393,0.402705997229,0.374570339918,0.283435016870,0.363183557987,0.253292679787,0.148870646954,0.066689133644,-0.146249309182,-0.275666087866,-0.378880232573,-0.428006589413,-0.449752837420,-0.433238565922,-0.280080437660,-0.159904137254,-0.055311575532,0.044579919428,0.175796702504,0.265717953444,0.247524127364,0.391875594854,0.524033367634,0.527464985847,0.481907755136,0.451024472713,0.503866851330,0.214214593172,-0.036749809980,0.033981364220,-0.147604674101,-0.284439742565,-0.331896781921,-0.361019283533,-0.234204381704,-0.271773159504,-0.229676291347,-0.143143787980,-0.250190109015,-0.214433208108,-0.015931550413,0.011461395770,0.018909770995,0.310758113861,0.280210554600,0.193048268557,0.518833100796,0.385155528784,0.178656831384,0.231713026762,-0.001465555863,-0.067237056792,0.060166809708,-0.040421172976,-0.218347921968,-0.282791733742,-0.239696815610,-0.202276706696,-0.149274840951,0.012014205568,0.154180198908,0.224407583475,0.278592020273,0.315997242928,0.432134121656,0.455074012280,0.394014537334,0.493780672550,0.481749027967,0.340775221586,0.336344689131,0.364030092955,0.237976700068,0.035464890301,-0.064284689724,-0.093031942844,-0.089537769556,-0.064422845840,0.006717107724,0.078941792250,0.034692104906,-0.119106888771,-0.345346003771,-0.469290167093,-0.486013472080,-0.416322588921,-0.271650046110,-0.287788122892,-0.229782640934,-0.091222167015,-0.130814194679,-0.087666973472,-0.008257372305,0.080720305443,0.217523425817,0.154605105519,0.089496999979,0.126048251987,0.032978884876,-0.138481900096,-0.281049251556,-0.423393964767,-0.495842516422,-0.467726141214,-0.441053271294,-0.374522924423,-0.261879473925,-0.153723120689,-0.016179261729,0.092546798289,0.160579085350,0.338013738394,0.566684126854,0.571657717228,0.468125194311,0.531956255436,0.565760254860,0.322584122419,0.221067786217,0.385361492634,0.161244541407,-0.043810464442,0.125426590443,-0.016787061468,-0.134974792600,-0.011785871349,-0.007319797762,-0.041126273572,-0.104939170182,-0.049583233893,-0.025924988091,-0.068061158061,0.029279604554,0.224782541394,0.440428256989,0.282595664263,0.302240908146,0.484556257725,0.182227149606,0.260850906372,0.341412276030,0.088365308940,0.128715798259,-0.045418839902,-0.260357737541,-0.376134723425,-0.595326125622,-0.580525398254,-0.414888978004,-0.247536778450,-0.131088972092,-0.024748159572,-0.027846420184,-0.052449136972,0.142115890980,0.193184569478,0.227996408939,0.411925882101,0.496097058058,0.529252469540,0.456065326929,0.392815679312,0.283994734287,0.067325681448,-0.063983052969,-0.234687879682,-0.299910247326,-0.280842721462,-0.318204730749,-0.340490967035,-0.351720184088,-0.182672619820,-0.154477030039,-0.294531613588,-0.271329581738,-0.304557561874,-0.245391666889,-0.099707841873,0.034463986754,0.263681799173,0.333277404308,0.350348800421,0.376550942659,0.395128041506,0.505588769913,0.460463374853,0.289461106062,0.091095313430,-0.049306023866,-0.048310432583,-0.173800587654,-0.415112674236,-0.548701584339,-0.515788733959,-0.363778859377,-0.218013882637,-0.109156057239,-0.017014989629,-0.004789625760,0.013020019978,0.169424861670,0.306568831205,0.404436618090,0.495124131441,0.501683950424,0.503156542778,0.441617816687,0.304674685001,0.200959026814,0.089182309806,-0.111169673502,-0.282501101494,-0.305841892958,-0.334942430258,-0.311867088079,-0.216283708811,-0.224419221282,-0.307331115007,-0.424788355827,-0.456966757774,-0.368412673473,-0.187791600823,-0.009139290079,0.081375040114,0.268941849470,0.376235812902,0.360200792551,0.427890062332,0.421984702349,0.388643980026,0.343100279570,0.225142821670,0.069448798895,-0.183504626155,-0.412406444550,-0.554267227650,-0.685743272305,-0.763174474239,-0.687670886517,-0.585560321808,-0.472655773163,-0.202893823385,-0.045926492661,0.084182269871,0.381175935268,0.545195698738,0.634901642799,0.711746811867,0.701204657555,0.687276542187,0.683378696442,0.620451211929,0.413547754288,0.214216575027,-0.001076072687,-0.253503084183,-0.350462794304,-0.418366074562,-0.364168286324,-0.194379657507,-0.156764119864,-0.080262057483,-0.040616292506,-0.107470832765,-0.024062892422,0.110946342349,0.246695831418,0.386721700430,0.334667265415,0.323586285114,0.413538515568,0.304716825485,0.242385700345,0.270696550608,0.188946187496,0.183793231845,0.166735142469,0.011089793406,-0.147360697389,-0.312769114971,-0.465646505356,-0.540427744389,-0.597156345844,-0.645516872406,-0.566832602024,-0.420511156321,-0.323875993490,-0.244301483035,-0.216828197241,-0.139401286840,0.010412503965,0.050979003310,0.072495095432,0.130339443684,0.267255902290,0.395461946726,0.301033973694,0.258830428123,0.175101831555,-0.124554120004,-0.229735761881,-0.270748823881,-0.393929064274,-0.372476339340,-0.372556596994,-0.372565984726,-0.211507260799,-0.204572707415,-0.364269673824,-0.387959063053,-0.374116688967,-0.287793487310,-0.126389697194,-0.069688364863,0.076511569321,0.208363324404,0.233317628503,0.360334247351,0.415399402380,0.461962848902,0.522422730923,0.389002263546,0.259509652853,0.168749511242,-0.009835811332,-0.194134861231,-0.301345348358,-0.456470310688,-0.581401884556,-0.454380512238,-0.328227907419,-0.211134955287,-0.036556195468,0.039282329381,0.189653649926,0.397018849850,0.531145036221,0.560360014439,0.524239242077,0.601745486259,0.755341887474,0.773200273514,0.593533217907,0.474678099155,0.366891145706,0.072976075113,-0.167055606842,-0.385419249535,-0.524141371250,-0.452157557011,-0.445790052414,-0.407608687878,-0.313721150160,-0.339928269386,-0.431950122118,-0.453128218651,-0.285580933094,-0.237547442317,-0.155960753560,0.137548625469,0.219336912036,0.323203623295,0.430416017771,0.336788505316,0.344925075769,0.386602729559,0.315916061401,0.241098552942,0.179298073053,-0.113202929497,-0.362460941076,-0.435368388891,-0.702743470669,-0.736954510212,-0.598343193531,-0.609994530678,-0.512944996357,-0.386061221361,-0.158219292760,0.018137233332,0.091818518937,0.255492031574,0.266997307539,0.390109181404,0.619640350342,0.575654149055,0.458667606115,0.392460167408,0.425718694925,0.377690464258,0.135674849153,-0.074789844453,-0.300772756338,-0.332275032997,-0.131672352552,-0.120765075088,-0.216835588217,-0.262717694044,-0.276859670877,-0.268334418535,-0.385949552059,-0.442220360041,-0.266034007072,-0.173454225063,-0.153339460492,-0.078216202557,0.004280144814,0.180542126298,0.315483838320,0.397823840380,0.391993701458,0.231468483806,0.225555509329,0.230086728930,0.086863920093,-0.074008934200,-0.306250452995,-0.484996795654,-0.599455356598,-0.686940252781,-0.736492335796,-0.692831337452,-0.400431334972,-0.219927445054,-0.157761022449,0.051058962941,0.144154563546,0.261936664581,0.393167734146,0.400306195021,0.496255517006,0.533148527145,0.511813223362,0.436522245407,0.269234269857,0.077492751181,-0.266714602709,-0.435018360615,-0.359031677246,-0.344263136387,-0.327706634998,-0.348793238401,-0.335172146559,-0.312297523022,-0.343432247639,-0.343336462975,-0.399823933840,-0.282629966736,-0.073922201991,0.024727391079,0.228630632162,0.383729934692,0.457619220018,0.484900712967,0.418792068958,0.392812281847,0.352086186409,0.259788483381,0.106610275805,0.005437713116,-0.098580040038,-0.309485077858,-0.318707615137,-0.282324224710,-0.331628113985,-0.294127017260,-0.289160251617,-0.145382121205,0.116765379906,0.192351073027,0.214756652713,0.245019555092,0.259589523077,0.338734447956,0.292962402105,0.230056390166,0.379851073027,0.340759336948,0.224482432008,0.297267735004,0.113884359598,-0.139554232359,-0.243027821183,-0.369435280561,-0.268633723259,-0.152835994959,-0.269964307547,-0.308333665133,-0.366123139858,-0.497509062290,-0.452871978283,-0.485829204321,-0.590256690979,-0.454056590796,-0.430363267660,-0.428380459547,-0.223018586636,-0.203082948923,-0.136281728745,0.013988140039,0.032504864037,0.127792790532,0.079789347947,-0.051143180579,-0.057610437274,-0.112058714032,-0.207485035062,-0.348799526691,-0.480497151613,-0.589628577232,-0.614351034164,-0.472110390663,-0.271106362343,-0.066973187029,0.024329271168,0.093511953950,0.084061883390,0.085575141013,0.310575515032,0.348215878010,0.438887059689,0.606401383877,0.498233675957,0.562253534794,0.573778092861,0.379611492157,0.290254652500,0.157001420856,0.028229629621,-0.057717040181,-0.149329513311,-0.148636162281,-0.024339299649,-0.043029647321,-0.186205402017,-0.167525559664,-0.218170911074,-0.184472516179,-0.047383550555,-0.033757407218,0.155533850193,0.252589881420,0.234670594335,0.317617177963,0.302591055632,0.284827470779,0.221308603883,0.125414565206,-0.000230407517,-0.117161959410,-0.190636903048,-0.394755840302,-0.502821564674,-0.586702883244,-0.652038693428,-0.677644014359,-0.734316885471,-0.467018663883,-0.269579827785,-0.194616019726,-0.058376837522,-0.058006457984,0.077322378755,0.135457664728,0.205485761166,0.318254023790,0.324659824371,0.519459426403,0.417429178953,0.179947391152,0.117322377861,-0.051546305418,-0.136766090989,-0.263862371445,-0.352258652449,-0.351705759764,-0.338768810034,-0.243246674538,-0.215792745352,-0.060560531914,-0.040393847972,-0.176486745477,-0.157847106457,-0.190426304936,-0.120194435120,-0.107771337032,-0.041066281497,0.116646751761,0.020068774000,0.149286851287,0.224676534534,0.129276648164,0.205240041018,0.151173353195,0.171017572284,0.139553844929,-0.069612398744,-0.268042951822,-0.444207251072,-0.367105156183,-0.351122528315,-0.376199334860,-0.219151839614,-0.164871573448,-0.073406718671,0.022527607158,0.118419721723,0.243398636580,0.263472378254,0.417893946171,0.464336186647,0.327488958836,0.344399154186,0.350356310606,0.290019184351,0.193049475551,0.060237497091,-0.100203573704,-0.279135882854,-0.332032710314,-0.365085512400,-0.386151880026,-0.315424710512,-0.310889840126,-0.318872392178,-0.234244003892,-0.197943598032,-0.161598771811,-0.018167538568,0.011294644326,0.050953231752,0.227025225759,0.238028272986,0.256911933422,0.336704164743,0.252615511417,0.261607527733,0.308524996042,0.124570824206,-0.039179645479,-0.126819148660,-0.269800186157,-0.368505746126,-0.507501780987,-0.630531609058,-0.691390931606,-0.676779508591,-0.401473551989,-0.295313894749,-0.274312645197,-0.022028045729,-0.004267933778,0.075739406049,0.352116733789,0.462775081396,0.539481282234,0.572360873222,0.638872325420,0.671019911766,0.523686408997,0.333287000656,0.111793145537,-0.133791416883,-0.271407723427,-0.238747537136,-0.257644087076,-0.213720187545,-0.083084248006,-0.019478578120,0.196524202824,0.227671712637,0.179787606001,0.254804670811,0.106154084206,0.148064106703,0.209260776639,0.110435590148,0.242820575833,0.267346203327,0.211050614715,0.234244778752,0.292987674475,0.370814293623,0.201628938317,0.037787802517,-0.026272349060,-0.286685585976,-0.434926480055,-0.375797808170,-0.568451404572,-0.793154060841,-0.703937709332,-0.665284633636,-0.657945871353,-0.420235127211,-0.159385427833,-0.157114610076,-0.116782963276,0.105469040573,-0.028448376805,-0.034441925585,0.192713305354,0.106699682772,0.273819297552,0.298816770315,0.056137032807,0.049834992737,-0.267925590277,-0.480841964483,-0.449494868517,-0.536015570164,-0.455251544714,-0.491719216108,-0.500216841698,-0.419900268316,-0.547199368477,-0.541979253292,-0.469758450985,-0.408582508564,-0.156638324261,0.074101746082,0.162988930941,0.324871867895,0.546128749847,0.609776675701,0.609552562237,0.660573840141,0.662468791008,0.564256668091,0.440185159445,0.370873242617,0.215552166104,-0.080249503255,-0.277448594570,-0.427494913340,-0.655103743076,-0.670581400394,-0.540293157101,-0.484766602516,-0.248037934303,0.025134768337,0.145601585507,0.295821398497,0.398997694254,0.539524614811,0.719870328903,0.777358353138,0.821170210838,0.799555182457,0.657710969448,0.494708120823,0.346666276455,0.190127506852,0.018022088334,-0.235270738602,-0.523828804493,-0.583517074585,-0.561073362827,-0.533801376820,-0.396252781153,-0.443976789713,-0.496402919292,-0.445167213678,-0.513639926910,-0.330784112215,-0.106066428125,-0.085868276656,0.071197539568,0.167866319418,0.279322743416,0.398342818022,0.356444746256,0.347123801708,0.153370395303,0.054859329015,0.116847880185,-0.144795030355,-0.331129461527,-0.484425038099,-0.773501217365,-0.749716818333,-0.704856157303,-0.725949347019,-0.473106473684,-0.318311482668,-0.237620845437,0.077910609543,0.182897388935,0.174115628004,0.234022378922,0.190081149340,0.456892430782,0.598136603832,0.543429613113,0.731184244156,0.538055300713,0.360850155354,0.311234980822,-0.059825409204,-0.187436744571,-0.200432389975,-0.357981652021,-0.344464242458,-0.232981950045,-0.323122084141,-0.240734964609,0.012947338633,-0.201066762209,-0.265964597464,-0.086757853627,-0.116938985884,0.056005980819,0.218507051468,0.395384311676,0.582915067673,0.420483231544,0.367770701647,0.405646234751,0.373966068029,0.414401739836,0.288159936666,0.132708251476,-0.028584565967,-0.290323078632,-0.362868487835,-0.496847093105,-0.703452646732,-0.646971344948,-0.597219705582,-0.522401571274,-0.333354860544,-0.149328514934,-0.006267867517,0.041741698980,0.218535304070,0.391681909561,0.474000334740,0.620546281338,0.664900779724,0.600449442863,0.452661484480,0.365062922239,0.305198729038,0.139898240566,0.000082713574,-0.281623482704,-0.501525640488,-0.450666964054,-0.419085770845,-0.394684016705,-0.396859973669,-0.407751113176,-0.351012140512,-0.335266798735,-0.325538814068,-0.265925139189,-0.090593226254,0.136290758848,0.286281049252,0.426014333963,0.472147315741,0.443599790335,0.479295849800,0.426992446184,0.391227155924,0.379123121500,0.172129362822,0.128798723221,0.185087308288,0.055343274027,-0.068275064230,-0.272599041462,-0.361518323421,-0.197440683842,-0.091603532434,-0.062202163041,0.040653016418,0.161892786622,0.048691879958,0.137877866626,0.450601994991,0.380878984928,0.460465759039,0.693395674229,0.716090142727,0.675387144089,0.434642016888,0.360811382532,0.305985152721,0.054577182978,-0.048723220825,-0.284913450480,-0.369160324335,-0.250562757254,-0.492080926895,-0.560297548771,-0.345960259438,-0.528645813465,-0.663927674294,-0.507762372494,-0.618395388126,-0.554444551468,-0.235331937671,-0.190681338310,-0.126790255308,0.013400641270,0.118312157691,0.254583597183,0.267566651106,0.249091252685,0.348691523075,0.319582968950,0.068163014948,-0.179783791304,-0.309399932623,-0.376933813095,-0.660187304020,-0.863412797451,-0.632274150848,-0.533975839615,-0.534304738045,-0.322111934423,-0.189646944404,-0.155546694994,0.043296866119,0.340374320745,0.391217648983,0.476036876440,0.757098078728,0.921481430531,0.931152880192,0.771755635738,0.750585436821,0.658719897270,0.288224279881,0.163765475154,0.028878523037,-0.049052238464,0.095069006085,-0.078878641129,-0.246090725064,-0.156058505177,-0.150224477053,-0.181542605162,-0.204862579703,-0.284720540047,-0.304823786020,-0.139686793089,0.080084115267,0.161116182804,0.249929904938,0.418140470982,0.483246684074,0.526197791100,0.560750365257,0.495180875063,0.362918138504,0.123785883188,-0.074011363089,-0.219781532884,-0.327161818743,-0.352914988995,-0.542567908764,-0.743637025356,-0.771746098995,-0.546355783939,-0.237554416060,-0.296297311783,-0.250399202108,-0.013928141445,0.060961656272,0.226226732135,0.310699552298,0.370924025774,0.490408360958,0.371081024408,0.271348237991,0.232686966658,0.086623959243,0.036395523697,-0.074366159737,-0.376021534204,-0.358460456133,-0.190991893411,-0.360281884670,-0.351570844650,-0.204861059785,-0.273813337088,-0.241673275828,-0.269620150328,-0.356977194548,-0.216440051794,-0.061890900135,-0.011011464521,0.033191107213,0.121812716126,0.209216296673,0.245033368468,0.262072831392,0.290008872747,0.301157683134,0.276227295399,0.222444996238,0.070050999522,-0.090131036937,-0.098402664065,-0.167767733335,-0.410251796246,-0.493548363447,-0.413662612438,-0.337912708521,-0.156867519021,-0.041969608516,-0.030725866556,0.146341800690,0.374853581190,0.422060132027,0.388030737638,0.456913948059,0.571868479252,0.639281451702,0.683135926723,0.663181543350,0.501740813255,0.402538418770,0.350639134645,0.112175196409,-0.067216053605,-0.194414019585,-0.243528202176,-0.182066053152,-0.256277710199,-0.183366164565,-0.182282075286,-0.302245348692,-0.212203845382,-0.267036467791,-0.182530850172,0.047539819032,0.034791152924,0.115760035813,0.258733063936,0.380980223417,0.494317412376,0.437931239605,0.288881659508,0.252912819386,0.315404236317,0.122642822564,-0.194390058517,-0.393170624971,-0.531526982784,-0.469432860613,-0.437097430229,-0.506721198559,-0.383981823921,-0.283190608025,-0.260568171740,-0.052763521671,0.092985585332,0.043227083981,0.181683108211,0.345347046852,0.326821535826,0.513375103474,0.657663166523,0.452428996563,0.365528136492,0.348581433296,0.256801694632,0.267592579126,0.039402626455,-0.234065800905,-0.143450319767,-0.080924198031,-0.082823529840,0.038097437471,0.096776485443,0.028037432581,-0.030870467424,-0.087738029659,-0.229643717408,-0.172145709395,-0.006266654003,-0.028390197083,0.113373488188,0.258201211691,0.282980680466,0.468730360270,0.371197253466,0.167055130005,0.262388527393,0.194416329265,0.042774397880,-0.031002346426,-0.259597718716,-0.386972546577,-0.412969350815,-0.618678510189,-0.730483829975,-0.634499192238,-0.445006996393,-0.231076240540,-0.250701427460,-0.318233639002,-0.177628442645,0.006371313240,0.193409800529,0.323066115379,0.421550393105,0.567863464355,0.550227701664,0.484575599432,0.508638858795,0.313479542732,0.095629528165,-0.029834885150,-0.326978206635,-0.418637543917,-0.373475700617,-0.502088248730,-0.491960138083,-0.458190739155,-0.432969182730,-0.324661731720,-0.371730595827,-0.387219935656,-0.238755002618,-0.058864437044,0.128773987293,0.234543323517,0.265418648720,0.307652115822,0.366548418999,0.427321523428,0.414430677891,0.384887576103,0.489574491978,0.468496143818,0.213182866573,-0.007211416028,-0.261459112167,-0.462879061699,-0.484769076109,-0.516420245171,-0.506619989872,-0.396996527910,-0.250576883554,-0.105397418141,0.015603772365,0.133423611522,0.352991521358,0.526830673218,0.449605345726,0.464909344912,0.566758155823,0.664808630943,0.778602421284,0.617286622524,0.481756657362,0.329565823078,0.024016443640,-0.111361145973,-0.230774775147,-0.249623954296,-0.327392756939,-0.463640689850,-0.286018013954,-0.222687184811,-0.218055471778,-0.179651409388,-0.253771990538,-0.170353248715,-0.114400140941,-0.021112136543,0.117352969944,0.110235765576,0.192088618875,0.278855562210,0.350846588612,0.314325958490,0.149228885770,0.163518235087,0.126926913857,-0.009549198672,-0.162423208356,-0.360594660044,-0.444567263126,-0.615327179432,-0.736151218414,-0.687616646290,-0.729850888252,-0.640763401985,-0.516555249691,-0.425174087286,-0.155396103859,0.012946232222,0.115416593850,0.305960834026,0.388389080763,0.461566269398,0.705903649330,0.848666727543,0.690516054630,0.471329718828,0.299682974815,0.150382980704,-0.004612117074,-0.214771434665,-0.397111594677,-0.485410451889,-0.447936892509,-0.387988060713,-0.432682663202,-0.470669835806,-0.494055181742,-0.542229294777,-0.468067675829,-0.329737722874,-0.184269189835,0.100094921887,0.355025082827,0.486955702305,0.614827692509,0.695965349674,0.755397617817,0.789296507835,0.756051421165,0.609737396240,0.330084472895,0.051214851439,-0.246244087815,-0.514566659927,-0.660844802856,-0.685206294060,-0.723625183105,-0.900419294834,-0.728240609169,-0.400851100683,-0.307866901159,0.045702874660,0.300634175539,0.360546916723,0.551454842091,0.592701971531,0.759335398674,0.826852023602,0.690038561821,0.692149460316,0.463596224785,0.327689737082,0.212464898825,-0.203710094094,-0.362394720316,-0.456425398588,-0.529831290245,-0.480363845825,-0.487751841545,-0.342394411564,-0.319933056831,-0.400792241096,-0.304121166468,-0.218805596232,-0.143366754055,-0.047828029841,0.161160036922,0.349731683731,0.296684980392,0.306338042021,0.403004348278,0.414860993624,0.488421320915,0.434786021709,0.217941999435,0.199938654900,0.118643067777,-0.072399735451,-0.175139024854,-0.419611543417,-0.450590193272,-0.301436215639,-0.346971184015,-0.278831154108,-0.186481848359,-0.048488210887,0.065810985863,-0.053149133921,0.091558501124,0.310898661613,0.400033622980,0.542088925838,0.517603516579,0.578021585941,0.682501554489,0.554319143295,0.417724937201,0.297665536404,0.081951424479,-0.207906946540,-0.381788998842,-0.456349730492,-0.467608392239,-0.431413352489,-0.579466044903,-0.666689813137,-0.607767343521,-0.579101026058,-0.525600314140,-0.506810247898,-0.405269712210,-0.301156848669,-0.237377807498,-0.072763018310,0.028063312173,0.234810113907,0.471926718950,0.456976145506,0.433782875538,0.327745556831,0.165427714586,0.118400782347,-0.115826420486,-0.365430414677,-0.491241216660,-0.692114830017,-0.805071890354,-0.848675370216,-0.719160974026,-0.461780279875,-0.321394741535,-0.171433135867,-0.108699560165,0.124388359487,0.465890198946,0.555121064186,0.712755262852,0.690930902958,0.625426590443,0.733041286469,0.578493237495,0.461029410362,0.418169111013,0.351302117109,0.205430597067,-0.139105603099,-0.283348113298,-0.307193249464,-0.305227816105,-0.287312120199,-0.301328569651,-0.323387205601,-0.471656739712,-0.363018453121,-0.269185751677,-0.300460100174,-0.014476441778,0.120441205800,0.220526486635,0.348056197166,0.323260188103,0.435843646526,0.417743146420,0.335628658533,0.245841503143,0.090989224613,-0.004650806077,-0.180168136954,-0.251585334539,-0.393034309149,-0.548411726952,-0.517842292786,-0.566142201424,-0.492244184017,-0.465227335691,-0.377356767654,-0.165697708726,-0.201505482197,-0.000724105630,0.143709912896,0.099794477224,0.264551460743,0.260450273752,0.398188173771,0.644746124744,0.603727102280,0.379538506269,0.109955683351,0.181481555104,0.123920753598,-0.217519029975,-0.256009161472,-0.293586373329,-0.348408430815,-0.298082232475,-0.352742463350,-0.335124343634,-0.283650130033,-0.321384787560,-0.340298622847,-0.321112066507,-0.268415868282,-0.265779107809,-0.140566408634,0.166391879320,0.215172231197,0.218505710363,0.317371368408,0.263809800148,0.347396254539,0.341107010841,0.172565847635,0.121788054705,-0.141589149833,-0.416085541248,-0.462566733360,-0.496044486761,-0.538753986359,-0.642287313938,-0.752725958824,-0.638075828552,-0.317230850458,-0.163543686271,-0.084602802992,0.067419543862,0.167351290584,0.354976564646,0.430244237185,0.475270003080,0.618897974491,0.645308375359,0.677154362202,0.555617630482,0.397918015718,0.348906755447,0.097776941955,-0.151666089892,-0.221124768257,-0.230928376317,-0.151902452111,-0.109912618995,-0.269606590271,-0.357841402292,-0.355838179588,-0.451800078154,-0.411790072918,-0.295288711786,-0.197243571281,-0.085578285158,0.060979750007,0.300193190575,0.333021908998,0.341045439243,0.482755869627,0.447674959898,0.293617635965,0.086727596819,0.004150667693,-0.097710192204,-0.330415755510,-0.398653566837,-0.540779769421,-0.595763862133,-0.449151039124,-0.422576189041,-0.313742369413,-0.178605392575,-0.126418858767,0.011943624355,0.205745190382,0.279745399952,0.258634418249,0.381897240877,0.492239892483,0.506061911583,0.512857258320,0.425869584084,0.360351145267,0.327029556036,0.244330897927,0.048942409456,-0.092856436968,-0.068545795977,-0.178523868322,-0.186316013336,-0.126901313663,-0.217840299010,-0.121789745986,-0.078614950180,-0.163798958063,-0.203779444098,-0.247814267874,-0.189280360937,-0.009716500528,0.218501523137,0.150092586875,0.058705449104,0.248738706112,0.273956954479,0.262236833572,0.197357639670,0.055692877620,0.004721923731,-0.123998641968,-0.221409529448,-0.429290503263,-0.565840244293,-0.544582128525,-0.690000414848,-0.654484748840,-0.580696880817,-0.508627593517,-0.329747140408,-0.318684220314,-0.179871410131,-0.032454490662,0.087476715446,0.250721633434,0.218871325254,0.259790509939,0.273791819811,0.283338606358,0.312967240810,0.199162721634,0.182831853628,-0.022135660052,-0.299217104912,-0.429252594709,-0.519692599773,-0.324589163065,-0.208879336715,-0.196614518762,-0.114640437067,-0.224401563406,-0.297128021717,-0.195285037160,-0.047227427363,-0.014935227111,0.057827081531,0.228960618377,0.232857897878,0.253017693758,0.299396425486,0.348454952240,0.385713428259,0.309797108173,0.284377068281,0.208659902215,0.069107472897,-0.116369657218,-0.309908986092,-0.475051641464,-0.676810383797,-0.553929090500,-0.278294265270,-0.159849897027,-0.071069352329,-0.045690771192,0.073787540197,0.180115029216,0.187177658081,0.249360173941,0.289632230997,0.367761492729,0.492676526308,0.553651392460,0.440963715315,0.257089167833,0.118872225285,0.009399159811,-0.026964923367,-0.203326478601,-0.380268275738,-0.410841822624,-0.421659767628,-0.310191422701,-0.283616095781,-0.282314628363,-0.306341230869,-0.400034278631,-0.215101435781,-0.141299813986,-0.197908952832,-0.120328411460,-0.107888296247,0.085991337895,0.335114687681,0.379914194345,0.360957503319,0.319712847471,0.285308986902,0.241423249245,0.170956581831,-0.062328487635,-0.325570911169,-0.424430340528,-0.564104139805,-0.671180427074,-0.675242006779,-0.651726961136,-0.534005880356,-0.386393487453,-0.266566246748,-0.109148919582,0.023053459823,0.133188024163,0.326510637999,0.380877792835,0.459300786257,0.654659986496,0.622513711452,0.618347942829,0.554601609707,0.407551556826,0.329396754503,0.078966677189,-0.086653470993,-0.249200180173,-0.363790869713,-0.308847248554,-0.410398095846,-0.521883666515,-0.532519161701,-0.416452795267,-0.402858763933,-0.316804498434,-0.123473227024,-0.294593811035,-0.093174181879,0.223775506020,0.164270773530,0.421886920929,0.518403291702,0.309145331383,0.361517727375,0.519173085690,0.387701302767,0.130800947547,0.050563722849,-0.209912255406,-0.327560871840,-0.241626471281,-0.541834831238,-0.732242703438,-0.681676566601,-0.585065484047,-0.356647968292,-0.205215916038,-0.112000294030,-0.045938435942,0.142503932118,0.448587387800,0.582904934883,0.635199129581,0.617632329464,0.556633770466,0.568115770817,0.480531156063,0.296514570713,0.136389777064,-0.018158541992,-0.124327108264,-0.241360440850,-0.432852298021,-0.506615102291,-0.468382328749,-0.458029657602,-0.296875536442,-0.168563753366,-0.287675350904,-0.251109778881,-0.138524994254,-0.060207143426,0.163020491600,0.185897037387,0.181130811572,0.399031072855,0.433833420277,0.507715821266,0.738531172276,0.641428828239,0.430886685848,0.368579447269,0.216723650694,0.071922555566,-0.016898168251,-0.205019339919,-0.385908603668,-0.517655432224,-0.550563931465,-0.429010421038,-0.391566455364,-0.394051373005,-0.216697275639,-0.050875492394,0.140510320663,0.476978659630,0.507593989372,0.350535750389,0.459076583385,0.552556574345,0.665276885033,0.761209726334,0.567354500294,0.382858723402,0.156038418412,-0.093082495034,-0.256435781717,-0.543693184853,-0.658474564552,-0.617192208767,-0.675248324871,-0.642609417439,-0.590387463570,-0.621587812901,-0.602436900139,-0.551052510738,-0.420845985413,-0.220547899604,-0.198964327574,-0.022479416803,0.400875329971,0.374094933271,0.259372025728,0.476310640574,0.436442524195,0.306455790997,0.360110700130,0.132980331779,-0.261085659266,-0.464712232351,-0.600324869156,-0.617411315441,-0.635462403297,-0.771989583969,-0.694018244743,-0.550908684731,-0.439592540264,-0.156687662005,0.076200015843,0.298749655485,0.620907723904,0.649922668934,0.580622315407,0.753269016743,0.721086204052,0.720704257488,0.825976848602,0.552465438843,0.557811677456,0.604478478432,0.123184584081,-0.052860010415,-0.120459549129,-0.317008048296,-0.223385378718,-0.267038643360,-0.291861087084,-0.162775695324,-0.254888206720,-0.297458142042,-0.275772094727,-0.153328433633,0.075351990759,0.140548855066,0.220549643040,0.210220068693,0.144421651959,0.372016608715,0.618315935135,0.531473696232,0.319067806005,0.236846879125,0.067312389612,-0.111977174878,-0.223710700870,-0.441121429205,-0.577452301979,-0.765727877617,-0.904835283756,-0.876599967480,-0.923200964928,-0.711627542973,-0.418696254492,-0.352480828762,-0.164184629917,0.016307160258,0.057795938104,0.225133240223,0.386438280344,0.413166880608,0.497671902180,0.489260584116,0.405951827765,0.470105350018,0.422699511051,0.232625827193,0.023336309940,-0.197392642498,-0.260819137096,-0.274349808693,-0.363136798143,-0.396569132805,-0.381304115057,-0.403019309044,-0.426946401596,-0.411100983620,-0.381201356649,-0.285429149866,-0.095714636147,0.062247540802,0.121685557067,0.314284771681,0.572898089886,0.588617026806,0.637809336185,0.653869926929,0.536890149117,0.471598654985,0.225301012397,0.092740155756,-0.075476072729,-0.482245117426,-0.536180853844,-0.553479433060,-0.675861835480,-0.616373658180,-0.426321297884,-0.305996268988,-0.285941660404,0.032576661557,0.148671284318,0.185551717877,0.514250695705,0.443484216928,0.459920138121,0.633330404758,0.694832563400,0.760747492313,0.592438459396,0.522591292858,0.208915233612,-0.083694607019,-0.002626240719,-0.296106725931,-0.390509247780,-0.262699425220,-0.395574092865,-0.359090059996,-0.310367763042,-0.289720177650,-0.232262834907,-0.303954780102,-0.296900987625,-0.141790181398,0.037880979478,0.168782114983,0.312213987112,0.444095700979,0.463984370232,0.435850590467,0.296907335520,0.315013736486,0.324653565884,0.005106207449,0.022973531857,-0.075900539756,-0.435094237328,-0.357173591852,-0.541183233261,-0.730622053146,-0.612709164619,-0.558613181114,-0.237506970763,-0.090818963945,-0.020845945925,0.152961760759,0.076544210315,0.263728052378,0.498748064041,0.546166598797,0.726379215717,0.870063364506,0.867117583752,0.772747337818,0.717030167580,0.575510799885,0.371387898922,0.209277614951,0.026701787487,-0.044660303742,-0.235549882054,-0.383024245501,-0.282434672117,-0.288560092449,-0.300678402185,-0.352358192205,-0.466506600380,-0.379438012838,-0.128276467323,0.028757495806,0.048698961735,0.233670637012,0.330410450697,0.274997174740,0.451481997967,0.512660205364,0.336601346731,0.225010961294,0.150357186794,-0.057111773640,-0.273341715336,-0.367483913898,-0.562399029732,-0.714723467827,-0.877698063850,-1.062562942505,-0.797285139561,-0.517824590206,-0.542191088200,-0.392645895481,-0.193509057164,-0.214197903872,0.029878534377,0.302331298590,0.167892977595,0.418598204851,0.561675727367,0.258846610785,0.438803911209,0.465116322041,0.217566907406,0.130466639996,-0.153269693255,-0.367127120495,-0.418670028448,-0.342924982309,-0.284199565649,-0.429986834526,-0.327657431364,-0.148737117648,-0.090837888420,-0.031464938074,-0.098671413958,-0.008896186016,0.114584788680,0.197751194239,0.456008851528,0.527775645256,0.582101464272,0.689443647861,0.603616952896,0.659082174301,0.668493568897,0.422489881516,0.261175096035,0.075719632208,-0.216693505645,-0.320175588131,-0.377096682787,-0.511386513710,-0.469849199057,-0.383311510086,-0.242012351751,-0.121494114399,-0.152795493603,0.123524643481,0.322170615196,0.337974697351,0.526903092861,0.414865881205,0.469871729612,0.698234438896,0.547411978245,0.528353691101,0.482636064291,0.274000048637,0.115904942155,-0.093991473317,-0.270168215036,-0.406562685966,-0.461102306843,-0.489530771971,-0.424989193678,-0.355522006750,-0.398001700640,-0.331464171410,-0.474175065756,-0.584021806717,-0.401813030243,-0.296359121799,-0.090771280229,0.088051334023,0.223254844546,0.284848451614,0.264821141958,0.499901860952,0.429324954748,0.223137885332,0.226380735636,0.002399903722,-0.131020382047,-0.162506878376,-0.282343000174,-0.490739107132,-0.676422297955,-0.637339115143,-0.656907975674,-0.541098654270,-0.309794545174,-0.213097348809,-0.060799483210,-0.042232926935,0.019106220454,0.227694049478,0.343215346336,0.509890973568,0.662745594978,0.620203137398,0.387171447277,0.335104167461,0.492893010378,0.359621137381,0.107338674366,-0.132901802659,-0.301679134369,-0.205689594150,-0.245091736317,-0.249486669898,-0.098999410868,-0.175931245089,-0.103428333998,-0.040656693280,-0.145794108510,0.080080747604,0.183755025268,0.083719953895,0.182681620121,0.305999845266,0.463428705931,0.496402561665,0.427932471037,0.405532002449,0.307079404593,0.293284893036,0.187726706266,-0.093340538442,-0.256664365530,-0.294846206903,-0.434202969074,-0.646218657494,-0.621515870094,-0.689990520477,-0.651974439621,-0.266466140747,-0.227687299252,-0.087233439088,0.187617465854,0.179260566831,0.419370889664,0.564614236355,0.484821647406,0.520615756512,0.531620502472,0.512241780758,0.402496963739,0.267733156681,0.106372296810,-0.091165646911,-0.269067883492,-0.437203913927,-0.446933239698,-0.464710921049,-0.510955810547,-0.476773113012,-0.414812058210,-0.289037257433,-0.249019250274,-0.203936740756,-0.205136463046,-0.245155513287,0.028629032895,0.241091385484,0.323494642973,0.525100946426,0.568821728230,0.593481421471,0.719723880291,0.715440809727,0.586761176586,0.458452433348,0.281610041857,0.070248253644,-0.043327845633,-0.219487473369,-0.387593507767,-0.473015606403,-0.557614564896,-0.472469180822,-0.437327355146,-0.356028556824,-0.073973670602,0.034046694636,0.123707123101,0.301122933626,0.443301945925,0.559871315956,0.606999993324,0.553832650185,0.497863888741,0.561434388161,0.435429722071,0.279540836811,0.175665184855,-0.236097916961,-0.448404788971,-0.522179305553,-0.613456487656,-0.442719668150,-0.490039139986,-0.529677867889,-0.381796687841,-0.429720997810,-0.427426755428,-0.383627265692,-0.274184763432,-0.043086279184,0.063641145825,0.119570031762,0.125501871109,0.188192799687,0.370407491922,0.436643630266,0.413553446531,0.329989612103,0.182495445013,-0.003118171822,-0.122499607503,-0.228985071182,-0.449829697609,-0.470686882734,-0.527398049831,-0.663097858429,-0.517795205116,-0.483538717031,-0.374749749899,-0.134977594018,-0.044282697141,0.211756601930,0.424890190363,0.502592146397,0.575046122074,0.617735564709,0.727207005024,0.796221137047,0.754034042358,0.581860423088,0.475758939981,0.345784336329,0.040348194540,-0.170903980732,-0.369909077883,-0.355881869793,-0.272609651089,-0.405325919390,-0.297581970692,-0.235138460994,-0.313255906105,-0.290019601583,-0.311435252428,-0.232091605663,-0.148440554738,-0.048909112811,0.042263835669,0.115202397108,0.375332415104,0.449548512697,0.409419327974,0.501574397087,0.446493685246,0.312453508377,0.230584681034,0.033057805151,-0.198580086231,-0.297828435898,-0.508675098419,-0.695054411888,-0.706206917763,-0.677352309227,-0.546548664570,-0.554750621319,-0.425145596266,-0.163171380758,-0.127303034067,0.088144637644,0.159143790603,0.102714695036,0.272226393223,0.406267374754,0.655477464199,0.729097485542,0.569122493267,0.490741550922,0.331361979246,0.120279900730,-0.141756549478,-0.333933323622,-0.353515774012,-0.338731408119,-0.400206059217,-0.439020574093,-0.376106023788,-0.469600111246,-0.486642181873,-0.436776340008,-0.504600048065,-0.307631880045,-0.107704848051,-0.032207749784,0.071525901556,0.088517732918,0.236122712493,0.399876952171,0.423520177603,0.457792997360,0.438073635101,0.379750847816,0.268226474524,0.012906244956,-0.206178605556,-0.307627260685,-0.403917044401,-0.508974373341,-0.589373052120,-0.563464343548,-0.499912559986,-0.403832286596,-0.193830952048,-0.071067072451,0.088836774230,0.324196100235,0.447217911482,0.701316654682,0.845364928246,0.799404501915,0.866937696934,0.715438902378,0.578553855419,0.548704326153,0.233839064837,0.014749005437,-0.177067443728,-0.333630979061,-0.198516786098,-0.188265115023,-0.211212724447,-0.259212285280,-0.390525579453,-0.449119687080,-0.613373875618,-0.581041157246,-0.471155613661,-0.406532287598,-0.108420036733,0.044994462281,0.171338453889,0.378451704979,0.459075719118,0.529906451702,0.529489934444,0.441790252924,0.345810353756,0.367046117783,0.165706977248,-0.189313873649,-0.245876193047,-0.472225874662,-0.653918921947,-0.642915904522,-0.729547739029,-0.637991368771,-0.550495147705,-0.397813200951,-0.192881479859,-0.089926168323,0.095195986331,0.272669047117,0.474430948496,0.614795029163,0.864885032177,1.066806674004,0.857368886471,0.755101025105,0.667071580887,0.464317083359,0.337256550789,0.123372972012,-0.081989660859,-0.266336530447,-0.338192224503,-0.328862994909,-0.288207232952,-0.265611231327,-0.477116167545,-0.474715590477,-0.369197279215,-0.373758822680,-0.170485466719,-0.083911940455,0.052850976586,0.248005419970,0.214066162705,0.251050591469,0.164249360561,0.091454006732,0.167858660221,0.053177241236,-0.060006722808,-0.176168337464,-0.330784618855,-0.406999677420,-0.512310564518,-0.687217950821,-0.829822123051,-0.762782514095,-0.584882557392,-0.392799705267,-0.189344629645,-0.136435702443,-0.213455617428,-0.173239573836,0.039331000298,0.220104709268,0.316734075546,0.292971998453,0.337505877018,0.512960255146,0.462317675352,0.390898197889,0.338183373213,0.238775700331,0.143252059817,-0.140871286392,-0.139244690537,-0.011897423305,-0.061661113054,0.074152804911,-0.060705188662,-0.187079370022,-0.001474233926,-0.197723597288,-0.353728979826,-0.207753732800,-0.205575734377,-0.084839932621,0.168145775795,0.264625489712,0.451601207256,0.631437480450,0.597504317760,0.707225441933,0.712648391724,0.459655880928,0.337350606918,0.158900067210,-0.049548573792,-0.201902225614,-0.370368689299,-0.439558386803,-0.548622012138,-0.512942671776,-0.413623660803,-0.484109848738,-0.366803467274,-0.293459385633,-0.225800111890,0.084798067808,0.161654770374,0.219621315598,0.398260593414,0.433585524559,0.484785139561,0.473647505045,0.403721123934,0.260437816381,0.072224013507,0.065108597279,0.004769562744,-0.170775577426,-0.303604543209,-0.369810879230,-0.380476266146,-0.431803256273,-0.468722581863,-0.528431177139,-0.558765888214,-0.492250829935,-0.529083132744,-0.467319816351,-0.259802699089,-0.139992758632,0.031604874879,0.220429852605,0.417120218277,0.550584018230,0.452380716801,0.336741864681,0.170221179724,0.099379986525,0.115213416517,-0.095866970718,-0.238244578242,-0.425167441368,-0.533003568649,-0.462211608887,-0.608900964260,-0.544828474522,-0.429123491049,-0.324414432049,-0.074650697410,-0.115705482662,0.039692115039,0.239844694734,0.254972785711,0.501859247684,0.556722939014,0.560095608234,0.688182771206,0.620213270187,0.478825509548,0.323896974325,0.076569981873,-0.164221510291,-0.211207941175,-0.259714126587,-0.364134579897,-0.386492073536,-0.399375349283,-0.403883457184,-0.473086386919,-0.454765826464,-0.415435999632,-0.368671149015,-0.128641158342,0.016615800560,0.239764019847,0.483686804771,0.523993074894,0.552349030972,0.504518032074,0.598225355148,0.643302261829,0.452087789774,0.279684990644,0.054598137736,-0.030621990561,-0.122672252357,-0.384871244431,-0.564413130283,-0.662441611290,-0.659652173519,-0.672116816044,-0.592647135258,-0.384638369083,-0.303741544485,-0.178191184998,0.082580305636,0.269376605749,0.330196917057,0.535519182682,0.626686096191,0.554869115353,0.815185427666,0.824437618256,0.677818059921,0.655579984188,0.212490767241,-0.100429669023,-0.220443367958,-0.456115961075,-0.498653829098,-0.445997059345,-0.422879606485,-0.459518134594,-0.450943440199,-0.451006203890,-0.471754044294,-0.399037986994,-0.323301851749,-0.073762200773,0.180824920535,0.368101418018,0.641513228416,0.707923114300,0.669868290424,0.711862921715,0.661969244480,0.509744405746,0.433205664158,0.256647288799,-0.109159424901,-0.309393733740,-0.533893644810,-0.785994589329,-0.829022645950,-0.834799051285,-0.722103953362,-0.608338117599,-0.481484562159,-0.149882853031,0.090104661882,0.219830483198,0.430376142263,0.601602852345,0.608711779118,0.617552459240,0.673045635223,0.636529564857,0.585790336132,0.447810888290,0.178611382842,-0.086680218577,-0.308331102133,-0.487712323666,-0.636885464191,-0.616320550442,-0.542699933052,-0.555001080036,-0.467186838388,-0.407527089119,-0.361489474773,-0.219548165798,-0.225758090615,-0.221629768610,-0.045015472919,0.087185524404,0.266574740410,0.452124029398,0.403664708138,0.376894026995,0.439511388540,0.349301397800,0.279887467623,0.209228843451,0.014522973448,-0.098317123950,-0.294438898563,-0.526607751846,-0.552596449852,-0.646714627743,-0.681626498699,-0.573893249035,-0.541312098503,-0.372291535139,-0.165606170893,-0.013737268746,0.223872080445,0.373713135719,0.444824516773,0.593170106411,0.768587827682,0.784154236317,0.800835549831,0.874820590019,0.640199661255,0.458973824978,0.485180646181,0.237142145634,-0.038190085441,-0.130823448300,-0.339606016874,-0.427650928497,-0.170145586133,-0.154300659895,-0.241972967982,-0.162529379129,-0.402391135693,-0.377528846264,-0.089956983924,-0.164633139968,-0.066276848316,0.067125879228,0.109022982419,0.345975935459,0.492504596710,0.510514616966,0.460719645023,0.381872773170,0.218919396400,0.038671489805,-0.060518156737,-0.230208113790,-0.318330705166,-0.539920270443,-0.921331882477,-0.930270433426,-0.759371995926,-0.677323341370,-0.522940993309,-0.341210514307,-0.310026884079,-0.267638981342,-0.083323158324,0.043766207993,0.198964521289,0.410167783499,0.548634111881,0.731237769127,0.744168281555,0.522410571575,0.451560288668,0.302476346493,-0.026107706130,-0.165670797229,-0.372129708529,-0.570382595062,-0.519474804401,-0.624711513519,-0.665303528309,-0.517057001591,-0.471026241779,-0.310104250908,-0.220808625221,-0.266460806131,-0.106241807342,0.074175134301,0.255059540272,0.519128680229,0.545268654823,0.426478028297,0.551756501198,0.628660142422,0.532398819923,0.520194530487,0.325618743896,0.141817346215,0.038465686142,-0.290859073400,-0.418182671070,-0.496426075697,-0.615441799164,-0.529606342316,-0.551941812038,-0.502906978130,-0.410279154778,-0.240899473429,0.110276646912,0.170343458652,0.297507137060,0.617551684380,0.681172609329,0.632479548454,0.564779698849,0.542727231979,0.651481330395,0.575314223766,0.304751157761,0.210483059287,-0.030624769628,-0.243821963668,-0.015106620267,-0.113424226642,-0.354257464409,-0.301451414824,-0.427155107260,-0.527289807796,-0.432737886906,-0.447542786598,-0.486961334944,-0.325679600239,-0.270160526037,-0.218085914850,0.082836918533,0.251927286386,0.411909282207,0.453543335199,0.429275184870,0.553040266037,0.435818582773,0.395938187838,0.265733033419,-0.057576976717,-0.141068309546,-0.285342633724,-0.470595747232,-0.639083623886,-0.604320347309,-0.448686808348,-0.434017241001,-0.222535982728,-0.203283295035,-0.208884164691,0.099978782237,0.184288457036,0.343157291412,0.610032021999,0.714727461338,0.891401469707,0.979365885258,0.832089662552,0.682214677334,0.706635594368,0.563183963299,0.217928305268,0.060389973223,-0.150080785155,-0.410790801048,-0.467275589705,-0.379541009665,-0.301608830690,-0.400938749313,-0.403744757175,-0.367793858051,-0.431493788958,-0.267137974501,-0.072559326887,0.040309142321,0.118517644703,0.172109246254,0.335971117020,0.348912268877,0.373951554298,0.485836058855,0.303214073181,0.160872235894,0.092090032995,-0.188889622688,-0.359563052654,-0.424187630415,-0.570208787918,-0.618087291718,-0.625694990158,-0.691747426987,-0.607018947601,-0.391856193542,-0.253413349390,-0.178321570158,-0.086353123188,0.092885382473,0.328278392553,0.450901359320,0.509429454803,0.589704751968,0.572542786598,0.546809494495,0.581421077251,0.460507184267,0.251771301031,0.162878885865,0.060797549784,-0.162530750036,-0.294656664133,-0.191131129861,-0.164860799909,-0.272205859423,-0.122927397490,-0.062496516854,-0.236007049680,-0.198238700628,-0.196884468198,-0.195692673326,-0.100705012679,-0.025558868423,0.306315273046,0.489143162966,0.363921076059,0.405913323164,0.457717746496,0.368571907282,0.489769995213,0.580001533031,0.224682271481,0.081788912416,0.096945106983,-0.198210030794,-0.272356092930,-0.298945933580,-0.503449440002,-0.489331990480,-0.321197837591,-0.220102369785,-0.222624331713,-0.151539817452,-0.052829954773,-0.055160168558,0.058142956346,0.157952249050,0.164978757501,0.284994721413,0.351933091879,0.381938874722,0.433963030577,0.303223848343,0.120145276189,0.008910175413,-0.125929489732,-0.208125203848,-0.200070619583,-0.246512502432,-0.370191901922,-0.442759782076,-0.304153352976,-0.186899408698,-0.410988777876,-0.527304470539,-0.392744839191,-0.318979412317,-0.187128722668,-0.047349229455,0.075535349548,0.197244465351,0.274198174477,0.425568282604,0.415073156357,0.238382473588,0.195282176137,0.145295143127,-0.027273532003,-0.127886548638,-0.247882694006,-0.512088119984,-0.586965382099,-0.688640296459,-0.778099477291,-0.397551983595,-0.213230535388,-0.118637055159,0.184703439474,0.163594663143,0.266272962093,0.414040237665,0.373649567366,0.513628363609,0.563288986683,0.585004031658,0.610174417496,0.501888751984,0.365057587624,0.271661758423,0.196897834539,-0.160725861788,-0.331707239151,-0.210522755980,-0.298662304878,-0.218488350511,-0.095882467926,-0.156749054790,-0.236983731389,-0.374591290951,-0.418981790543,-0.425252795219,-0.343953341246,-0.194062694907,-0.095782779157,0.098813287914,0.244369149208,0.321692615747,0.367530018091,0.281271308661,0.232373997569,0.263868987560,0.134472116828,-0.065183155239,-0.066002070904,-0.141297519207,-0.325017720461,-0.407417774200,-0.540414154530,-0.622930884361,-0.553226232529,-0.355659753084,-0.085237175226,0.026027901098,0.017469570041,0.067325629294,0.151534631848,0.237775847316,0.282315820456,0.282723546028,0.388696610928,0.477344304323,0.430793762207,0.372184991837,0.225832477212,0.048219203949,-0.080679796636,-0.170861750841,-0.129693463445,-0.097522184253,-0.159522473812,-0.208869263530,-0.165656298399,-0.087454847991,-0.141061186790,-0.173023581505,-0.115476384759,-0.105088129640,0.008811294101,0.240007042885,0.455163896084,0.551820635796,0.513825714588,0.527662634850,0.539829492569,0.492039024830,0.411083847284,0.240905418992,0.116055212915,0.000330271345,-0.117033019662,-0.196049034595,-0.437831521034,-0.660226404667,-0.652759969234,-0.534379243851,-0.334280252457,-0.141616165638,-0.102078042924,-0.118555478752,-0.008879249915,0.183966815472,0.306547760963,0.320048332214,0.358103394508,0.362695723772,0.364267349243,0.484872907400,0.339656889439,0.164119482040,0.107074402273,-0.197204008698,-0.343454301357,-0.469968080521,-0.544917285442,-0.356776177883,-0.445962876081,-0.431444346905,-0.302427589893,-0.318823873997,-0.271592974663,-0.387214362621,-0.299289882183,-0.076112188399,-0.029607495293,0.157229721546,0.290467768908,0.255953460932,0.208241879940,0.272843986750,0.330012351274,0.321990609169,0.355585426092,0.224406018853,0.126197457314,0.014469454996,-0.240508317947,-0.335252732038,-0.377743214369,-0.366774052382,-0.338967233896,-0.281825810671,-0.119663842022,0.041886869818,0.215054079890,0.199012845755,0.297209829092,0.462007880211,0.397982031107,0.511800646782,0.521206319332,0.522206485271,0.597974896431,0.483882993460,0.553492546082,0.394082307816,0.111275620759,0.048112977296,-0.199843674898,-0.323241651058,-0.352690309286,-0.399896830320,-0.262989610434,-0.212643459439,-0.280449271202,-0.329031407833,-0.414905488491,-0.466112941504,-0.224014163017,0.028888626024,0.077815599740,0.150045797229,0.036129198968,0.082459427416,0.350804805756,0.248947799206,0.164762467146,0.140978991985,-0.048222068697,-0.205671325326,-0.391557693481,-0.464754253626,-0.525525391102,-0.701292991638,-0.755374729633,-0.773370444775,-0.750321984291,-0.564498782158,-0.366865605116,-0.191843986511,0.017120379955,0.077060773969,0.178804144263,0.509729087353,0.611868143082,0.567707240582,0.550511479378,0.478518992662,0.530704915524,0.470448136330,0.273272067308,0.040752023458,-0.247434109449,-0.374469667673,-0.421961456537,-0.350755125284,-0.290128201246,-0.360374540091,-0.329666495323,-0.348947405815,-0.312044620514,-0.217758014798,-0.171461835504,0.015760185197,0.105898775160,0.182580783963,0.364651292562,0.393411844969,0.449559509754,0.574796497822,0.522897481918,0.411076784134,0.339375615120,0.251822799444,0.198856547475,-0.038591466844,-0.330131560564,-0.340329527855,-0.477490514517,-0.714421331882,-0.707544565201,-0.621170580387,-0.486564725637,-0.287092745304,-0.137075662613,-0.029656372964,0.218832165003,0.417733132839,0.380134731531,0.463388711214,0.567449390888,0.515507161617,0.474189728498,0.420450985432,0.323532819748,0.193116664886,0.115196593106,-0.081854708493,-0.415316224098,-0.533787488937,-0.534294426441,-0.470474213362,-0.421778619289,-0.483688145876,-0.410266608000,-0.332970768213,-0.337830275297,-0.325107067823,-0.339775323868,-0.294934749603,-0.110865361989,0.096055611968,0.132465586066,0.191046655178,0.253588259220,0.217517048120,0.369053333998,0.313865214586,0.090972460806,0.105675727129,-0.026747656986,-0.175764828920,-0.356566280127,-0.701543986797,-0.720136940479,-0.579799234867,-0.508861601353,-0.366598427296,-0.259171307087,-0.047355748713,0.322440236807,0.465722203255,0.539855241776,0.789037048817,0.811540722847,0.790069043636,0.923179984093,0.869127273560,0.860014200211,0.769774913788,0.396104186773,0.233065083623,0.134967699647,-0.063672974706,-0.165475592017,-0.277264684439,-0.273817718029,-0.315983414650,-0.453363388777,-0.256765186787,-0.123583301902,-0.243188813329,-0.292295724154,-0.309525221586,-0.161221995950,-0.019885580987,-0.009564211592,0.016866499558,-0.011105271988,0.124366842210,0.248402655125,0.256738185883,0.285414129496,0.057106208056,-0.130722567439,-0.271448612213,-0.434023827314,-0.360936045647,-0.471474200487,-0.617043375969,-0.655162215233,-0.726218521595,-0.513572931290,-0.374666661024,-0.478392571211,-0.413084387779,-0.236255019903,-0.101607367396,0.038513459265,0.106433652341,0.066298566759,0.176678091288,0.315888285637,0.299838572741,0.359250992537,0.393297314644,0.325975507498,0.245420247316,0.170859351754,0.181745111942,0.066671177745,-0.074794538319,-0.001988520613,-0.078803136945,-0.209590196609,-0.048531740904,-0.002570213517,-0.183776274323,-0.204853177071,-0.093904703856,0.069929830730,0.198850780725,0.221729218960,0.294830828905,0.317835360765,0.306525945663,0.348281443119,0.427517741919,0.500341534615,0.346054881811,0.187801823020,0.143683016300,0.056948140264,-0.118283852935,-0.344080209732,-0.380443215370,-0.506066501141,-0.554595470428,-0.340538769960,-0.308524161577,-0.072501406074,0.116516664624,-0.005267236847,0.077140159905,0.149612382054,0.244449928403,0.437730312347,0.571081280708,0.505096793175,0.264623105526,0.257045358419,0.277689844370,0.165108889341,0.076592780650,-0.000588273397,-0.099958501756,-0.214220583439,-0.230053171515,-0.353750199080,-0.451642245054,-0.386180549860,-0.432845413685,-0.410154014826,-0.396260410547,-0.493039429188,-0.437851786613,-0.235460683703,-0.034148506820,0.103146411479,0.252231150866,0.292820245028,0.264667153358,0.304230004549,0.338066428900,0.367531061172,0.116579987109,-0.202477037907,-0.252018302679,-0.329947292805,-0.307529121637,-0.308845609426,-0.559370875359,-0.603736519814,-0.476583570242,-0.390825361013,-0.244940772653,-0.140268862247,-0.069264620543,0.033912856132,0.096563018858,0.164056330919,0.233561217785,0.292846649885,0.475708127022,0.602456212044,0.532696127892,0.525971949100,0.449303895235,0.219450727105,-0.031721133739,-0.283883273602,-0.188144832850,0.034558814019,-0.051396191120,-0.230398133397,-0.289724111557,-0.236115545034,-0.287430435419,-0.331975400448,-0.288154542446,-0.225040942430,-0.061392407864,-0.016364358366,0.049864992499,0.095273770392,0.051957108080,0.228086695075,0.324961781502,0.385034561157,0.394298732281,0.196672827005,0.107591398060,-0.049634601921,-0.236342042685,-0.301542133093,-0.440583884716,-0.657928884029,-0.708840727806,-0.536566078663,-0.499828130007,-0.408550173044,-0.324056029320,-0.332448154688,-0.008976643905,0.155587881804,0.203169062734,0.397127300501,0.441393524408,0.530061066151,0.461116343737,0.336978584528,0.284435242414,0.097511753440,0.092513464391,-0.043692331761,-0.322479367256,-0.390018552542,-0.446675062180,-0.412053674459,-0.386402368546,-0.330238044262,-0.216974630952,-0.233259394765,-0.108432173729,0.042267926037,0.145400106907,0.284410744905,0.332582265139,0.521419227123,0.704709291458,0.689559280872,0.729804039001,0.737856268883,0.615197062492,0.421595901251,0.232503712177,0.181625470519,0.036000240594,-0.237474143505,-0.343290686607,-0.452679485083,-0.534972965717,-0.498059719801,-0.508796215057,-0.338611125946,-0.159090369940,-0.139007702470,0.002066508168,0.119427390397,0.224087581038,0.326915562153,0.264027029276,0.231484100223,0.327886432409,0.414566963911,0.305168181658,0.091340236366,-0.021392952651,-0.100975014269,-0.138455927372,-0.152145475149,-0.264925479889,-0.372094035149,-0.345459043980,-0.367845326662,-0.400525182486,-0.279433876276,-0.342557400465,-0.436854481697,-0.374880075455,-0.446274518967,-0.425650805235,-0.338204234838,-0.178639993072,-0.001762805041,-0.105877786875,0.011137581430,0.171438038349,0.124951779842,0.259270578623,0.312957733870,0.347313553095,0.259170770645,-0.085824355483,-0.124479293823,-0.140385389328,-0.404171824455,-0.479360163212,-0.391002118587,-0.303302466869,-0.215275019407,-0.171828150749,-0.130564853549,0.039012540132,0.270741045475,0.380675613880,0.481821835041,0.611288785934,0.615289628506,0.630688667297,0.649052560329,0.499500334263,0.357247889042,0.233101978898,0.131394788623,0.084561243653,-0.171891435981,-0.282278358936,-0.219031348825,-0.350688755512,-0.294181585312,-0.318764567375,-0.484681338072,-0.435742020607,-0.456506699324,-0.329966247082,-0.184831321239,-0.135322809219,0.174788355827,0.377593666315,0.403518587351,0.488401740789,0.587346374989,0.587639093399,0.461485326290,0.291835695505,0.096763171256,0.000870912685,-0.135841876268,-0.298047304153,-0.459390342236,-0.699038386345,-0.621430516243,-0.703161895275,-0.869229733944,-0.362471133471,-0.149503663182,-0.278513461351,0.030664127320,0.199354678392,0.235811442137,0.459082782269,0.497894108295,0.359864860773,0.452044487000,0.698937475681,0.663858890533,0.571197330952,0.500328302383,0.146094486117,-0.013418230228,-0.029533009976,-0.305514544249,-0.382940649986,-0.346149325371,-0.373267233372,-0.266124755144,-0.284567296505,-0.358411997557,-0.330303639174,-0.272166043520,-0.113534659147,0.069913797081,0.249367222190,0.267879068851,0.129698932171,0.219939425588,0.398377180099,0.459519624710,0.519784748554,0.481637150049,0.328846633434,0.169098302722,0.042040016502,0.019461857155,-0.052109066397,-0.315111488104,-0.471700936556,-0.481210231781,-0.572658956051,-0.512449860573,-0.354948371649,-0.373391956091,-0.275123327971,-0.053635209799,0.209927275777,0.483928859234,0.434048831463,0.474979221821,0.631384015083,0.501399219036,0.549313008785,0.495620161295,0.241706565022,0.233291655779,0.041721619666,-0.206206128001,-0.286598175764,-0.463218659163,-0.621475875378,-0.647751152515,-0.620973110199,-0.635219931602,-0.568386554718,-0.565141081810,-0.579621016979,-0.367438107729,-0.234290882945,0.014485104941,0.210730791092,0.176896110177,0.432879000902,0.609922766685,0.701213121414,0.688782572746,0.357506722212,0.317675024271,0.245429366827,-0.045436393470,-0.228883549571,-0.563638865948,-0.759627223015,-0.712020933628,-0.722789585590,-0.577920198441,-0.424787253141,-0.472881853580,-0.167160227895,0.270717203617,0.319410979748,0.534202575684,0.811754167080,0.865298390388,1.043730616570,1.077269315720,0.917333364487,0.820243299007,0.613540232182,0.491169512272,0.431722015142,0.037072449923,-0.191424250603,-0.187179580331,-0.401133686304,-0.380942553282,-0.352020233870,-0.533716261387,-0.387757033110,-0.348120510578,-0.487122118473,-0.344741374254,-0.273572683334,-0.216030955315,0.079700209200,0.117210574448,0.004205730744,0.179517537355,0.242396175861,0.293029963970,0.463511526585,0.360963702202,0.280035704374,0.153059989214,-0.059700537473,-0.098899751902,-0.343877762556,-0.537314057350,-0.574384927750,-0.758473575115,-0.798188090324,-0.776581585407,-0.612197399139,-0.256278485060,-0.112920537591,0.001082337345,0.120658062398,0.212470307946,0.444443970919,0.550794720650,0.566761612892,0.651275396347,0.601735830307,0.462682664394,0.413166552782,0.339564353228,0.149999156594,-0.031107090414,-0.191721186042,-0.300965845585,-0.340859651566,-0.407743424177,-0.363805413246,-0.290878027678,-0.432784557343,-0.492311626673,-0.324196249247,-0.191759318113,-0.084216050804,0.049857519567,0.173868164420,0.316606760025,0.471849530935,0.659473001957,0.754707574844,0.673327088356,0.592483282089,0.555282473564,0.448130190372,0.179800525308,-0.099321909249,-0.260441035032,-0.470486074686,-0.601354002953,-0.669876933098,-0.781192719936,-0.651872038841,-0.492032855749,-0.383211106062,-0.184813395143,-0.064550444484,0.183420032263,0.415560185909,0.402314901352,0.420493572950,0.521526932716,0.622909843922,0.688878297806,0.741689562798,0.537612080574,0.255646944046,0.187490373850,-0.071109876037,-0.188159972429,-0.156203582883,-0.305465400219,-0.368260294199,-0.465515524149,-0.391608685255,-0.377790540457,-0.560302019119,-0.408815205097,-0.353067070246,-0.379833966494,-0.159190431237,-0.035424113274,0.015200888738,0.193174660206,0.339716732502,0.417921304703,0.582705438137,0.492573797703,0.236641868949,0.224870890379,0.088522344828,-0.085330553353,-0.122057400644,-0.293638586998,-0.349721670151,-0.288101792336,-0.383226484060,-0.477749109268,-0.449576467276,-0.323867172003,-0.187611728907,-0.099558889866,0.072306975722,0.222677260637,0.185704976320,0.275574058294,0.493831187487,0.560142636299,0.662468433380,0.703563749790,0.492604255676,0.348343431950,0.332584142685,0.319123446941,0.217643052340,-0.054441094398,-0.171337693930,-0.104672618210,-0.129895314574,-0.129267349839,-0.193436414003,-0.393196702003,-0.468130618334,-0.417062997818,-0.314835578203,-0.105632163584,0.001483737258,-0.050001762807,0.113798290491,0.281585693359,0.289831638336,0.359450578690,0.293964892626,0.273439973593,0.230548784137,0.003840690944,-0.003184921574,-0.099790744483,-0.302105516195,-0.390398889780,-0.617752969265,-0.723463714123,-0.653741776943,-0.562832415104,-0.491598904133,-0.375109642744,-0.106904022396,-0.073661759496,-0.159545958042,0.028034985065,0.223857089877,0.291190803051,0.473123759031,0.643687725067,0.583449363708,0.541582226753,0.498180210590,0.372298002243,0.186572879553,-0.064705140889,-0.116179950535,-0.180479452014,-0.388176977634,-0.294008582830,-0.003340542549,-0.070663057268,-0.150719568133,0.092851936817,-0.080045469105,-0.222092211246,0.058826845139,0.046807561070,0.146025493741,0.328166931868,0.325008809566,0.408611327410,0.465875864029,0.475344359875,0.324381887913,0.281629204750,0.280248880386,0.166458785534,0.210823267698,-0.027784056962,-0.253981739283,-0.307290196419,-0.511858046055,-0.472463548183,-0.447576045990,-0.434907615185,-0.289779454470,-0.312959045172,-0.255477219820,-0.131103664637,-0.018618458882,0.113871544600,0.199690461159,0.274787634611,0.277987658978,0.369692653418,0.370101213455,0.227864116430,0.285553038120,0.199820652604,-0.050647772849,-0.188430994749,-0.240342915058,-0.259925484657,-0.363828212023,-0.280117928982,-0.158447980881,-0.239849746227,-0.268376618624,-0.409989804029,-0.508541762829,-0.394275873899,-0.249143764377,-0.025699004531,0.176731556654,0.337293982506,0.357778370380,0.360899031162,0.531856060028,0.525362908840,0.464436322451,0.453795164824,0.305870115757,0.130160465837,-0.048292115331,-0.231146365404,-0.428448319435,-0.502073109150,-0.475608646870,-0.476454913616,-0.337393313646,-0.268860846758,-0.250855714083,-0.073454886675,0.075543999672,0.258174687624,0.343802332878,0.312561482191,0.541216909885,0.740794539452,0.572057545185,0.470484167337,0.502479016781,0.255831569433,0.113189458847,0.129648849368,-0.128194674850,-0.302192479372,-0.437581211329,-0.538333654404,-0.330521225929,-0.267621129751,-0.321237534285,-0.334621280432,-0.405543327332,-0.352325350046,-0.212863564491,-0.061624847353,-0.028972083703,0.085949867964,0.426588475704,0.458555132151,0.437119722366,0.517214596272,0.334275364876,0.326766073704,0.279504209757,0.040276486427,0.028652500361,-0.174881592393,-0.393187373877,-0.436360448599,-0.626033842564,-0.654242336750,-0.540057241917,-0.526374518871,-0.482471257448,-0.264659821987,-0.098402746022,0.036629956216,0.280672639608,0.258000850677,0.300829291344,0.451647728682,0.430192142725,0.557206392288,0.479995697737,0.370069652796,0.368863373995,0.102916471660,-0.020088570192,-0.177001297474,-0.345596432686,-0.305117219687,-0.418133735657,-0.348079293966,-0.169340729713,-0.226431220770,-0.216834083200,-0.168444857001,-0.169864088297,-0.088156260550,-0.014015165158,-0.038277864456,0.055250436068,0.233529478312,0.281311511993,0.367623925209,0.442733883858,0.379700452089,0.267004489899,0.075580053031,-0.013986586593,-0.079315379262,-0.257821500301,-0.336244374514,-0.507633864880,-0.627202153206,-0.582051455975,-0.622361361980,-0.472796469927,-0.340574949980,-0.212803885341,0.168108969927,0.346663117409,0.408163785934,0.488143503666,0.520283162594,0.573155820370,0.572063088417,0.532643973827,0.426166862249,0.353637367487,0.218085214496,0.052910450846,-0.021656213328,-0.272412151098,-0.485035568476,-0.641743957996,-0.751890063286,-0.606554448605,-0.503714978695,-0.424763381481,-0.353002488613,-0.443669199944,-0.538876831532,-0.379088014364,-0.116774141788,-0.079237647355,0.080440603197,0.283091843128,0.301285266876,0.381062656641,0.431316673756,0.469599336386,0.370186269283,0.174041360617,0.091991163790,-0.043769478798,-0.171053543687,-0.245522961020,-0.236998021603,-0.244056180120,-0.327265530825,-0.333925575018,-0.217840909958,0.071170359850,0.137141823769,0.120456434786,0.355681121349,0.446501702070,0.515333473682,0.532519280910,0.376360595226,0.338842511177,0.392719000578,0.420956641436,0.331236332655,0.248154908419,0.156165003777,-0.078617095947,-0.240906745195,-0.279406845570,-0.271703213453,-0.242986261845,-0.227546811104,-0.290114283562,-0.328933387995,-0.311613500118,-0.468610018492,-0.551842391491,-0.498069316149,-0.492985934019,-0.302294731140,-0.142473012209,-0.157952755690,-0.124747693539,-0.051228061318,0.112564243376,0.210521757603,0.160972908139,0.158330127597,0.116670660675,-0.039351250976,-0.114110574126,-0.156017586589,-0.375833213329,-0.497649759054,-0.508195519447,-0.627030134201,-0.610265910625,-0.591507613659,-0.582958281040,-0.372895210981,-0.179168760777,-0.043841745704,0.010601601563,0.160596743226,0.424238264561,0.511255383492,0.660634696484,0.779846251011,0.777387082577,0.845376431942,0.791517019272,0.627068519592,0.361552566290,0.090413555503,-0.081886641681,-0.225427567959,-0.257064253092,-0.344058930874,-0.378128677607,-0.280817091465,-0.335735321045,-0.403591513634,-0.381363242865,-0.322408974171,-0.202751606703,0.015624783002,0.211244478822,0.307884454727,0.426301002502,0.526287317276,0.651394128799,0.600862622261,0.467336356640,0.469780117273,0.195617780089,-0.050995163620,-0.185759827495,-0.380829185247,-0.423091739416,-0.649678826332,-0.738635659218,-0.591540515423,-0.597050786018,-0.470848381519,-0.356872707605,-0.317613363266,-0.145633548498,0.051732879132,0.172504022717,0.276563644409,0.398157507181,0.435529500246,0.502554178238,0.493169724941,0.441256463528,0.494965821505,0.364862471819,0.175631538033,-0.012697340921,-0.216409698129,-0.305116355419,-0.409485459328,-0.396031290293,-0.347802966833,-0.352225780487,-0.232598736882,-0.232522383332,-0.342717945576,-0.343311339617,-0.327884435654,-0.207438230515,0.008005919866,0.136568918824,0.231561779976,0.187261477113,0.193726211786,0.319646865129,0.160466566682,0.148295104504,0.244288891554,0.054995618761,-0.052934098989,-0.187592133880,-0.271649897099,-0.313533991575,-0.463218599558,-0.492352157831,-0.564173817635,-0.503253996372,-0.368418872356,-0.279226511717,-0.052864875644,0.083018213511,0.259127080441,0.390194952488,0.435147702694,0.507959425449,0.546891808510,0.695939660072,0.608730435371,0.510377705097,0.508478403091,0.175075277686,-0.022882331163,-0.172497645020,-0.339805692434,-0.330138832331,-0.505732297897,-0.563862860203,-0.471379905939,-0.556276679039,-0.690505743027,-0.713117420673,-0.531963109970,-0.400790333748,-0.292168259621,-0.132021233439,0.030756581575,0.341577827930,0.382702261209,0.320180058479,0.459138602018,0.352727353573,0.296844929457,0.322640419006,0.154123052955,0.009381263517,-0.271791428328,-0.556967854500,-0.641036987305,-0.709171354771,-0.797450900078,-0.896697819233,-0.819798946381,-0.595748305321,-0.388568431139,-0.151815041900,-0.001182078384,0.100835151970,0.224860340357,0.397622793913,0.611401140690,0.595113098621,0.606681883335,0.779295444489,0.673699259758,0.450273215771,0.240009561181,0.052735451609,0.044438213110,-0.010081614368,-0.088310547173,-0.075170658529,-0.040693111718,-0.072552517056,-0.066277183592,0.151007130742,0.161435961723,0.011956072412,-0.075741261244,-0.131473466754,0.114655636251,0.180395111442,0.068794719875,0.129110962152,0.131421998143,0.354852974415,0.433389574289,0.281350195408,0.250279098749,0.059764459729,0.035828184336,-0.038100082427,-0.290324270725,-0.353205412626,-0.512316226959,-0.581804692745,-0.639313459396,-0.707215428352,-0.540239274502,-0.494239568710,-0.460099220276,-0.330937862396,-0.238988056779,-0.179588511586,-0.039904657751,0.123232141137,0.036964055151,0.052438095212,0.144852489233,0.190112859011,0.336168795824,0.172964885831,-0.003098780988,-0.031053893268,-0.233257114887,-0.332867145538,-0.380081743002,-0.403534352779,-0.321636497974,-0.335527867079,-0.403629332781,-0.432376503944,-0.488856643438,-0.579511821270,-0.551449596882,-0.428494155407,-0.199152261019,0.173407524824,0.431908249855,0.518150448799,0.572855114937,0.644818782806,0.532259881496,0.354377031326,0.360619455576,0.223566845059,0.116034813225,0.094458386302,-0.170833975077,-0.355392009020,-0.416538834572,-0.485582739115,-0.453144729137,-0.319368869066,-0.178457841277,-0.080612316728,0.028903279454,0.114581339061,0.267221182585,0.326261669397,0.361627817154,0.588374853134,0.612063646317,0.655446350574,0.688519775867,0.505766093731,0.457292228937,0.313994288445,0.162872716784,-0.066368013620,-0.371641129255,-0.342735379934,-0.321774244308,-0.296626418829,-0.323957145214,-0.246897220612,-0.075223758817,-0.399565815926,-0.418567657471,-0.251596778631,-0.286200314760,0.018077425659,0.116661384702,0.177967622876,0.288793236017,0.254237651825,0.304527789354,0.120876036584,0.112466804683,0.090027339756,-0.086077257991,0.014740209095,-0.217017024755,-0.428153723478,-0.483238101006,-0.701340973377,-0.632348537445,-0.555609345436,-0.470516175032,-0.293256580830,-0.173747554421,0.052465766668,0.148659765720,0.137462183833,0.213690310717,0.313235789537,0.342143207788,0.382727712393,0.390867233276,0.269066125154,0.346045076847,0.331989258528,0.170087292790,0.129742354155,-0.098950840533,-0.209418013692,-0.208507835865,-0.254619151354,-0.143846035004,-0.177191913128,-0.218447297812,-0.178232714534,-0.227817565203,-0.168944925070,-0.133078545332,-0.176194310188,0.010425744578,0.249913603067,0.334951668978,0.531142652035,0.598813116550,0.450695961714,0.534286379814,0.549860239029,0.387037128210,0.319235682487,0.156522914767,-0.038664292544,-0.158312201500,-0.308772683144,-0.454388648272,-0.510794162750,-0.474570930004,-0.428968638182,-0.389579653740,-0.340762972832,-0.272709697485,-0.169460773468,0.034036625177,0.235493332148,0.282422512770,0.356060236692,0.462378472090,0.523172616959,0.531459927559,0.489365279675,0.468480437994,0.349054127932,0.182731911540,-0.069758974016,-0.284329921007,-0.311005681753,-0.532396614552,-0.639842808247,-0.498709619045,-0.381584316492,-0.255676448345,-0.397121340036,-0.445222824812,-0.284043997526,-0.265155017376,-0.093438960612,0.089218378067,0.163185328245,0.279244929552,0.348875194788,0.411557197571,0.505639851093,0.500589966774,0.302236944437,0.214125737548,0.195223733783,0.054469153285,-0.049199331552,-0.239387899637,-0.345347225666,-0.358977705240,-0.412249833345,-0.320589482784,-0.330751121044,-0.242202848196,0.003653137013,0.072186969221,0.261245638132,0.447645902634,0.486959725618,0.552155852318,0.583828389645,0.586472094059,0.508091270924,0.413808971643,0.283625692129,0.119622595608,0.037252672017,-0.090227618814,-0.248144403100,-0.396835416555,-0.444387644529,-0.407909184694,-0.396610438824,-0.313368856907,-0.341104507446,-0.461508482695,-0.484383612871,-0.454383820295,-0.321152657270,-0.099854849279,0.055854838341,0.041197445244,0.131206288934,0.281205177307,0.259669005871,0.408289492130,0.442575931549,0.153280794621,0.065714828670,0.038455501199,-0.201790034771,-0.314771682024,-0.300898939371,-0.623488605022,-0.824902296066,-0.624566435814,-0.728245139122,-0.683271646500,-0.299125671387,-0.272048205137,-0.163733378053,0.120777554810,0.267998784781,0.420333653688,0.492128878832,0.573437571526,0.650593817234,0.667351722717,0.703419327736,0.640556156635,0.541051447392,0.342757135630,0.019416464493,-0.141002431512,-0.220088168979,-0.350131988525,-0.329738497734,-0.197319984436,-0.188190013170,-0.239124700427,-0.219102501869,-0.216537058353,-0.196692258120,-0.111082643270,-0.016535492614,0.096119314432,0.132574781775,0.325680822134,0.573949337006,0.422027736902,0.423662513494,0.503626644611,0.321166187525,0.396811753511,0.257752358913,-0.030235279351,0.003336029593,-0.222706019878,-0.379681646824,-0.409406602383,-0.645141482353,-0.581310868263,-0.466027915478,-0.436270475388,-0.200452074409,-0.035166777670,0.061775587499,0.236209034920,0.354510664940,0.408826947212,0.503561615944,0.484534829855,0.440747201443,0.534293651581,0.398155122995,0.260845541954,0.209263771772,-0.056473057717,-0.086514413357,-0.121404737234,-0.305428177118,-0.252872973680,-0.330922961235,-0.378701359034,-0.340097665787,-0.483413070440,-0.491526365280,-0.418326169252,-0.323577463627,-0.192715719342,-0.084009438753,0.088323421776,0.144287228584,0.197989448905,0.404435902834,0.430719465017,0.403238385916,0.634741246700,0.643411099911,0.234505385160,-0.002153531881,-0.099152773619,-0.352193444967,-0.422586679459,-0.381779491901,-0.510261833668,-0.546253442764,-0.548209726810,-0.489089101553,-0.243697777390,-0.110007710755,0.096777863801,0.305230706930,0.266364067793,0.365242004395,0.524760246277,0.516028702259,0.516086280346,0.549980461597,0.477687984705,0.504629194736,0.598628044128,0.353741228580,0.184349358082,0.019720634446,-0.366409420967,-0.269787847996,-0.180392757058,-0.402146995068,-0.275856405497,-0.254262745380,-0.440706640482,-0.423691779375,-0.439038246870,-0.275145649910,-0.023213833570,-0.045635864139,0.142458930612,0.312691777945,0.267493933439,0.460225880146,0.547519445419,0.533091485500,0.533930003643,0.341098070145,0.226765275002,0.149164527655,-0.027102045715,-0.233480468392,-0.492275238037,-0.695598304272,-0.700547337532,-0.629149317741,-0.560245633125,-0.336120247841,-0.176845103502,-0.044100549072,0.148863434792,0.219960823655,0.462299287319,0.560560286045,0.515136301517,0.814903974533,0.833965539932,0.626085340977,0.651320517063,0.518734693527,0.326660126448,0.233038648963,0.048184487969,-0.018744677305,0.021111441776,-0.098327860236,-0.182849749923,-0.155732303858,-0.156833365560,-0.094250231981,-0.068622447550,-0.097588963807,0.001811594586,0.053249929100,0.057184491307,0.231312304735,0.365324735641,0.315122455359,0.329075336456,0.472954660654,0.479123920202,0.320876151323,0.253661304712,0.155567795038,0.001831292408,-0.055160913616,-0.242898240685,-0.440285921097,-0.665398418903,-0.827437460423,-0.558513462543,-0.555741786957,-0.683935821056,-0.415315687656,-0.277506977320,-0.229946762323,-0.162348896265,0.008782722987,0.119124054909,0.211336821318,0.611275792122,0.570506513119,0.507021605968,0.710281252861,0.505334734917,0.347207427025,0.160234898329,-0.037369541824,-0.163361504674,-0.346153855324,-0.389174938202,-0.530221462250,-0.376640468836,-0.254618346691,-0.532857894897,-0.535255730152,-0.498507887125,-0.452476769686,-0.311639517546,-0.158621147275,0.079781532288,0.192818701267,0.358219563961,0.463500112295,0.462895035744,0.608024418354,0.598541319370,0.455886483192,0.365661144257,0.245199710131,0.118225105107,-0.029985927045,-0.193839237094,-0.432247281075,-0.671053826809,-0.638760268688,-0.534981131554,-0.458328694105,-0.289383202791,-0.199841618538,-0.021299438551,0.194917589426,0.305892556906,0.457848161459,0.413270890713,0.511503875256,0.725987315178,0.547043442726,0.535244703293,0.546752274036,0.317608892918,0.227329298854,-0.017942823470,-0.251017868519,-0.252611458302,-0.295279890299,-0.309810042381,-0.325896650553,-0.279272526503,-0.126575782895,-0.132760852575,-0.198407098651,-0.190593495965,-0.233662307262,-0.170201912522,0.022483769804,0.129261717200,0.266901791096,0.466128051281,0.563516378403,0.454758465290,0.319728910923,0.405910789967,0.281454265118,-0.050090406090,-0.052490409464,-0.144006088376,-0.474920541048,-0.499373167753,-0.496961623430,-0.672682166100,-0.582301020622,-0.438992500305,-0.400054305792,-0.173749685287,-0.104114338756,-0.127332836390,0.136715620756,0.134070575237,0.058594744653,0.433476328850,0.416718184948,0.233498960733,0.646796464920,0.647534012794,0.262477934361,0.265892744064,0.078272096813,-0.193578764796,-0.124800257385,-0.089286558330,-0.175993621349,-0.209919899702,-0.291224837303,-0.400040686131,-0.372677952051,-0.462224662304,-0.552291095257,-0.374364405870,-0.157399713993,0.022465897724,0.179894372821,0.287353336811,0.294123679399,0.397318124771,0.482947915792,0.431324630976,0.559575259686,0.455897033215,0.302299648523,0.371763318777,0.160509809852,-0.048315148801,-0.195709869266,-0.414844781160,-0.492119759321,-0.454692035913,-0.416373789310,-0.394259750843,-0.253766059875,-0.124064795673,0.050786711276,0.320133090019,0.448403984308,0.493224352598,0.514031887054,0.655237436295,0.609131991863,0.335653036833,0.348885059357,0.238301843405,0.115044482052,0.102788522840,-0.277670651674,-0.510196268559,-0.443962752819,-0.334692776203,-0.226260885596,-0.267643660307,-0.345890790224,-0.413327634335,-0.397883713245,-0.371994197369,-0.349009990692,-0.169475987554,0.043911866844,0.216046571732,0.304296880960,0.387208014727,0.377707332373,0.298796206713,0.365179270506,0.350601017475,0.291497915983,0.161886483431,0.092921279371,0.117544710636,-0.185038983822,-0.266619175673,-0.243837222457,-0.430025249720,-0.304045587778,-0.162864014506,0.033646419644,0.217866584659,0.168543130159,0.271407932043,0.326732635498,0.347591280937,0.411380916834,0.476343512535,0.612299442291,0.586205661297,0.589896678925,0.623065710068,0.546791195869,0.395356625319,0.108355276287,-0.015884952620,-0.180379599333,-0.378883898258,-0.297000467777,-0.433963149786,-0.599496662617,-0.504957795143,-0.453710466623,-0.423440188169,-0.532892942429,-0.556963026524,-0.344588249922,-0.161233887076,0.043776024133,0.078615449369,0.057378761470,0.244174510241,0.353231221437,0.317674040794,0.232439979911,0.158943340182,0.033159535378,-0.118962615728,-0.243635043502,-0.471684008837,-0.613538146019,-0.714041948318,-0.764425158501,-0.669532179832,-0.637397766113,-0.472719192505,-0.333310663700,-0.219819188118,0.046404447407,0.155633509159,0.409914463758,0.584546148777,0.504730880260,0.684988677502,0.694098770618,0.579587399960,0.677206456661,0.636265575886,0.486099570990,0.308262318373,0.081598110497,-0.155378207564,-0.272175192833,-0.282328635454,-0.381800800562,-0.335574835539,-0.230771213770,-0.301340162754,-0.315030425787,-0.332399874926,-0.278305321932,-0.056264899671,0.107688345015,0.322265446186,0.493144631386,0.467076838017,0.463206887245,0.505006253719,0.602312147617,0.587390363216,0.312740147114,0.123070649803,-0.041544940323,-0.274255245924,-0.348625928164,-0.517000436783,-0.729821443558,-0.819776833057,-0.936854302883,-0.823742330074,-0.638880193233,-0.534318864346,-0.286733984947,-0.132141798735,0.047439232469,0.285418689251,0.411921203136,0.658732473850,0.783516526222,0.649673700333,0.634943008423,0.685724794865,0.523628950119,0.331652849913,0.201318517327,-0.100704722106,-0.346551477909,-0.432455807924,-0.496532887220,-0.499131739140,-0.565566718578,-0.514355242252,-0.419133961201,-0.502968430519,-0.443897902966,-0.379033535719,-0.327411860228,-0.079600065947,0.121204137802,0.227982878685,0.320359289646,0.439678370953,0.437679350376,0.381295084953,0.439287960529,0.354501605034,0.387210935354,0.349868983030,-0.128006204963,-0.352279424667,-0.449130386114,-0.661111414433,-0.647717475891,-0.741430461407,-0.847391307354,-0.643405199051,-0.388735860586,-0.198030665517,-0.063764341176,0.084161885083,0.330863893032,0.459380656481,0.423647165298,0.470433950424,0.583300590515,0.660246551037,0.637526988983,0.533245146275,0.450860559940,0.310887724161,0.113590583205,-0.165389060974,-0.399267256260,-0.368752598763,-0.320623368025,-0.319133788347,-0.320993691683,-0.425156384706,-0.450190722942,-0.341068565845,-0.232561394572,-0.087123461068,0.092311955988,0.138639718294,0.208809480071,0.428801923990,0.489045292139,0.494342088699,0.551467359066,0.443306714296,0.308086544275,0.185747921467,0.046197909862,-0.092753991485,-0.302986592054,-0.487799465656,-0.681810617447,-0.767128109932,-0.670895397663,-0.675591707230,-0.634900748730,-0.515751481056,-0.448532432318,-0.201407507062,0.038644317538,0.139398351312,0.292830824852,0.386176407337,0.464762151241,0.556177020073,0.618387997150,0.679038643837,0.530984222889,0.364784628153,0.350306093693,0.211677938700,-0.033954355866,-0.262016624212,-0.320749998093,-0.185048282146,-0.143905058503,-0.195550948381,-0.216755509377,-0.233887851238,-0.218843981624,-0.254189550877,-0.293439745903,-0.180002614856,-0.051472440362,0.067955136299,0.169390991330,0.140918955207,0.222232624888,0.387751758099,0.428727537394,0.478881984949,0.356934279203,0.109286308289,0.074752047658,-0.025097241625,-0.203290194273,-0.343115568161,-0.570640683174,-0.653108775616,-0.681436359882,-0.687008798122,-0.622874677181,-0.646248102188,-0.439841479063,-0.285031735897,-0.269214093685,0.022489378229,0.124460108578,0.157082870603,0.335201501846,0.342294692993,0.416187435389,0.523926794529,0.545019984245,0.546017110348,0.378786563873,0.131763428450,-0.071419119835,-0.213182687759,-0.179071560502,-0.162443652749,-0.277917623520,-0.293955475092,-0.396618336439,-0.498341977596,-0.434970140457,-0.462051510811,-0.373672664165,-0.264608025551,-0.123422868550,0.207880690694,0.411323547363,0.588361501694,0.567122519016,0.449293047190,0.503039360046,0.368392169476,0.287382394075,0.367439448833,0.311049431562,0.028730992228,-0.280603289604,-0.404564142227,-0.479350417852,-0.425362110138,-0.485736310482,-0.586392581463,-0.417068094015,-0.370281070471,-0.189006298780,0.004691681359,-0.104473039508,0.022526569664,0.158324301243,0.195174515247,0.393518388271,0.502980649471,0.519852399826,0.498304724693,0.377565890551,0.214351549745,0.085708342493,-0.094009384513,-0.365537166595,-0.451563149691,-0.428002834320,-0.467444062233,-0.398815333843,-0.403767287731,-0.528439462185,-0.558927297592,-0.566748917103,-0.458860367537,-0.280532896519,-0.196054458618,-0.115784339607,0.006638419814,0.208080053329,0.386754304171,0.490559786558,0.496263682842,0.402708917856,0.374893218279,0.282481938601,0.229371979833,0.248948976398,-0.013792293146,-0.305726796389,-0.481176078320,-0.666092634201,-0.709548234940,-0.622393667698,-0.485167860985,-0.401455223560,-0.362659364939,-0.315036714077,-0.261716574430,-0.060782518238,0.158571481705,0.340833753347,0.562037169933,0.579398691654,0.521941423416,0.586888194084,0.593200206757,0.483563840389,0.233707875013,-0.010204407386,-0.099697001278,-0.093885965645,-0.074788630009,-0.200194180012,-0.307387679815,-0.389655917883,-0.479652971029,-0.330979853868,-0.305127799511,-0.423083275557,-0.357648223639,-0.236043602228,0.015485279262,0.303217649460,0.417004466057,0.433696568012,0.426982402802,0.402617901564,0.384249508381,0.421040356159,0.376397699118,0.250694006681,0.050624787807,-0.238045752048,-0.341091245413,-0.451149702072,-0.603760063648,-0.602911710739,-0.692359745502,-0.622107803822,-0.362153410912,-0.146283224225,0.064354136586,0.069200001657,0.193322375417,0.432262450457,0.439658850431,0.490757435560,0.447649240494,0.458024054766,0.598551690578,0.411722570658,0.267753034830,0.162471085787,-0.130517885089,-0.260264724493,-0.353095561266,-0.466634124517,-0.485140860081,-0.438371837139,-0.347181200981,-0.338412493467,-0.344253003597,-0.327335864305,-0.322219610214,-0.229659587145,-0.059771440923,0.104613661766,0.222117573023,0.319572418928,0.418485611677,0.444925874472,0.413305282593,0.483177244663,0.526383638382,0.352379083633,0.196119591594,0.150726795197,0.143601939082,0.125203952193,-0.081512689590,-0.340351402760,-0.466130077839,-0.477331846952,-0.412622898817,-0.379620611668,-0.269159704447,-0.097109504044,-0.066111467779,-0.051081497222,0.009245599620,0.084625490010,0.239989414811,0.343060672283,0.397957175970,0.507955670357,0.436542868614,0.300296217203,0.301348537207,0.077328979969,-0.229692742229,-0.379830300808,-0.574934959412,-0.632172763348,-0.553699433804,-0.543081402779,-0.522681355476,-0.504151403904,-0.576094925404,-0.621344268322,-0.465104728937,-0.311135709286,-0.243883445859,-0.201536953449,-0.105292744935,0.156777173281,0.256121486425,0.332543700933,0.462084621191,0.403054773808,0.450131148100,0.311877340078,-0.043609727174,-0.192957490683,-0.382918119431,-0.552788376808,-0.591980636120,-0.681780755520,-0.696828663349,-0.555881500244,-0.359085470438,-0.071534521878,0.200871556997,0.289868593216,0.380381435156,0.516575694084,0.667297124863,0.852748811245,0.872798144817,0.820822477341,0.790132105350,0.618213891983,0.502422332764,0.410050243139,0.112621679902,-0.091716371477,-0.264696598053,-0.438084125519,-0.362561076880,-0.354948699474,-0.359450727701,-0.326476544142,-0.350190162659,-0.237069606781,-0.183508649468,-0.096117906272,-0.099578469992,-0.167392238975,0.138258099556,0.340598315001,0.432240009308,0.480380356312,0.288295388222,0.284124374390,0.307797223330,0.217848643661,0.136256784201,-0.038327202201,-0.234672531486,-0.383548587561,-0.477797925472,-0.609927296638,-0.656130909920,-0.659685969353,-0.668037116528,-0.527606725693,-0.395454376936,-0.221162840724,-0.173991635442,-0.111837856472,0.182638317347,0.225019901991,0.270458191633,0.345318764448,0.327540576458,0.519256234169,0.551404535770,0.485953688622,0.461484551430,0.257122635841,0.019886979833,-0.190916255116,-0.311306387186,-0.291283249855,-0.240156322718,-0.334762036800,-0.466339915991,-0.451016336679,-0.417403668165,-0.294696629047,-0.214261502028,-0.151071816683,0.022613303736,0.034100614488,0.220205157995,0.438868999481,0.390462309122,0.527529597282,0.541025936604,0.444685250521,0.542923748493,0.409577518702,0.157552838326,0.032527398318,-0.158713385463,-0.331023633480,-0.339344739914,-0.516555190086,-0.727104902267,-0.584153592587,-0.476814121008,-0.343226075172,-0.142665475607,-0.062861822546,0.180692568421,0.346406698227,0.527496099472,0.716309547424,0.626522421837,0.730198085308,0.794924497604,0.724883973598,0.710830211639,0.457850486040,0.268575072289,0.059113185853,-0.210481047630,-0.280716598034,-0.508626580238,-0.593202710152,-0.410161435604,-0.412570476532,-0.379469752312,-0.295327126980,-0.355922609568,-0.327786177397,-0.156258419156,-0.109989948571,0.037405528128,0.281272739172,0.216285660863,0.448360085487,0.668442189693,0.436702370644,0.588466286659,0.523771762848,0.178957223892,0.168276280165,-0.079509533942,-0.310338050127,-0.390006065369,-0.584637999535,-0.646182656288,-0.652690708637,-0.680085003376,-0.612649679184,-0.411040484905,-0.262859821320,-0.145750567317,0.084615342319,0.224221602082,0.322038501501,0.415782392025,0.527460575104,0.755508422852,0.907824635506,0.976092875004,0.925574064255,0.743672311306,0.594276905060,0.488771170378,0.347257971764,0.031967442483,-0.137905210257,-0.058094691485,-0.173471316695,-0.246740326285,-0.225175619125,-0.341925889254,-0.286862075329,-0.234705552459,-0.219409883022,-0.069911003113,-0.062875345349,0.063086107373,0.236178427935,0.248989060521,0.384469360113,0.465346336365,0.540746152401,0.587164700031,0.394438624382,0.203122660518,0.067709848285,-0.095858022571,-0.333659559488,-0.560450732708,-0.771044313908,-0.910660862923,-0.773106336594,-0.718724071980,-0.715272545815,-0.510535299778,-0.342536240816,-0.076362565160,0.145723044872,0.267209619284,0.472710192204,0.497167348862,0.559109091759,0.680714845657,0.615945756435,0.566999614239,0.514614284039,0.344469219446,0.029243385419,-0.254881739616,-0.398740470409,-0.493727266788,-0.446434676647,-0.324990272522,-0.363888144493,-0.561153531075,-0.433500170708,-0.088549770415,-0.168620303273,-0.173769056797,0.030745998025,-0.046148028225,0.143991708755,0.532883107662,0.528525590897,0.550287306309,0.585927546024,0.494380503893,0.661665856838,0.670184075832,0.418189078569,0.249917402864,-0.009419943206,-0.150645241141,-0.222582921386,-0.397910952568,-0.468116909266,-0.541191160679,-0.489096611738,-0.306465864182,-0.273912996054,-0.175054430962,0.051941093057,0.083115093410,0.039696253836,0.168240889907,0.289089232683,0.386679679155,0.540915310383,0.588457643986,0.467311978340,0.330565720797,0.296618014574,0.283100366592,0.154725670815,-0.103904180229,-0.255808442831,-0.282560169697,-0.349295049906,-0.379709720612,-0.372125238180,-0.249854475260,-0.227301061153,-0.373967260122,-0.302866399288,-0.282846480608,-0.290652900934,-0.101710855961,-0.007272400893,0.070745512843,0.233080670238,0.358440876007,0.384760767221,0.394084930420,0.365045785904,0.314383804798,0.300919741392,0.088034138083,-0.086686842144,-0.211939007044,-0.456426113844,-0.411395132542,-0.423173725605,-0.666695237160,-0.608680069447,-0.497056573629,-0.447487413883,-0.170367315412,-0.000336357392,0.012491469271,0.150924339890,0.264525443316,0.415408611298,0.564918518066,0.563264489174,0.618521511555,0.655555546284,0.653395652771,0.637968301773,0.411015629768,0.082880720496,-0.084545515478,-0.056951619685,-0.102599799633,-0.230411231518,-0.203309252858,-0.180936887860,-0.322568684816,-0.323787271976,-0.199017643929,-0.353796035051,-0.291694432497,0.092854537070,0.200711876154,0.297593295574,0.416637271643,0.554856300354,0.669465065002,0.540689706802,0.599024891853,0.654542446136,0.453956067562,0.209300205112,0.063157476485,-0.127837881446,-0.478130131960,-0.401561319828,-0.473375886679,-0.755038082600,-0.490150243044,-0.516302049160,-0.497898876667,-0.152401298285,-0.117905341089,0.038912314922,0.214945435524,0.278740882874,0.336228102446,0.414120554924,0.610541164875,0.601625621319,0.533477962017,0.514986574650,0.377013117075,0.236473351717,0.118122257292,-0.055144552141,-0.289952009916,-0.306030243635,-0.301745146513,-0.494828701019,-0.456756383181,-0.416990488768,-0.469694405794,-0.415668815374,-0.462599873543,-0.406925946474,-0.263559818268,-0.112553268671,0.066388219595,0.162654027343,0.411508083344,0.552677452564,0.603187203407,0.801296889782,0.766966998577,0.758416473866,0.748268544674,0.503285348415,0.348927497864,0.110741995275,-0.169295534492,-0.290718019009,-0.375127583742,-0.409860342741,-0.375756502151,-0.272766530514,-0.216585531831,-0.169093191624,-0.127518773079,0.021311162040,0.372910588980,0.414005458355,0.424861133099,0.612621128559,0.589622437954,0.634453773499,0.589003503323,0.423253506422,0.246212869883,-0.028902120888,-0.051695756614,-0.136451452971,-0.384059131145,-0.442100852728,-0.465337097645,-0.561689317226,-0.606973052025,-0.459978729486,-0.425493568182,-0.520578145981,-0.427758932114,-0.304277986288,-0.144625127316,0.041345145553,0.198859289289,0.422085613012,0.582643449306,0.590340673923,0.472910761833,0.400253385305,0.318612635136,0.132945641875,0.056588556617,-0.156210213900,-0.444390386343,-0.416456788778,-0.498604029417,-0.692378878593,-0.543403446674,-0.351617664099,-0.277067601681,-0.135030135512,-0.030863666907,0.093077436090,0.376265853643,0.577457904816,0.589635789394,0.641153633595,0.732898235321,0.803249299526,0.790352225304,0.660352289677,0.667590260506,0.671816110611,0.483391702175,0.251687407494,-0.020170252770,-0.247865498066,-0.323250919580,-0.350891143084,-0.430129110813,-0.359361261129,-0.280271321535,-0.319941818714,-0.231308728456,-0.274006426334,-0.240022480488,-0.021322416142,0.071454428136,0.264760732651,0.338980376720,0.342462599277,0.385849773884,0.273398756981,0.313911229372,0.238849788904,0.061252176762,0.108687005937,-0.093842297792,-0.348999112844,-0.388738960028,-0.546844184399,-0.632508933544,-0.657639980316,-0.709755897522,-0.537746250629,-0.399607181549,-0.305855691433,-0.094116099179,-0.009299389087,0.099343977869,0.255647748709,0.302098363638,0.373836159706,0.420595139265,0.472159117460,0.584532737732,0.548882365227,0.379726916552,0.250192284584,-0.031734868884,-0.377340197563,-0.416825205088,-0.427391260862,-0.482212245464,-0.450901597738,-0.490059077740,-0.444984883070,-0.326147079468,-0.284315258265,-0.282436937094,-0.230040416121,-0.090732909739,0.069913789630,0.302004367113,0.464898943901,0.537860989571,0.580162465572,0.547054588795,0.582269072533,0.539670586586,0.381740957499,0.142678707838,-0.110009439290,-0.309266895056,-0.602721571922,-0.648626208305,-0.694435060024,-0.862133979797,-0.711943864822,-0.620333492756,-0.409343779087,-0.081744067371,0.023071603850,0.263823181391,0.499952077866,0.668198406696,0.793301522732,0.771652638912,0.777677774429,0.733425021172,0.649456143379,0.623070538044,0.557114064693,0.313604921103,-0.018833160400,-0.232463553548,-0.369797557592,-0.430990397930,-0.491778850555,-0.618757069111,-0.588738918304,-0.421468168497,-0.347370743752,-0.308957576752,-0.302081972361,-0.326658040285,-0.048684582114,0.236094102263,0.256973206997,0.374960631132,0.326658904552,0.275224626064,0.533095598221,0.489184439182,0.271001130342,0.183404818177,-0.009746698663,-0.141941815615,-0.216947883368,-0.430480033159,-0.631800651550,-0.724866747856,-0.740168809891,-0.665769219398,-0.577016115189,-0.504620194435,-0.315132498741,-0.117119960487,-0.060967728496,0.125703439116,0.409514665604,0.537903666496,0.683381140232,0.800129294395,0.845703244209,0.859208047390,0.684210062027,0.572535872459,0.548348248005,0.403561383486,0.180755108595,-0.123086519539,-0.294750630856,-0.354260653257,-0.403161674738,-0.334479719400,-0.275598108768,-0.273862004280,-0.344093143940,-0.361430853605,-0.203512459993,0.006422661711,0.181382760406,0.253308147192,0.363791137934,0.439852833748,0.482333868742,0.630473434925,0.557904183865,0.481351077557,0.406453073025,0.049435585737,-0.160574525595,-0.432408064604,-0.743120074272,-0.726966083050,-0.875105559826,-1.040321826935,-0.934612512589,-0.834314942360,-0.674892365932,-0.418425261974,-0.183359190822,0.013166808523,0.287508785725,0.532840073109,0.592275857925,0.615010142326,0.565768718719,0.537295758724,0.543378174305,0.440761685371,0.373897612095,0.205017089844,-0.010570384562,-0.185994729400,-0.457944303751,-0.531165838242,-0.505541324615,-0.516496300697,-0.427271485329,-0.449652612209,-0.435686230659,-0.309295684099,-0.251287758350,-0.128253772855,-0.009623022750,0.071966558695,0.245430693030,0.397570014000,0.512395977974,0.626017868519,0.575946629047,0.513153553009,0.588758289814,0.472350150347,0.294315844774,0.273275464773,0.098527669907,-0.119083784521,-0.209826096892,-0.421417891979,-0.555422604084,-0.459094583988,-0.520434081554,-0.505497992039,-0.292625129223,-0.257210552692,-0.101889327168,0.088114507496,0.101250715554,0.150474712253,0.139532536268,0.303007990122,0.550871849060,0.600071251392,0.587565541267,0.434916257858,0.352361202240,0.268885254860,0.018928060308,-0.172323867679,-0.387619763613,-0.419753521681,-0.392923712730,-0.538941204548,-0.522419452667,-0.460946440697,-0.446125864983,-0.495204925537,-0.502795755863,-0.326982051134,-0.200480058789,-0.005345868412,0.138703063130,0.191407114267,0.324080824852,0.373325198889,0.473008632660,0.473235696554,0.342763364315,0.274036407471,0.137422859669,-0.033551510423,-0.256671190262,-0.378924340010,-0.522383987904,-0.756885945797,-0.739815175533,-0.751805603504,-0.768582403660,-0.664345443249,-0.552318274975,-0.287157475948,-0.123319655657,0.014481017366,0.289415150881,0.450505316257,0.594229042530,0.785368323326,0.828865587711,0.688043713570,0.618375480175,0.550998985767,0.366914302111,0.250535577536,0.052687510848,-0.167853862047,-0.320432037115,-0.458338409662,-0.443344414234,-0.450704783201,-0.507444024086,-0.523722469807,-0.529175817966,-0.453958898783,-0.371548533440,-0.229016259313,0.019108900800,0.242516145110,0.399622380733,0.456571072340,0.431526213884,0.403192311525,0.465842962265,0.610354661942,0.542985081673,0.326948076487,0.305987924337,0.059656728059,-0.376314312220,-0.455029278994,-0.583482325077,-0.699987173080,-0.620944321156,-0.655382931232,-0.554125010967,-0.406039148569,-0.301472783089,-0.165647700429,-0.049517281353,0.165057450533,0.204288557172,0.245493173599,0.406597137451,0.410354942083,0.485341161489,0.438738882542,0.291806042194,0.269697189331,0.170063763857,-0.012714529410,-0.279081225395,-0.372657299042,-0.418931812048,-0.555483639240,-0.449104398489,-0.347471565008,-0.328994035721,-0.408996045589,-0.449187904596,-0.347615540028,-0.418090581894,-0.236677348614,-0.029604431242,0.021425267681,0.344631880522,0.484540820122,0.643519401550,0.794145762920,0.634896695614,0.592924475670,0.426690638065,0.245631858706,0.198336869478,0.009630662389,-0.154642969370,-0.304171293974,-0.498555958271,-0.699582815170,-0.694256246090,-0.582653045654,-0.473880827427,-0.156848832965,-0.046189319342,0.030468806624,0.199475452304,0.187684014440,0.406404882669,0.546913385391,0.595292687416,0.755676925182,0.680539786816,0.621711790562,0.463923215866,0.206339925528,0.016292139888,-0.233204483986,-0.367423087358,-0.470811009407,-0.405414462090,-0.350347429514,-0.532852053642,-0.470998585224,-0.394544094801,-0.456790268421,-0.399078220129,-0.352781862020,-0.347719579935,-0.222753658891,0.014410681091,0.146265074611,0.256488025188,0.269486546516,0.165508836508,0.216457158327,0.208225101233,0.157796308398,0.066037848592,-0.076845161617,-0.123504810035,-0.244864687324,-0.334149360657,-0.459761142731,-0.542825222015,-0.575859546661,-0.676690995693,-0.457800298929,-0.279875129461,-0.215942725539,-0.071125447750,-0.034517824650,0.139632225037,0.255751520395,0.290999799967,0.310163944960,0.325206130743,0.549120187759,0.564098417759,0.485935360193,0.378020048141,0.185568854213,0.208269506693,0.044185169041,-0.079463958740,-0.109794549644,-0.240427985787,-0.157964944839,-0.308667778969,-0.379554539919,-0.259520322084,-0.366447955370,-0.271087259054,-0.264626115561,-0.278593987226,-0.098580747843,0.014442648739,0.265373498201,0.379032820463,0.410418659449,0.419701248407,0.298603832722,0.361150652170,0.267967134714,0.157592728734,0.117311127484,-0.134476125240,-0.270963698626,-0.495821088552,-0.628458499908,-0.550946414471,-0.619039535522,-0.455748349428,-0.243290036917,-0.140806034207,-0.022776739672,-0.040264248848,0.086189813912,0.195938393474,0.269555389881,0.483449876308,0.484497904778,0.518361508846,0.574033200741,0.440452098846,0.389411389828,0.249921470881,0.079132825136,-0.129727855325,-0.429205328226,-0.491051286459,-0.525402486324,-0.540359020233,-0.550142645836,-0.614425241947,-0.531503260136,-0.542742550373,-0.440198361874,-0.217206239700,-0.114713534713,0.116567850113,0.224279493093,0.237930655479,0.340675562620,0.402206808329,0.519730865955,0.537838101387,0.404088914394,0.210432589054,0.020907454193,-0.127639517188,-0.295054286718,-0.354091346264,-0.492759078741,-0.667572855949,-0.637717187405,-0.650483846664,-0.553644537926,-0.321573287249,-0.162597119808,0.019474556670,0.106297172606,0.195042341948,0.345080256462,0.447546899319,0.570611178875,0.585495591164,0.601220488548,0.606564402580,0.444690823555,0.399403184652,0.256748944521,-0.098372757435,-0.251561254263,-0.381620854139,-0.505452096462,-0.423016875982,-0.343871355057,-0.282268136740,-0.279456436634,-0.334265202284,-0.343474060297,-0.338706552982,-0.195177048445,-0.067916058004,-0.002779858187,0.186185121536,0.287647128105,0.313198775053,0.325899600983,0.253743737936,0.195975944400,0.155441716313,0.099040880799,0.005468775518,-0.081334315240,-0.228404462337,-0.430159598589,-0.552112102509,-0.671460926533,-0.753223538399,-0.725105881691,-0.532186090946,-0.442012876272,-0.351911783218,0.094034150243,0.145963996649,0.176981359720,0.759453117847,0.827762365341,0.658882558346,0.931439816952,0.967660069466,0.764620482922,0.926787376404,0.847115278244,0.304207503796,0.162395074964,-0.030577039346,-0.430545747280,-0.381133168936,-0.375923544168,-0.530093967915,-0.450798183680,-0.363094300032,-0.438107043505,-0.413479626179,-0.291802436113,-0.196222379804,0.070070534945,0.261210858822,0.374027192593,0.504402577877,0.391062498093,0.317073494196,0.266450852156,0.229178681970,0.317288845778,0.193004071712,0.003404830117,-0.178443476558,-0.440974354744,-0.557462096214,-0.561156749725,-0.608284831047,-0.760499894619,-0.846386492252,-0.648855447769,-0.423316508532,-0.331946671009,-0.116956509650,0.145759850740,0.254963606596,0.352220058441,0.419325083494,0.481565922499,0.583856105804,0.506260335445,0.476807594299,0.490020513535,0.304284721613,0.285248219967,0.181539133191,-0.172249481082,-0.314423620701,-0.416178256273,-0.430103570223,-0.216125160456,-0.108726926148,-0.157590046525,-0.163420647383,-0.089691713452,-0.095680914819,-0.030805207789,0.056040618569,0.075571544468,0.321003437042,0.342002540827,0.195662811399,0.310006558895,0.257915258408,0.296004533768,0.442071944475,0.320072084665,0.249875724316,0.118108898401,-0.113661780953,-0.267033904791,-0.466172575951,-0.554354369640,-0.552412092686,-0.650178492069,-0.660948932171,-0.549027144909,-0.435129672289,-0.183640748262,0.039101541042,0.115156456828,0.275421470404,0.200391680002,0.184713274240,0.585892379284,0.573625266552,0.518936336040,0.683531284332,0.377417087555,0.244687736034,0.249714136124,-0.085289590061,-0.217798009515,-0.293219298124,-0.407723814249,-0.449283212423,-0.562860906124,-0.428822964430,-0.278611510992,-0.381615459919,-0.328101426363,-0.256692200899,-0.328263670206,-0.161566615105,0.098707303405,0.184453427792,0.423309862614,0.573687255383,0.538977324963,0.772493481636,0.754368364811,0.478792101145,0.420954197645,0.224741563201,0.003922893666,-0.162227571011,-0.379315853119,-0.442473590374,-0.652148425579,-0.856056332588,-0.759653627872,-0.781725227833,-0.663289368153,-0.269633263350,-0.001979786437,0.228112772107,0.270644187927,0.298800379038,0.551920890808,0.599660873413,0.565657615662,0.607050061226,0.553547322750,0.458138674498,0.451641470194,0.340071022511,-0.030042231083,-0.182981595397,-0.264514297247,-0.320221900940,-0.160705074668,-0.287590324879,-0.319026947021,-0.215504616499,-0.323966324329,-0.283716559410,-0.250930041075,-0.131771788001,0.122531645000,0.172246977687,0.187988713384,0.349924296141,0.466320991516,0.423154979944,0.461173325777,0.409513801336,0.291310966015,0.342809379101,0.173440501094,-0.039549611509,-0.136083960533,-0.294603854418,-0.416514635086,-0.611842989922,-0.710183382034,-0.641990959644,-0.600741147995,-0.564043462276,-0.420638829470,-0.188904121518,-0.051073286682,0.147914886475,0.204643473029,0.126593559980,0.279551386833,0.379497706890,0.583258867264,0.691931903362,0.528931498528,0.559336781502,0.430757373571,0.130485832691,-0.065261535347,-0.196328938007,-0.343037247658,-0.472580105066,-0.386447101831,-0.417383581400,-0.429455906153,-0.346376359463,-0.404556006193,-0.365599393845,-0.328797876835,-0.091462790966,0.150390729308,0.251102834940,0.564530849457,0.607520937920,0.698194682598,0.969753801823,0.864547908306,0.796842396259,0.756206333637,0.483805328608,0.259069472551,0.137686878443,-0.083708196878,-0.289872974157,-0.413908660412,-0.621803998947,-0.580740451813,-0.507936656475,-0.636084914207,-0.412628203630,-0.197957366705,-0.140370100737,0.093710415065,0.211790457368,0.322071313858,0.425895750523,0.448811620474,0.569360852242,0.577399373055,0.497933536768,0.543216764927,0.582526504993,0.257531613111,-0.108761131763,-0.164121612906,-0.360002458096,-0.468505054712,-0.464026182890,-0.550845861435,-0.415068030357,-0.381646037102,-0.388636082411,-0.372112691402,-0.501877427101,-0.411494761705,-0.319903999567,-0.231732428074,0.064539797604,0.255519658327,0.300819218159,0.339672088623,0.382656484842,0.354734212160,0.356878668070,0.289569944143,0.143685191870,0.187647402287,0.138928800821,0.002837140579,-0.160168856382,-0.397831141949,-0.379430413246,-0.379052519798,-0.450991243124,-0.359599560499,-0.300858944654,-0.133479282260,0.111694097519,0.237730860710,0.322804570198,0.348523706198,0.501318871975,0.625329077244,0.442546337843,0.514970421791,0.711040496826,0.615671098232,0.617128908634,0.482011556625,0.232268348336,0.147202968597,-0.073561891913,-0.198229804635,-0.245633721352,-0.359740138054,-0.228187561035,-0.092802003026,-0.320435792208,-0.542573690414,-0.409629225731,-0.418956637383,-0.252405673265,0.271496117115,0.218417465687,0.302818030119,0.667077600956,0.528098285198,0.508462548256,0.623073279858,0.552251219749,0.295433998108,0.154238149524,0.179887533188,-0.082193516195,-0.225291058421,-0.404374986887,-0.716831445694,-0.687106132507,-0.664014041424,-0.605052769184,-0.424761772156,-0.292961001396,-0.174357518554,-0.133409529924,-0.032322339714,0.182665899396,0.342473089695,0.372113496065,0.427766144276,0.484745085239,0.530359029770,0.690996348858,0.597449362278,0.325059145689,0.132445797324,-0.206751286983,-0.449307918549,-0.461483776569,-0.436245024204,-0.415445178747,-0.484191089869,-0.512688755989,-0.462299436331,-0.417517095804,-0.282468289137,-0.234975993633,-0.213684469461,0.000234103063,0.160075560212,0.325921624899,0.459036380053,0.373107522726,0.370404362679,0.463357418776,0.498833984137,0.406365662813,0.216244027019,0.122647970915,-0.029341217130,-0.251067847013,-0.320115357637,-0.386693447828,-0.532293438911,-0.508593082428,-0.345771461725,-0.287113666534,-0.156454071403,0.049420010298,0.084446147084,0.182969748974,0.382876813412,0.533202767372,0.580759704113,0.554297029972,0.670141220093,0.554871141911,0.334291398525,0.396779388189,0.249285742640,0.050261933357,-0.056244604290,-0.234954103827,-0.350259840488,-0.394291371107,-0.324215382338,-0.365182787180,-0.325036913157,-0.268425017595,-0.458922564983,-0.388967126608,-0.393508255482,-0.408914923668,-0.125273123384,-0.088554650545,0.086809001863,0.427333593369,0.534422755241,0.567380011082,0.523309290409,0.479724317789,0.283367514610,0.097946383059,0.039654493332,-0.184985756874,-0.282554566860,-0.454960048199,-0.716417968273,-0.654745101929,-0.698619127274,-0.688401758671,-0.382093757391,-0.193112432957,0.060254652053,0.412400931120,0.509778857231,0.590517163277,0.767616152763,0.812448024750,0.932254910469,0.991110205650,0.891493022442,0.900883615017,0.690157294273,0.477329432964,0.381804049015,0.026884388179,-0.157226949930,-0.248935878277,-0.386429995298,-0.374046415091,-0.528256297112,-0.553446769714,-0.346641391516,-0.359613656998,-0.309660464525,-0.204259783030,-0.281117469072,-0.127614423633,0.102651655674,0.143177643418,0.239643037319,0.236407175660,0.260309368372,0.392886191607,0.277268439531,0.139678284526,0.059166587889,-0.089972823858,-0.209576860070,-0.345773756504,-0.415484696627,-0.489475786686,-0.645479977131,-0.648002326488,-0.551529645920,-0.507313668728,-0.403557568789,-0.292892605066,-0.222707167268,0.020112318918,0.241081967950,0.271875500679,0.389153569937,0.432260543108,0.364620447159,0.481913387775,0.524502336979,0.448862522840,0.430774927139,0.293831706047,0.105042278767,-0.166775584221,-0.358460158110,-0.276028901339,-0.377089232206,-0.431859582663,-0.295334309340,-0.369735270739,-0.378139078617,-0.300975888968,-0.274595260620,-0.139425978065,0.052939303219,0.182386159897,0.339129954576,0.621623218060,0.687475144863,0.664864480495,0.756573081017,0.605180323124,0.491947293282,0.454671114683,0.196458145976,-0.075481802225,-0.314253181219,-0.478077977896,-0.577512502670,-0.687142729759,-0.804824769497,-0.804685115814,-0.512201011181,-0.309054195881,-0.265546828508,-0.086049199104,0.081559769809,0.244607329369,0.397272795439,0.461547613144,0.583817005157,0.754503965378,0.841386735439,0.792758762836,0.672154247761,0.497605115175,0.278766244650,-0.003639959730,-0.317808806896,-0.398572027683,-0.447682470083,-0.633136570454,-0.615091741085,-0.584776699543,-0.637293756008,-0.529380857944,-0.511887192726,-0.513004064560,-0.233880117536,0.053051795810,0.241815954447,0.387860178947,0.320827543736,0.313213855028,0.558278679848,0.637240707874,0.599454700947,0.532162904739,0.254142910242,0.052387095988,-0.128456369042,-0.391784071922,-0.575658261776,-0.698332965374,-0.675784766674,-0.700788021088,-0.708488464355,-0.579650402069,-0.527690291405,-0.350444614887,-0.098082132638,0.142852693796,0.412017434835,0.567620694637,0.672766089439,0.672447979450,0.611305236816,0.593800365925,0.653991580009,0.726440191269,0.622946381569,0.472146421671,0.174461066723,-0.240226104856,-0.467204898596,-0.507693707943,-0.406773954630,-0.403475701809,-0.449698626995,-0.463077843189,-0.457306921482,-0.295227766037,-0.224489167333,-0.100958779454,0.050938431174,0.094005040824,0.298150777817,0.369372189045,0.387396663427,0.458535045385,0.435129642487,0.430875033140,0.349946290255,0.307392358780,0.201215922832,0.050137292594,-0.099838495255,-0.403171658516,-0.583081722260,-0.803247153759,-0.959700703621,-0.884118080139,-0.863100349903,-0.813633322716,-0.714181005955,-0.420421540737,-0.136991560459,0.038543120027,0.273930102587,0.206613197923,0.208044067025,0.467674762011,0.644519686699,0.724734485149,0.624590396881,0.547736942768,0.314207702875,-0.013873414136,-0.082262426615,-0.316795974970,-0.505372643471,-0.510850906372,-0.610965311527,-0.443606585264,-0.232878610492,-0.281661421061,-0.268638640642,-0.177579343319,-0.035155594349,0.188420236111,0.321981549263,0.398939669132,0.578225255013,0.704431235790,0.662527382374,0.617400884628,0.612233042717,0.546515166759,0.312456935644,0.098257772624,0.011013997719,-0.184749335051,-0.258829385042,-0.250327378511,-0.406282156706,-0.519190788269,-0.618514358997,-0.574856102467,-0.477932780981,-0.376079738140,-0.038067918271,0.052975233644,-0.024420397356,0.070552140474,0.124603487551,0.152421474457,0.127707615495,0.168253540993,0.349705100060,0.421972036362,0.269355058670,0.114915885031,0.019905248657,-0.260432124138,-0.386857569218,-0.368554353714,-0.432235240936,-0.275359660387,-0.269158810377,-0.381659090519,-0.294679641724,-0.286852449179,-0.275289386511,-0.319955557585,-0.315637797117,-0.198863968253,-0.225108399987,-0.084561482072,0.056579638273,0.063893675804,0.212921157479,0.196192309260,0.168508693576,0.260689258575,0.207832112908,0.284654438496,0.326537579298,0.088993892074,-0.081177562475,-0.184010758996,-0.272867500782,-0.405665785074,-0.635223150253,-0.618777632713,-0.436750739813,-0.287900716066,-0.121512040496,-0.058679949492,0.003202295629,0.129218965769,0.220080524683,0.280810028315,0.410598754883,0.611124992371,0.657800257206,0.670810580254,0.619166374207,0.392156392336,0.302078604698,0.201176643372,0.031353212893,-0.089975975454,-0.232169240713,-0.264847636223,-0.262969225645,-0.252953112125,-0.384500175714,-0.526122570038,-0.418840467930,-0.514173984528,-0.477742046118,-0.234756112099,-0.175587520003,0.051337931305,0.163489192724,0.202019080520,0.400458693504,0.490546464920,0.551605820656,0.528961777687,0.446552157402,0.271091133356,0.080264881253,-0.045653838664,-0.288879185915,-0.485808908939,-0.668845772743,-0.711101949215,-0.637008488178,-0.631232678890,-0.471986234188,-0.429074078798,-0.378740102053,-0.161647513509,-0.050625249743,0.082163281739,0.137534067035,0.195892110467,0.320691198111,0.430050402880,0.588398098946,0.549790024757,0.414816379547,0.277245074511,0.055735312402,-0.121040433645,-0.296754539013,-0.402098476887,-0.438826948404,-0.513942301273,-0.514667093754,-0.413954049349,-0.306536167860,-0.240606933832,-0.226779103279,-0.271079629660,-0.193795681000,0.024243233725,0.157775416970,0.311004012823,0.394108921289,0.331176251173,0.382056832314,0.359397947788,0.212498277426,0.140333339572,0.130366608500,0.134512439370,0.076005987823,-0.013206163421,-0.233283951879,-0.469010710716,-0.516648054123,-0.531020879745,-0.426975965500,-0.283376455307,-0.242279604077,-0.172815799713,-0.072481438518,0.086971759796,0.214298576117,0.222757041454,0.185313254595,0.287578582764,0.521102428436,0.562122583389,0.498510509729,0.417105406523,0.308259695768,0.209799587727,-0.056437082589,-0.273985803127,-0.367463469505,-0.402218282223,-0.338026732206,-0.444613546133,-0.548699855804,-0.545823574066,-0.578008472919,-0.571290135384,-0.582765281200,-0.504227697849,-0.439566314220,-0.270684331656,0.144256219268,0.267621815205,0.332543343306,0.501695692539,0.438006192446,0.360057622194,0.310295373201,0.261616617441,0.173667356372,0.074318557978,-0.115712895989,-0.493042469025,-0.615668654442,-0.679418325424,-0.710981369019,-0.536536872387,-0.493834704161,-0.255828946829,0.025695694610,0.165180295706,0.364031076431,0.412814170122,0.577875614166,0.669312238693,0.656358480453,0.830266118050,0.749673426151,0.611026167870,0.518035054207,0.378814548254,0.272458583117,-0.036756787449,-0.273875296116,-0.483217954636,-0.581466972828,-0.410036951303,-0.437195450068,-0.366578936577,-0.281923562288,-0.292593777180,-0.168265670538,-0.289431840181,-0.238918229938,-0.089773133397,-0.063786134124,0.212488308549,0.186675027013,0.157098308206,0.302456974983,0.156944096088,0.190140932798,0.057522762567,-0.208464503288,-0.117950603366,-0.306241959333,-0.541616857052,-0.549120128155,-0.631218492985,-0.671957731247,-0.733225464821,-0.629775643349,-0.527241051197,-0.464057534933,-0.109193719923,-0.005372612271,0.081449143589,0.292343288660,0.209309548140,0.316972523928,0.434943735600,0.475125908852,0.645135521889,0.606006085873,0.553169488907,0.423018813133,0.093679845333,-0.128265514970,-0.261454284191,-0.321658074856,-0.303541153669,-0.353948265314,-0.452871650457,-0.385538071394,-0.320717602968,-0.320318609476,-0.168431848288,-0.175955206156,-0.203249096870,-0.054426677525,0.006315781735,0.209853827953,0.366786897182,0.357680767775,0.477654844522,0.482457667589,0.498161345720,0.541208684444,0.334540247917,0.171012878418,0.091809257865,-0.001846972504,-0.114603161812,-0.315740883350,-0.427630811930,-0.441110491753,-0.411517053843,-0.335115939379,-0.337299615145,-0.351979285479,-0.254694044590,-0.054890368134,0.130690842867,0.228157684207,0.249506175518,0.268279522657,0.423790782690,0.559206485748,0.624321281910,0.690086066723,0.548300445080,0.285179167986,0.036977909505,-0.196967884898,-0.334891855717,-0.452626764774,-0.526057839394,-0.467879295349,-0.429559588432,-0.462857186794,-0.408034473658,-0.369727969170,-0.383997201920,-0.263087987900,-0.171670541167,-0.086236558855,0.091528967023,0.173313558102,0.226003289223,0.279306083918,0.317339360714,0.343440949917,0.290025830269,0.180741444230,0.032648630440,-0.069788366556,-0.280890733004,-0.474448859692,-0.441356241703,-0.704559206963,-0.889705121517,-0.697395801544,-0.815504908562,-0.678927958012,-0.107111997902,0.059068512172,0.112744204700,0.322386771441,0.365815192461,0.360484987497,0.486133068800,0.530672967434,0.465842068195,0.469480127096,0.394704163074,0.386983811855,0.377414166927,0.130962267518,0.067544274032,-0.095056302845,-0.334060609341,-0.267637699842,-0.328331738710,-0.262127071619,-0.183399930596,-0.256971150637,-0.169657453895,-0.324234873056,-0.382353037596,-0.212606951594,-0.095532953739,0.122717864811,0.109182439744,0.150588691235,0.380615144968,0.365961909294,0.416298091412,0.532161951065,0.430737674236,0.349658876657,0.278226584196,-0.020109791309,-0.243103757501,-0.446258604527,-0.711668670177,-0.665311992168,-0.686921656132,-0.680903971195,-0.517861604691,-0.547504544258,-0.300175696611,0.020350180566,0.101140014827,0.145994320512,0.161802262068,0.315492749214,0.435582011938,0.559400498867,0.610396325588,0.515999317169,0.572215676308,0.432417213917,0.180219262838,-0.073676086962,-0.337126880884,-0.313898503780,-0.349848330021,-0.306222170591,-0.201087176800,-0.291392117739,-0.153660342097,-0.011712254956,-0.031848292798,-0.072611503303,-0.038280762732,0.187003344297,0.315261572599,0.419364452362,0.442261636257,0.341654598713,0.465940207243,0.492722451687,0.353059262037,0.331657856703,0.228609964252,0.025195624679,-0.065925136209,-0.123626396060,-0.358259260654,-0.523422658443,-0.506309509277,-0.710930109024,-0.775729477406,-0.471600204706,-0.399175643921,-0.316043287516,-0.183048561215,-0.225633099675,-0.031365197152,0.168819546700,0.350043833256,0.436337888241,0.316950589418,0.441547453403,0.390179783106,0.275042414665,0.285881400108,0.101205721498,-0.040022395551,-0.197769924998,-0.208216369152,-0.320751070976,-0.448031693697,-0.311798721552,-0.539964258671,-0.482439011335,-0.322799026966,-0.559122443199,-0.465995252132,-0.435227215290,-0.267962306738,0.026344617829,-0.026551706716,0.244542658329,0.504481554031,0.472483009100,0.583396196365,0.605213820934,0.536692619324,0.495386183262,0.382047504187,0.305826395750,0.199899405241,-0.100484788418,-0.277054518461,-0.295597136021,-0.489752471447,-0.520577192307,-0.419579952955,-0.513558208942,-0.309968531132,-0.020686523989,-0.017019335181,0.122604161501,0.185299351811,0.221520572901,0.474581778049,0.556443393230,0.660429477692,0.753947615623,0.570428550243,0.577693045139,0.549908041954,0.154928967357,0.036393351853,-0.038077842444,-0.380731821060,-0.389315396547,-0.430670142174,-0.577576518059,-0.416229516268,-0.361000299454,-0.290310859680,-0.243035525084,-0.340960800648,-0.180914402008,0.025586038828,0.154249042273,0.224060550332,0.242564216256,0.320369809866,0.424363821745,0.489862978458,0.322923630476,0.230440437794,0.245602071285,0.096146732569,-0.019929302856,-0.199456468225,-0.352342456579,-0.447734534740,-0.521606504917,-0.473174393177,-0.531407177448,-0.472150117159,-0.259521752596,-0.086369179189,0.116312660277,0.199920430779,0.271992236376,0.390527456999,0.335757225752,0.277133077383,0.436146229506,0.417411386967,0.368549406528,0.532012522221,0.271397769451,0.081631332636,0.062626771629,-0.316131740808,-0.355447500944,-0.245267823339,-0.317173004150,-0.332684129477,-0.287623256445,-0.173739656806,-0.291238933802,-0.342679679394,-0.217517629266,-0.245360791683,-0.180109322071,-0.137616947293,-0.089096486568,0.158986374736,0.151777446270,0.104489363730,0.359007477760,0.379296779633,0.249691396952,0.256880044937,0.199144780636,0.138280451298,0.078962258995,-0.059215821326,-0.224802225828,-0.379032701254,-0.510602772236,-0.493958920240,-0.436394602060,-0.409537047148,-0.174650445580,-0.125863298774,-0.145198538899,0.070404417813,0.109633721411,0.308239936829,0.476773142815,0.328755050898,0.385245412588,0.413431555033,0.400663793087,0.440121710300,0.210366845131,-0.023807020858,-0.059762515128,-0.197250247002,-0.368405312300,-0.302925139666,-0.289016634226,-0.295649528503,-0.247642889619,-0.323358923197,-0.262785881758,-0.232725754380,-0.246679097414,-0.177256509662,-0.173702046275,-0.046333994716,0.085601180792,0.230076670647,0.402484387159,0.421300470829,0.421378254890,0.351872026920,0.316152393818,0.312549233437,0.178085327148,0.100070558488,-0.069341927767,-0.344379663467,-0.216558679938,0.062236700207,-0.071634665132,-0.123648978770,0.078018650413,0.109972968698,0.251387685537,0.404447704554,0.354476600885,0.439033806324,0.469089776278,0.378308147192,0.477586776018,0.495855420828,0.353406101465,0.456924229860,0.461070239544,0.234620526433,0.226815149188,0.044201686978,-0.251668542624,-0.265940219164,-0.361919760704,-0.468081772327,-0.326211869717,-0.161661669612,-0.304912656546,-0.447429299355,-0.359168648720,-0.520590186119,-0.608001589775,-0.331400364637,-0.185197338462,-0.178822323680,-0.145196035504,-0.011074498296,0.126938730478,0.117162838578,0.194723829627,0.310043424368,0.199695631862,0.026735763997,0.004784195684,-0.049136906862,-0.295829832554,-0.496749877930,-0.566283524036,-0.516977906227,-0.447684347630,-0.519114315510,-0.413874089718,-0.203118309379,-0.140242710710,-0.097233556211,-0.073934182525,0.098251760006,0.240947782993,0.308673977852,0.549031913280,0.627285599709,0.660076558590,0.713432610035,0.637265861034,0.578836679459,0.400805473328,0.247289016843,0.119883634150,-0.072634138167,-0.229955926538,-0.314169645309,-0.092650353909,-0.106256499887,-0.434532165527,-0.372436583042,-0.317377775908,-0.385924190283,-0.265372753143,-0.004457518458,0.338191092014,0.408451050520,0.384944349527,0.484032869339,0.491962999105,0.498445659876,0.444156914949,0.367970854044,0.231404855847,-0.015557128936,-0.163364812732,-0.325345963240,-0.423564463854,-0.483094245195,-0.563035845757,-0.478514611721,-0.429341465235,-0.310705572367,-0.048918403685,0.083869472146,0.140079200268,0.205967411399,0.387697637081,0.545914888382,0.520712196827,0.561340510845,0.619005560875,0.586533308029,0.481530606747,0.243267476559,0.041474651545,-0.096551455557,-0.260126829147,-0.426103711128,-0.524926424026,-0.466964989901,-0.469121456146,-0.470607876778,-0.327271908522,-0.319918006659,-0.254801213741,-0.112969122827,-0.115454576910,-0.048013933003,0.029299572110,0.151963040233,0.238260865211,0.187296211720,0.250601947308,0.216289937496,0.213388606906,0.265530228615,0.115062698722,0.100348375738,0.025284042582,-0.139727041125,-0.178533390164,-0.357502460480,-0.481525540352,-0.449645608664,-0.420509099960,-0.397427618504,-0.284361571074,-0.086908593774,0.045191038400,0.204193472862,0.237802565098,0.263154953718,0.408188641071,0.385950326920,0.443601220846,0.457307308912,0.415665358305,0.526104092598,0.444707959890,0.312050938606,0.182141676545,0.112775482237,0.125094279647,-0.104333095253,-0.296809911728,-0.307782649994,-0.211015909910,-0.125395551324,-0.182692438364,-0.216925501823,-0.248690396547,-0.177037507296,-0.057970736176,0.014431524090,0.201513528824,0.298138499260,0.267882764339,0.265498310328,0.328790158033,0.424168586731,0.403792768717,0.283363252878,0.112789265811,-0.104532524943,-0.280051708221,-0.381842821836,-0.621201038361,-0.779898166656,-0.648225486279,-0.703013479710,-0.728022634983,-0.588964402676,-0.493391543627,-0.187818020582,0.026747088879,0.122083634138,0.265662729740,0.365266144276,0.537820398808,0.586227774620,0.567616462708,0.590686857700,0.506809651852,0.320823043585,0.161658093333,0.114322751760,-0.039646945894,-0.157438054681,-0.308087825775,-0.592041254044,-0.445005297661,-0.186740919948,-0.071361370385,0.071158833802,-0.038483567536,-0.020608205348,0.211659148335,0.253454387188,0.202828913927,0.142293095589,0.177403241396,0.364638894796,0.503690183163,0.465220272541,0.459909081459,0.500033080578,0.394888252020,0.311016231775,0.149507328868,-0.094974830747,-0.160173252225,-0.234729111195,-0.381889522076,-0.461233705282,-0.591176092625,-0.757114410400,-0.689056813717,-0.553064465523,-0.502871811390,-0.314402043819,-0.146987989545,-0.067147672176,0.055922452360,0.246980100870,0.392031192780,0.366620808840,0.413936614990,0.440453082323,0.452633976936,0.463245272636,0.163344457746,-0.046849284321,-0.164044827223,-0.315191209316,-0.249519228935,-0.283531129360,-0.357143849134,-0.410045057535,-0.574188470840,-0.584700942039,-0.472504109144,-0.371957004070,-0.331784576178,-0.269037663937,-0.114422902465,0.043718934059,0.246741414070,0.345448106527,0.332195430994,0.360306024551,0.423550158739,0.575849294662,0.532242715359,0.227204889059,0.098223879933,0.120465055108,0.036690212786,-0.203906118870,-0.417543023825,-0.494831025600,-0.617862641811,-0.634647548199,-0.449447721243,-0.261180698872,-0.086874015629,0.035308118910,0.181855022907,0.328089505434,0.451627016068,0.675080776215,0.732816994190,0.673708200455,0.679352462292,0.580667614937,0.467730849981,0.347472220659,0.172597602010,-0.029082655907,-0.243713840842,-0.349282115698,-0.486690044403,-0.529604256153,-0.345614552498,-0.371494054794,-0.431543201208,-0.348976463079,-0.415380984545,-0.323331803083,-0.107952006161,-0.032880716026,0.123220689595,0.247008636594,0.345607370138,0.462906032801,0.427660048008,0.480686575174,0.509337007999,0.319881618023,0.252830624580,0.149273574352,-0.157918989658,-0.337838768959,-0.497173309326,-0.709293365479,-0.703784763813,-0.591918647289,-0.559096872807,-0.537495911121,-0.483316034079,-0.336644589901,-0.073007844388,0.075424976647,0.036223385483,0.054496504366,0.124325580895,0.187394440174,0.311037570238,0.417214989662,0.464658290148,0.438591390848,0.349821388721,0.222923487425,0.082616962492,-0.025970421731,-0.071365423501,-0.054370462894,-0.221729502082,-0.400350570679,-0.358973562717,-0.358951628208,-0.307167500257,-0.367874383926,-0.458163350821,-0.233727172017,-0.196243718266,-0.189186275005,0.006567187607,0.108937673271,0.299116581678,0.384729534388,0.446817427874,0.608346283436,0.556868076324,0.513325929642,0.408830434084,0.236949548125,0.204831540585,0.099558129907,-0.059598844498,-0.282295644283,-0.505978286266,-0.575179576874,-0.523843109608,-0.503416121006,-0.503701090813,-0.196405366063,-0.029606791213,-0.081876210868,0.167408451438,0.289740651846,0.361622780561,0.509555339813,0.449218600988,0.497369557619,0.507053494453,0.366174310446,0.284537643194,0.085111550987,-0.150546982884,-0.278051346540,-0.353862971067,-0.419821381569,-0.551663219929,-0.519525766373,-0.406697154045,-0.583236932755,-0.586586058140,-0.419665366411,-0.388515204191,-0.152140066028,-0.012807726860,0.054740600288,0.293764501810,0.364697962999,0.458431541920,0.505466282368,0.381207883358,0.357234507799,0.308561056852,0.243719935417,0.246358335018,0.111766465008,-0.101331695914,-0.161900296807,-0.274128556252,-0.365019470453,-0.305232256651,-0.389143586159,-0.220678389072,0.041743129492,0.041970886290,0.232710242271,0.246189430356,0.137072861195,0.256349474192,0.298527449369,0.354447960854,0.454286694527,0.582160949707,0.632094204426,0.596937298775,0.546785175800,0.268078416586,-0.004963845946,-0.141499981284,-0.152919232845,-0.071867808700,-0.193756327033,-0.381681531668,-0.458267718554,-0.472389727831,-0.490942835808,-0.572085738182,-0.602568030357,-0.519040405750,-0.430327534676,-0.364860564470,-0.208838358521,-0.135937422514,-0.106166422367,0.076562553644,0.134410798550,0.239014342427,0.395715504885,0.300362318754,0.251364082098,0.152531102300,-0.105630956590,-0.313209384680,-0.519476234913,-0.616877257824,-0.595510423183,-0.565383255482,-0.527200222015,-0.486896008253,-0.296327978373,-0.116092830896,-0.189249530435,-0.110598891973,0.129310250282,0.255331188440,0.497622519732,0.628412604332,0.589834690094,0.627466380596,0.553379893303,0.548658728600,0.431899398565,0.048633776605,-0.060541085899,-0.119676299393,-0.243984147906,-0.275983005762,-0.425424754620,-0.413391143084,-0.251223504543,-0.255511283875,-0.328384757042,-0.328609257936,-0.205625891685,-0.050978854299,0.062234882265,0.096968963742,0.145615071058,0.310505598783,0.433538794518,0.405349940062,0.297261238098,0.236143082380,0.150375530124,0.068267151713,0.012916996144,-0.152207106352,-0.236926317215,-0.330565273762,-0.483039736748,-0.544871687889,-0.623089134693,-0.535546243191,-0.431062817574,-0.333011746407,-0.087212421000,-0.083907179534,-0.055670760572,0.129375949502,0.224282294512,0.364450871944,0.459351927042,0.523323774338,0.454063057899,0.383349120617,0.473417967558,0.248659044504,0.000723482633,-0.000557921594,-0.106829196215,-0.189311176538,-0.228434130549,-0.344251155853,-0.370251148939,-0.279543906450,-0.271242231131,-0.295086801052,-0.290319204330,-0.381406664848,-0.347583472729,-0.160444945097,-0.048321008682,0.015845589340,0.100240781903,0.214047610760,0.203048408031,0.169943124056,0.263346046209,0.298622936010,0.318402320147,0.288089156151,0.121000178158,-0.035480175167,-0.176510185003,-0.309519857168,-0.407430022955,-0.481973677874,-0.467430144548,-0.415353924036,-0.373668640852,-0.215217024088,-0.055608924478,0.084321841598,0.274110853672,0.272848933935,0.322486191988,0.498635649681,0.501561164856,0.580712914467,0.600074172020,0.467388868332,0.434623390436,0.275718063116,0.061466321349,-0.058325380087,-0.109548218548,-0.132577165961,-0.277446091175,-0.375452339649,-0.410450577736,-0.412492990494,-0.350820869207,-0.310441911221,-0.258610606194,-0.246462672949,-0.101818479598,-0.010809290223,0.003716963343,0.361138880253,0.470091968775,0.383865982294,0.501316905022,0.401783019304,0.373247832060,0.362649977207,0.113071739674,-0.093103706837,-0.353264182806,-0.579594790936,-0.723054409027,-0.895361125469,-0.907326281071,-0.750377595425,-0.642287373543,-0.571484088898,-0.426571041346,-0.249086052179,0.014689260162,0.145780101418,0.177889779210,0.392714083195,0.467204183340,0.526392042637,0.622439444065,0.514995813370,0.534964263439,0.586478292942,0.404594540596,0.204046651721,0.059469088912,-0.159330770373,-0.182966321707,-0.080853782594,-0.194581061602,-0.117009535432,-0.038498342037,-0.103300563991,-0.061268310994,-0.200291350484,-0.150107383728,0.064188562334,0.191971212626,0.353473484516,0.257642269135,0.279620587826,0.403778910637,0.341824352741,0.393554508686,0.409249484539,0.273525297642,0.059085555375,-0.015441715717,-0.081524975598,-0.265793532133,-0.435514390469,-0.811861634254,-0.908032715321,-0.826264083385,-0.851734161377,-0.571320712566,-0.442227214575,-0.282100975513,-0.016257451847,0.106465168297,0.395123094320,0.348354399204,0.240562379360,0.425248652697,0.516234159470,0.673830568790,0.654381394386,0.422532796860,0.197373092175,-0.100758478045,-0.338646501303,-0.450644582510,-0.480569094419,-0.510857641697,-0.535079538822,-0.602671325207,-0.518987894058,-0.289399832487,-0.288912415504,-0.223905533552,-0.182740181684,-0.104180291295,0.265979319811,0.310914188623,0.465634703636,0.750880718231,0.464044392109,0.477283149958,0.560040593147,0.195363387465,0.327650249004,0.356050372124,-0.083402737975,-0.165217772126,-0.317476183176,-0.564322292805,-0.514064729214,-0.566359937191,-0.696450054646,-0.648827075958,-0.492002964020,-0.260951101780,0.036138530821,0.177085056901,0.197913944721,0.383206903934,0.519450426102,0.515880584717,0.617989122868,0.689787685871,0.571255385876,0.462043911219,0.444232881069,0.412019580603,0.294053107500,-0.010867756791,-0.299587994814,-0.367566734552,-0.396211534739,-0.417485982180,-0.337184906006,-0.319549918175,-0.410087853670,-0.328948169947,-0.292779564857,-0.342938035727,-0.135474056005,0.000685156789,0.031058793887,0.049733299762,0.081364154816,0.289699107409,0.403694123030,0.437684893608,0.388871490955,0.292833745480,0.254147648811,0.161130696535,0.053278662264,-0.195701405406,-0.243744730949,-0.263196736574,-0.647801816463,-0.741507709026,-0.666806340218,-0.599496304989,-0.412563771009,-0.285636007786,-0.152386710048,-0.172201901674,-0.071250267327,0.120834119618,0.103788554668,0.204026222229,0.283027648926,0.439411073923,0.629861950874,0.539671063423,0.462840974331,0.306039214134,0.102558270097,-0.026300020516,-0.262929141521,-0.340368777514,-0.279639035463,-0.411910086870,-0.459871321917,-0.389970451593,-0.546556532383,-0.400499016047,-0.027727222070,-0.110715642571,-0.017120324075,0.257264733315,0.197159588337,0.378204494715,0.678772747517,0.548753976822,0.480935424566,0.617761611938,0.523733615875,0.479410648346,0.502526819706,0.310728907585,0.056238498539,-0.228586405516,-0.311342656612,-0.372501701117,-0.713950455189,-0.769615113735,-0.584685206413,-0.552597105503,-0.325022488832,-0.007133505773,0.067521922290,0.201357901096,0.283134698868,0.285907983780,0.454367727041,0.491694450378,0.533026099205,0.558298230171,0.401225239038,0.326120138168,0.222228676081,0.117205232382,-0.081438824534,-0.440988481045,-0.593989074230,-0.528724193573,-0.425466150045,-0.427981108427,-0.463755428791,-0.447855651379,-0.433302372694,-0.515123367310,-0.630937993526,-0.405251026154,-0.162200361490,-0.099271625280,0.070804223418,0.159885406494,0.277345150709,0.364478021860,0.409647077322,0.605624914169,0.529438316822,0.372156709433,0.423655420542,0.343499243259,0.175888583064,0.080375447869,-0.100526221097,-0.367928326130,-0.359374254942,-0.279427587986,-0.352135032415,-0.181218177080,-0.018609443679,0.037922516465,0.168967977166,0.152492612600,0.206297218800,0.372147262096,0.488293677568,0.450386792421,0.380249679089,0.544449806213,0.553687036037,0.522885203362,0.468905776739,0.150865495205,-0.057018510997,-0.303965747356,-0.414055228233,-0.387655049562,-0.497920334339,-0.438607931137,-0.414161741734,-0.377584010363,-0.494955748320,-0.597050189972,-0.206075713038,-0.155533179641,-0.153935909271,0.047616679221,-0.076841950417,0.049435686320,0.328470170498,0.529888629913,0.508724629879,0.208340048790,0.189769461751,0.138268902898,-0.055764652789,-0.184969067574,-0.290774703026,-0.507054090500,-0.788169264793,-0.585102558136,-0.612114906311,-0.764003336430,-0.355686366558,-0.340871125460,-0.331056028605,-0.057587496936,0.065126359463,0.357410222292,0.429521888494,0.427275985479,0.502580404282,0.485053479671,0.644165456295,0.631145179272,0.548332571983,0.506294727325,0.188363179564,-0.029753580689,-0.171480581164,-0.319007903337,-0.261465191841,-0.257735878229,-0.322211772203,-0.292040675879,-0.243041500449,-0.279745101929,-0.272084176540,-0.122001230717,-0.051112033427,0.030149446800,0.207380250096,0.325624704361,0.363523066044,0.364703118801,0.475804924965,0.537996470928,0.459199070930,0.394627034664,0.245226413012,0.127032458782,0.060850467533,-0.142081558704,-0.365579456091,-0.488813698292,-0.552314579487,-0.552454054356,-0.475970774889,-0.365546703339,-0.110431119800,0.015191813931,-0.077869229019,0.040131669492,0.074274495244,0.157529622316,0.406552225351,0.290076911449,0.255894899368,0.344949901104,0.344648331404,0.429044514894,0.278225094080,0.068102799356,-0.095780059695,-0.190336525440,-0.190157055855,-0.404720306396,-0.434797346592,-0.384694576263,-0.468904554844,-0.415831387043,-0.438612937927,-0.404066026211,-0.416521281004,-0.432863742113,-0.204839661717,-0.082234434783,0.137607246637,0.287889599800,0.292880892754,0.419849693775,0.235440641642,0.167872026563,0.317201942205,0.288214772940,0.302676171064,0.114175438881,-0.067009992898,-0.112005017698,-0.265196502209,-0.389639854431,-0.624798238277,-0.681020855904,-0.447738379240,-0.269958674908,-0.104410834610,0.044952504337,0.184217840433,0.307861387730,0.466797471046,0.545377969742,0.549196958542,0.713397979736,0.697391211987,0.625878810883,0.598177194595,0.391319274902,0.336863517761,0.186709389091,-0.067394100130,-0.162178963423,-0.276044994593,-0.354203939438,-0.456728518009,-0.371149539948,-0.291413754225,-0.402188718319,-0.284910827875,-0.251544743776,-0.218970507383,-0.073276281357,-0.050634294748,0.066346935928,0.145358696580,0.261332333088,0.395304948092,0.349707692862,0.300284206867,0.193871989846,0.149950683117,0.109166406095,-0.022741558030,-0.077420555055,-0.302522391081,-0.555173575878,-0.602327108383,-0.565257251263,-0.457440048456,-0.383062362671,-0.206896483898,-0.028467122465,-0.027218742296,0.092131190002,0.228623524308,0.285966902971,0.309041291475,0.241394236684,0.312588065863,0.443778067827,0.519397497177,0.603515505791,0.535796225071,0.340834051371,0.157368436456,0.021586747840,-0.132253810763,-0.226779416203,-0.185634970665,-0.175209224224,-0.240055143833,-0.338732510805,-0.215677574277,-0.023618914187,-0.098479881883,-0.127650320530,-0.112937621772,-0.059685189277,0.071127042174,0.150329872966,0.247848078609,0.172151789069,0.161617562175,0.289395898581,0.195938453078,0.075746402144,-0.044269986451,-0.138686642051,-0.261386960745,-0.543131172657,-0.724581360817,-0.830857276917,-0.839740157127,-0.801557660103,-0.814623534679,-0.636446952820,-0.428416490555,-0.230723604560,0.019482962787,0.113298170269,0.191398099065,0.283301830292,0.384232461452,0.555612146854,0.590477287769,0.543031275272,0.527540028095,0.484932631254,0.346782803535,0.111515261233,-0.063908793032,-0.249916717410,-0.443360805511,-0.418190181255,-0.336140930653,-0.335994005203,-0.308677345514,-0.278978884220,-0.261979788542,-0.244373247027,-0.183887287974,-0.068945556879,0.093228220940,0.321706265211,0.421215772629,0.421039432287,0.434042572975,0.329597145319,0.295257329941,0.410993516445,0.419189751148,0.284959197044,0.119923822582,-0.045384135097,-0.206155106425,-0.339679151773,-0.505959033966,-0.678023278713,-0.761312842369,-0.747554242611,-0.595091998577,-0.426866352558,-0.260023504496,0.002052955097,0.149419441819,0.243442356586,0.344868898392,0.302920162678,0.350388735533,0.491803050041,0.555936992168,0.558063089848,0.461810916662,0.339336842299,0.130602821708,-0.141119152308,-0.276823997498,-0.362607657909,-0.372935116291,-0.254102647305,-0.286935746670,-0.426089763641,-0.309923171997,-0.226755782962,-0.371454805136,-0.299457103014,-0.212590485811,-0.176011964679,0.060764580965,0.108002118766,0.155919045210,0.322704672813,0.337474673986,0.383516818285,0.290096372366,0.188631787896,0.217872947454,0.108279392123,0.055951520801,-0.050867084414,-0.271383672953,-0.410513460636,-0.585679471493,-0.656978189945,-0.569558143616,-0.510683476925,-0.454980939627,-0.228436559439,0.005608262494,-0.049461007118,0.026176907122,0.301205992699,0.289475023746,0.297410160303,0.460229784250,0.495781451464,0.563214004040,0.543045520782,0.384546518326,0.294417560101,0.022221151739,-0.208380192518,-0.177189067006,-0.216695785522,-0.214427903295,-0.296640038490,-0.423831433058,-0.301993489265,-0.330949217081,-0.423984378576,-0.356941163540,-0.318584948778,-0.212810248137,0.015050890855,0.248831734061,0.347742050886,0.416695117950,0.453297972679,0.437031954527,0.572552382946,0.633333742619,0.531567513943,0.342026650906,0.174757435918,0.071768350899,-0.195844069123,-0.334900438786,-0.499308824539,-0.793022036552,-0.744183242321,-0.698960781097,-0.603607594967,-0.327953845263,-0.220845445991,-0.052233126014,0.076249249279,0.048704929650,0.162193104625,0.331917613745,0.408655643463,0.427912294865,0.425500154495,0.357743084431,0.238587856293,0.143769085407,0.027680441737,-0.136136621237,-0.304648846388,-0.393906891346,-0.343530833721,-0.310534298420,-0.363214671612,-0.340935289860,-0.280601412058,-0.311083078384,-0.350294589996,-0.279481321573,-0.175752252340,-0.058533873409,0.118281975389,0.266361624002,0.415746599436,0.501399934292,0.518322050571,0.583422422409,0.588169515133,0.605337440968,0.555624485016,0.345819562674,0.212692424655,0.050186660141,-0.119023069739,-0.253364264965,-0.538080751896,-0.695463359356,-0.644075393677,-0.467433303595,-0.205982893705,-0.112411163747,-0.019684068859,0.093002997339,0.200171232224,0.360457241535,0.299206137657,0.363072514534,0.574040591717,0.643309712410,0.669903755188,0.463704943657,0.325431317091,0.151721790433,-0.129460111260,-0.085987403989,-0.318446129560,-0.596955955029,-0.463964670897,-0.447061598301,-0.458758085966,-0.422961920500,-0.446848839521,-0.533324599266,-0.596522331238,-0.480262696743,-0.401127189398,-0.293281525373,-0.038121994585,0.141228124499,0.187357187271,0.146156996489,0.182302355766,0.302402943373,0.314215064049,0.276970863342,0.212658628821,0.071062430739,-0.024612648413,-0.159533351660,-0.363537192345,-0.441432058811,-0.485443443060,-0.489449143410,-0.441159218550,-0.368022620678,-0.236273080111,-0.201487213373,-0.064224682748,0.046214219183,0.014817562886,0.164413392544,0.262016505003,0.453522533178,0.636713564396,0.519557178020,0.526014447212,0.447063058615,0.346170216799,0.274800926447,-0.052071541548,-0.185433238745,-0.300475537777,-0.357265144587,-0.267368555069,-0.377387464046,-0.204333007336,-0.103911384940,-0.217445984483,-0.179214745760,-0.317071259022,-0.226257577538,-0.028486140072,0.055655043572,0.215363785625,0.221531838179,0.340843737125,0.398144692183,0.315029770136,0.291355878115,0.197860240936,0.224913209677,0.149056658149,-0.024030044675,-0.144242152572,-0.320609897375,-0.318457037210,-0.320230394602,-0.418127983809,-0.458913892508,-0.473326027393,-0.378636538982,-0.294066846371,-0.192425772548,0.002155693714,0.070171572268,0.068148836493,0.121683366597,0.162991121411,0.189524978399,0.269733548164,0.442532241344,0.523144662380,0.383744150400,0.234883919358,0.094758629799,-0.117684058845,-0.249781683087,-0.344051361084,-0.413447976112,-0.306478649378,-0.312519341707,-0.492971122265,-0.414146155119,-0.332450568676,-0.387803792953,-0.254088163376,-0.194750472903,-0.067528493702,0.192104920745,0.242405235767,0.428810268641,0.524805068970,0.362333983183,0.334529876709,0.226949423552,0.134271711111,0.153179436922,0.099899798632,0.049830466509,-0.027905870229,-0.163615778089,-0.405390322208,-0.549302816391,-0.496105790138,-0.455262631178,-0.276547580957,-0.086494997144,-0.019294880331,0.118074879050,0.218163534999,0.246253490448,0.238726109266,0.306856632233,0.476418823004,0.475012868643,0.396431714296,0.378126174212,0.349865972996,0.241118714213,-0.030849253759,-0.197259366512,-0.219870626926,-0.313135296106,-0.285350680351,-0.222429975867,-0.244427308440,-0.171044901013,-0.171848148108,-0.241473942995,-0.245942652225,-0.355114728212,-0.432670205832,-0.269839078188,-0.020093897358,0.116672828794,0.133819699287,0.113942421973,0.113552398980,0.194188371301,0.202137902379,0.119942434132,0.123855590820,0.022476103157,-0.125436887145,-0.225476488471,-0.440664887428,-0.593221664429,-0.707233786583,-0.704365313053,-0.503672003746,-0.374563992023,-0.210759073496,-0.083638146520,0.007083623204,0.205403789878,0.335108667612,0.416527867317,0.430521130562,0.456874638796,0.544862031937,0.669593691826,0.712574481964,0.446342587471,0.289349406958,0.229813858867,0.104581519961,0.103193372488,-0.049260698259,-0.148614987731,-0.161739051342,-0.261966079473,-0.160143271089,-0.089226394892,-0.181559264660,-0.207896798849,-0.149952322245,-0.116476230323,-0.058110784739,0.055004455149,0.083036109805,0.193909853697,0.372165292501,0.485187172890,0.445218175650,0.282760560513,0.242632761598,0.097243234515,0.018160000443,-0.062957011163,-0.416515618563,-0.520638823509,-0.665811002254,-0.816832482815,-0.708964407444,-0.754379093647,-0.611456274986,-0.358909547329,-0.280916303396,-0.181047990918,-0.059283349663,0.102847076952,0.208718597889,0.355282247066,0.454316049814,0.470540583134,0.641419291496,0.650659084320,0.491495639086,0.308703064919,0.069295860827,-0.106838144362,-0.345822513103,-0.538630068302,-0.519876778126,-0.427260279655,-0.419405907393,-0.446678757668,-0.302126616240,-0.142220243812,-0.024871250615,0.088913723826,0.128206595778,0.287593543530,0.430314987898,0.445434898138,0.509235441685,0.482071608305,0.425831079483,0.399780571461,0.316947430372,0.358861565590,0.302957028151,0.014771721326,-0.158698320389,-0.289621531963,-0.385461509228,-0.386875033379,-0.490586280823,-0.577024221420,-0.506205618382,-0.206099927425,0.054950013757,0.090730145574,0.386921495199,0.521999955177,0.256699591875,0.438745468855,0.636898458004,0.377157390118,0.401223063469,0.582255542278,0.310396015644,0.136784538627,0.280560791492,-0.021974237636,-0.311425775290,-0.133149102330,-0.308168828487,-0.571337759495,-0.433925777674,-0.430573552847,-0.492821246386,-0.354071319103,-0.288366347551,-0.256904661655,-0.222585439682,-0.250221073627,-0.078033037484,0.043651491404,0.120433278382,0.406491339207,0.358977019787,0.230009838939,0.254686325788,0.167165666819,0.235174834728,0.132447987795,-0.071744158864,-0.118301235139,-0.299952298403,-0.405814558268,-0.535800814629,-0.691084325314,-0.698626756668,-0.660216689110,-0.475436955690,-0.385493665934,-0.380903273821,-0.262282013893,-0.025879578665,0.250143557787,0.280332684517,0.327618926764,0.407270342112,0.446420699358,0.628641963005,0.615125417709,0.548181414604,0.490757316351,0.333558589220,0.175904676318,-0.116322867572,-0.237802073359,-0.300508260727,-0.426637977362,-0.364520430565,-0.324294120073,-0.300172775984,-0.311125576496,-0.268420726061,-0.224035814404,-0.269115209579,-0.084833025932,0.040905032307,0.149514958262,0.341163426638,0.330779850483,0.364397823811,0.387179583311,0.425528049469,0.513082027435,0.439288645983,0.374577432871,0.249551832676,0.024687094614,-0.195022940636,-0.436250001192,-0.623603045940,-0.694642424583,-0.702024042606,-0.720638334751,-0.602326810360,-0.425826013088,-0.254928201437,-0.032721281052,0.057994611561,0.313874542713,0.481835275888,0.396030932665,0.667036294937,0.625367105007,0.387875348330,0.627551615238,0.464206516743,0.095973297954,0.035095147789,-0.178951352835,-0.418445199728,-0.581750512123,-0.701632201672,-0.564081430435,-0.447999507189,-0.475106924772,-0.330567151308,-0.263975977898,-0.284294366837,-0.037402838469,0.072464995086,0.053152944893,0.244714185596,0.293611437082,0.359041124582,0.520893335342,0.459742903709,0.583478093147,0.685164451599,0.512823104858,0.610786616802,0.552452027798,0.251895070076,0.219723418355,0.015653481707,-0.192835003138,-0.303648322821,-0.636479318142,-0.524830162525,-0.292724311352,-0.381463795900,-0.149699240923,0.046308100224,0.069660998881,0.236155956984,0.259877175093,0.314131826162,0.447425484657,0.440430581570,0.559298992157,0.755206763744,0.664488554001,0.495982676744,0.323794245720,0.002945251763,-0.085756249726,-0.167928457260,-0.417069256306,-0.457538068295,-0.516226530075,-0.556951105595,-0.613175213337,-0.686489164829,-0.557230114937,-0.577422082424,-0.496264755726,-0.205293953419,-0.154374867678,-0.132146522403,0.098662346601,0.301997035742,0.270485222340,0.261291474104,0.257630676031,0.171168327332,0.212672203779,0.091285236180,-0.113025471568,-0.189700618386,-0.296229422092,-0.354304790497,-0.522530972958,-0.672854244709,-0.659671306610,-0.606582939625,-0.346376478672,-0.089346274734,0.049613025039,0.131091609597,0.181103214622,0.392565906048,0.519129216671,0.519624948502,0.535336136818,0.527901470661,0.717894434929,0.821246087551,0.612001478672,0.490224242210,0.274170547724,-0.048063054681,-0.103114083409,-0.238347440958,-0.385712534189,-0.197505190969,-0.068557344377,-0.117480866611,-0.150521919131,-0.131500020623,-0.196831822395,-0.350576013327,-0.270523339510,-0.162772014737,-0.088497988880,0.170077025890,0.369479238987,0.468949019909,0.469334900379,0.434497535229,0.428452968597,0.436956554651,0.413403332233,0.171784996986,0.048251308501,-0.026451425627,-0.300709426403,-0.414022386074,-0.494377166033,-0.610132217407,-0.567099869251,-0.535746872425,-0.489120006561,-0.241159632802,-0.045933444053,-0.021329894662,0.102873750031,0.157565608621,0.116345666349,0.249761834741,0.423993617296,0.589272677898,0.642360210419,0.558521986008,0.561891317368,0.348784089088,-0.004149799235,-0.052937258035,-0.158167049289,-0.326978921890,-0.316381156445,-0.380905121565,-0.375272393227,-0.336014032364,-0.390125423670,-0.316465377808,-0.439329862595,-0.599336922169,-0.352788388729,-0.152281537652,0.006761571392,0.215053200722,0.177192032337,0.219318181276,0.366348862648,0.455163866282,0.554840981960,0.479673743248,0.350225716829,0.193909853697,0.025614168495,-0.104997113347,-0.378036350012,-0.530115783215,-0.590506434441,-0.647376060486,-0.601450443268,-0.489223986864,-0.237755760550,-0.134096831083,0.076348394156,0.353628218174,0.261872410774,0.381020605564,0.594198644161,0.668775975704,0.706039190292,0.697425305843,0.820524632931,0.637834727764,0.489274054766,0.424735218287,0.050350502133,-0.070530176163,-0.339528650045,-0.547342181206,-0.420724898577,-0.615453004837,-0.598685443401,-0.467478424311,-0.571940660477,-0.516127407551,-0.251620292664,-0.083344765007,-0.164096564054,0.101579956710,0.377638816833,0.314613848925,0.446207821369,0.417358845472,0.277361631393,0.273147225380,0.177822306752,0.003811827628,-0.163111358881,-0.236653223634,-0.348038196564,-0.401313751936,-0.527157425880,-0.788126289845,-0.793248355389,-0.709162235260,-0.523620545864,-0.264487117529,-0.200647979975,-0.106557995081,0.041135404259,0.122528553009,0.317643076181,0.598746299744,0.689146995544,0.699163258076,0.762046456337,0.816316962242,0.874818384647,0.688299298286,0.379612624645,0.305611878633,0.119704991579,-0.208402022719,-0.238684460521,-0.194324299693,-0.276558458805,-0.247796535492,-0.087771020830,-0.022587031126,-0.180119320750,-0.195944681764,-0.064141049981,-0.078672401607,0.024230439216,0.163894847035,0.244303181767,0.326331317425,0.302027046680,0.352845966816,0.332338243723,0.212038919330,0.097664803267,-0.104341685772,-0.170368194580,-0.339060425758,-0.589232385159,-0.587932169437,-0.644043624401,-0.703493416309,-0.644452512264,-0.549363851547,-0.457370162010,-0.265090912580,0.102689757943,0.116921924055,0.054826810956,0.273947179317,0.285972952843,0.261010438204,0.284145921469,0.322274565697,0.303787559271,0.053171161562,0.100104942918,0.172704443336,-0.111804626882,-0.242911964655,-0.336188465357,-0.471308261156,-0.427199661732,-0.287292689085,-0.154437497258,-0.083301283419,-0.012263691984,0.021136157215,0.025582034141,0.032161023468,-0.009951605462,0.056515131146,0.177828297019,0.201029896736,0.326488584280,0.499498754740,0.352218747139,0.173295527697,0.226896271110,0.093936964869,-0.019717829302,0.000452861859,-0.225266247988,-0.275699377060,-0.208417758346,-0.399914085865,-0.446437448263,-0.457544296980,-0.495462268591,-0.228358805180,0.037393629551,0.179605260491,0.361193925142,0.332912623882,0.246244922280,0.437381803989,0.503422737122,0.422612130642,0.477001279593,0.420958161354,0.341825813055,0.307116538286,0.220149204135,0.139579832554,-0.044274520129,-0.182559251785,-0.234349027276,-0.323253273964,-0.317500174046,-0.285535514355,-0.240511879325,-0.090678878129,-0.087448231876,-0.233565211296,-0.216349035501,-0.248262301087,-0.313941746950,-0.111557900906,-0.054179884493,-0.079099401832,0.168600633740,0.329788625240,0.368132472038,0.315983623266,0.062358818948,-0.040453590453,0.031179143116,-0.040163930506,-0.240975975990,-0.408529430628,-0.535045444965,-0.767747163773,-0.810353815556,-0.583825767040,-0.543745815754,-0.436814427376,-0.214350879192,-0.134879395366,0.074593454599,0.301727086306,0.355212450027,0.376646965742,0.462649047375,0.524895966053,0.583773136139,0.680455207825,0.494262009859,0.273357361555,0.133539691567,-0.151122793555,-0.210568577051,-0.264108508825,-0.407430261374,-0.415824025869,-0.462961047888,-0.314199656248,-0.146851897240,-0.169484153390,-0.196877360344,-0.223767727613,-0.071281097829,0.140104174614,0.299156129360,0.430632561445,0.552288353443,0.639199078083,0.505768418312,0.522472143173,0.606284022331,0.480546444654,0.348318785429,0.072044461966,-0.129973009229,-0.242281079292,-0.431383728981,-0.601762592793,-0.813286721706,-0.790375828743,-0.716631770134,-0.681757450104,-0.492584079504,-0.422509253025,-0.226877331734,0.055508028716,0.212353184819,0.376092731953,0.358690679073,0.348346710205,0.479295521975,0.562426626682,0.556368112564,0.435674577951,0.276584059000,0.117765106261,-0.026789929718,-0.254586547613,-0.439201265574,-0.440366983414,-0.527639329433,-0.486646920443,-0.363452374935,-0.455468475819,-0.400376260281,-0.351214379072,-0.346631169319,-0.081410340965,0.054379846901,0.136159107089,0.386074930429,0.469688862562,0.529901862144,0.720756649971,0.777814745903,0.704194784164,0.614237844944,0.460076659918,0.272473037243,0.095479354262,-0.111712366343,-0.291987508535,-0.474871635437,-0.707269787788,-0.765271782875,-0.718885898590,-0.709471166134,-0.522179841995,-0.293281286955,-0.070687368512,0.184193044901,0.270241826773,0.386747717857,0.438831537962,0.437612861395,0.581657886505,0.544160008430,0.530341506004,0.473179757595,0.230099126697,0.172275021672,-0.066548794508,-0.345493793488,-0.455165535212,-0.732457041740,-0.728060185909,-0.568024098873,-0.611253082752,-0.467175364494,-0.312741518021,-0.292904525995,-0.195860326290,-0.169072404504,-0.053416829556,0.246136963367,0.367618322372,0.429284512997,0.512938737869,0.493423461914,0.501179754734,0.435259193182,0.317633301020,0.228910386562,0.136145785451,0.059260863811,-0.124098107219,-0.306523114443,-0.451262980700,-0.549134075642,-0.620777368546,-0.745166242123,-0.590184688568,-0.449998885393,-0.428274691105,-0.095453262329,0.062071658671,0.069220870733,0.252266645432,0.285465836525,0.299195110798,0.399347126484,0.495321393013,0.613698661327,0.663553714752,0.588026225567,0.337014496326,0.089898817241,-0.079764261842,-0.351306170225,-0.579728484154,-0.543920516968,-0.346968472004,-0.322972238064,-0.397730529308,-0.423975348473,-0.491346508265,-0.352411955595,-0.246619105339,-0.363294392824,-0.252124726772,-0.070667162538,0.001033702865,0.142063677311,0.309362649918,0.380236893892,0.361233443022,0.321112543344,0.277264177799,0.289358764887,0.237790927291,0.120619975030,-0.008052794263,-0.219787612557,-0.357760071754,-0.458592236042,-0.509275734425,-0.535957872868,-0.644571661949,-0.594232261181,-0.399009406567,-0.267187118530,-0.211134657264,0.038294699043,0.272992104292,0.202983006835,0.337399214506,0.486807405949,0.476630508900,0.620398461819,0.587136387825,0.426914393902,0.309904426336,0.137730747461,-0.065645381808,-0.279943883419,-0.377813935280,-0.415581256151,-0.420605331659,-0.480195343494,-0.547520875931,-0.421556055546,-0.384742856026,-0.431526482105,-0.402148306370,-0.321370989084,-0.134549990296,0.048330165446,0.148861601949,0.241985440254,0.382534503937,0.417902529240,0.454690903425,0.531772434711,0.425839692354,0.324370443821,0.176304206252,-0.006035929080,-0.124765865505,-0.377028435469,-0.572524487972,-0.680713593960,-0.750598251820,-0.691998422146,-0.662016034126,-0.553722262383,-0.230940997601,-0.006071744021,0.022619385272,0.169582739472,0.343301683664,0.372568696737,0.438259691000,0.547776758671,0.655290484428,0.720600724220,0.593944430351,0.327414482832,0.273598402739,0.259272783995,0.007189546712,-0.152209132910,-0.348197788000,-0.473244011402,-0.413574635983,-0.466659814119,-0.387887895107,-0.391454339027,-0.418859153986,-0.388010114431,-0.484282881021,-0.311881959438,-0.212093889713,-0.056781165302,0.194871023297,0.171719029546,0.396878898144,0.448493331671,0.326980054379,0.381953418255,0.309159159660,0.345199912786,0.196886762977,0.004288551398,-0.063914462924,-0.367958933115,-0.512329041958,-0.640875041485,-0.746207475662,-0.623101294041,-0.614659190178,-0.470307081938,-0.165332123637,0.029749693349,0.131244704127,0.209275692701,0.380486041307,0.550710856915,0.731527745724,0.830111861229,0.820782184601,0.851118266582,0.745503544807,0.677749335766,0.520249962807,0.172739475965,0.011205749586,-0.237810924649,-0.370492994785,-0.330138087273,-0.333199530840,-0.151348218322,-0.290655255318,-0.494612306356,-0.464058458805,-0.480903357267,-0.239979952574,-0.173341736197,-0.126664727926,0.208469420671,0.254147797823,0.352034300566,0.490210086107,0.385794371367,0.310189664364,0.190394163132,0.087022088468,-0.091915749013,-0.416092365980,-0.507287681103,-0.567082703114,-0.770897150040,-0.763494193554,-0.750257849693,-0.777171730995,-0.592636704445,-0.456459522247,-0.261385709047,-0.065713658929,-0.014053347521,0.205846175551,0.361282587051,0.411983042955,0.441008388996,0.413275182247,0.502694427967,0.481230199337,0.398577064276,0.347260773182,0.232872590423,0.065743796527,-0.226503401995,-0.299966990948,-0.254513114691,-0.317142874002,-0.240618884563,-0.188505202532,-0.114552699029,-0.060679908842,-0.176568835974,-0.159039154649,-0.085956826806,-0.079964093864,0.005078687798,0.246032342315,0.441719025373,0.428090721369,0.524999797344,0.621864497662,0.536413073540,0.505857288837,0.401674479246,0.259382158518,0.158462092280,-0.009974460118,-0.108797863126,-0.216836571693,-0.333374589682,-0.415270268917,-0.509154438972,-0.422148525715,-0.325679898262,-0.252440124750,-0.052187532187,0.025470515713,0.044628195465,0.102868296206,0.177790448070,0.312650948763,0.370695948601,0.417884916067,0.472775250673,0.441023796797,0.336482912302,0.158434048295,0.013408812694,-0.179947569966,-0.343689352274,-0.346811950207,-0.464409917593,-0.501464009285,-0.372543036938,-0.343233287334,-0.249727547169,-0.185684442520,-0.213240370154,-0.227420553565,-0.261090815067,-0.097551360726,0.075243391097,0.086388789117,0.177092343569,0.233335569501,0.252943456173,0.297435998917,0.329476743937,0.318788170815,0.105501741171,-0.071989528835,-0.183961108327,-0.393924385309,-0.478958040476,-0.586237490177,-0.763928651810,-0.737630724907,-0.575842678547,-0.441864758730,-0.280531972647,-0.057345986366,0.072302706540,0.214014619589,0.368929415941,0.439158260822,0.601400256157,0.653742074966,0.579614400864,0.553884923458,0.503827452660,0.501157701015,0.394879639149,0.159187510610,-0.083682328463,-0.309502393007,-0.393588602543,-0.463664412498,-0.511537253857,-0.383371919394,-0.243834480643,-0.249204859138,-0.299508064985,-0.288439512253,-0.177514478564,-0.044672157615,-0.017678434029,0.164539441466,0.398470789194,0.462097853422,0.556004643440,0.475945532322,0.399033099413,0.451111137867,0.313609957695,0.158793464303,-0.043292164803,-0.188424736261,-0.188835546374,-0.331977814436,-0.501196801662,-0.605550408363,-0.599030435085,-0.536372423172,-0.498399257660,-0.366728901863,-0.226130425930,-0.036883369088,0.162143528461,0.252086251974,0.279804348946,0.299893766642,0.423993051052,0.483811497688,0.495936036110,0.535552680492,0.387885868549,0.193579703569,-0.027088049799,-0.269867002964,-0.354455381632,-0.412295073271,-0.419362515211,-0.337219536304,-0.292765349150,-0.282876372337,-0.329565703869,-0.325459569693,-0.183970510960,-0.067729495466,0.016662852839,0.159863740206,0.334880590439,0.473195850849,0.576213717461,0.717472851276,0.706967413425,0.569616019726,0.654837250710,0.708337903023,0.512057006359,0.270111143589,-0.073738105595,-0.365684658289,-0.359427124262,-0.496937066317,-0.806239306927,-0.649933934212,-0.538908600807,-0.723512768745,-0.421443283558,-0.155022561550,-0.104192711413,0.315623909235,0.488156497478,0.428659528494,0.568951427937,0.567782104015,0.520797252655,0.522008299828,0.458738744259,0.390646189451,0.233806625009,-0.039049111307,-0.257004588842,-0.348228454590,-0.490872830153,-0.642698407173,-0.653933465481,-0.600999474525,-0.545656263828,-0.459941715002,-0.278764575720,-0.197445333004,-0.185421645641,-0.023333139718,0.027760777622,0.053696881980,0.127860993147,0.153111517429,0.373649418354,0.373602122068,0.173722088337,0.246368318796,0.192334994674,0.146365612745,0.199570849538,0.036702070385,-0.066886559129,-0.217417463660,-0.411027312279,-0.401875704527,-0.483682364225,-0.539729118347,-0.344845294952,-0.226497560740,-0.145143404603,0.102143131196,0.215307846665,0.265292286873,0.427926510572,0.362222582102,0.336937427521,0.585058808327,0.642802059650,0.607632398605,0.617390751839,0.531681358814,0.501438736916,0.357202082872,0.025589533150,-0.163966804743,-0.262401640415,-0.291789144278,-0.194680169225,-0.154439419508,-0.130526617169,-0.134274721146,-0.114532656968,0.017027424648,0.031735595316,0.047430444509,0.110999926925,0.154438346624,0.277942448854,0.321277290583,0.366153925657,0.367133051157,0.275158017874,0.404124110937,0.458718925714,0.205050438643,-0.005999587942,-0.094200447202,-0.273991078138,-0.494688928127,-0.518153369427,-0.572824418545,-0.717209935188,-0.633214950562,-0.555456280708,-0.506944835186,-0.338397532701,-0.204299703240,0.111634537578,0.378946185112,0.374823212624,0.489967823029,0.562311291695,0.569128990173,0.666181564331,0.638300836086,0.506789088249,0.300051480532,-0.028115527704,-0.287254154682,-0.328373044729,-0.498292803764,-0.627517461777,-0.417610615492,-0.547132015228,-0.627336800098,-0.307133972645,-0.346171706915,-0.351446181536,-0.244310930371,-0.321906387806,-0.058472059667,0.248484492302,0.350550770760,0.541944026947,0.624531805515,0.634400784969,0.625326633453,0.541197836399,0.491637229919,0.321198791265,0.127456113696,0.008288175799,-0.199720650911,-0.334393948317,-0.372522234917,-0.484750479460,-0.578101873398,-0.466548085213,-0.335015803576,-0.247646182775,0.044349271804,0.216413453221,0.292468667030,0.476782649755,0.481288194656,0.489021658897,0.450265437365,0.449791908264,0.599360764027,0.437799721956,0.356206297874,0.407948076725,0.200109735131,0.091638311744,-0.008294465020,-0.256598830223,-0.399407148361,-0.472418904305,-0.500304400921,-0.387869238853,-0.321364104748,-0.340516865253,-0.292814165354,-0.325558781624,-0.230198681355,-0.001839406090,-0.080944128335,-0.080636121333,0.125546425581,0.223934024572,0.373621523380,0.421070069075,0.288823127747,0.221140652895,0.201855733991,0.103164613247,-0.100595399737,-0.235006108880,-0.259726911783,-0.265224963427,-0.348076969385,-0.549300730228,-0.630774199963,-0.664390325546,-0.685442805290,-0.407561391592,-0.171943888068,-0.073556736112,0.215102449059,0.456524223089,0.524696469307,0.547494471073,0.784821927547,0.992370784283,0.867357969284,1.002370357513,0.967635393143,0.637746036053,0.622100293636,0.285492002964,-0.235671654344,-0.448596119881,-0.449938625097,-0.447390884161,-0.521582603455,-0.382747709751,-0.432336986065,-0.389086216688,-0.085709959269,-0.180861040950,-0.164087548852,0.007897893898,0.058303091675,0.225246176124,0.357701390982,0.406835794449,0.424913078547,0.385803550482,0.227824106812,0.141747906804,0.157828822732,0.045151237398,-0.105925299227,-0.314418047667,-0.430630981922,-0.459397166967,-0.582455158234,-0.604162871838,-0.668762028217,-0.676220893860,-0.410140573978,-0.251496285200,-0.133458495140,0.121505968273,0.254636436701,0.342074781656,0.367037385702,0.285345613956,0.373162180185,0.385751694441,0.364418029785,0.469151943922,0.291722804308,0.135746136308,0.107343457639,-0.103772915900,-0.165881156921,-0.153854504228,-0.277668148279,-0.246361985803,-0.100326851010,-0.036255743355,0.003749988042,-0.034156884998,-0.101006947458,-0.095051579177,-0.153433635831,-0.147537425160,-0.017573928460,0.147111758590,0.351523637772,0.367394328117,0.290077418089,0.323633611202,0.384312689304,0.392945349216,0.335938930511,0.324576884508,0.213666051626,0.005799039733,-0.042920786887,-0.071071274579,-0.313987791538,-0.483945637941,-0.326406627893,-0.354528814554,-0.305834263563,0.081533186138,0.018330765888,-0.023953216150,0.216546416283,0.183403968811,0.339390695095,0.514071404934,0.350848168135,0.478262007236,0.655185103416,0.370229542255,0.319370537996,0.346851140261,-0.105647332966,-0.203940182924,-0.223190963268,-0.549855411053,-0.444711893797,-0.360114425421,-0.391378968954,-0.233089432120,-0.284026145935,-0.360935211182,-0.339662343264,-0.336363434792,-0.297189265490,-0.147502794862,0.102181158960,0.180012121797,0.291624903679,0.447406202555,0.333962023258,0.340138733387,0.356840074062,0.247850745916,0.257224500179,0.106169492006,-0.109428495169,-0.349591195583,-0.611184597015,-0.707251489162,-0.668920159340,-0.483545184135,-0.462577700615,-0.337967038155,-0.054516684264,0.017031287774,0.198345988989,0.289676368237,0.400788247585,0.527180373669,0.429040819407,0.549882113934,0.545404970646,0.529816389084,0.550481677055,0.222130268812,0.121126018465,0.027073547244,-0.135995373130,-0.170679420233,-0.357547223568,-0.382726490498,-0.368893980980,-0.299291104078,-0.116778254509,-0.166383862495,-0.268058925867,-0.364244937897,-0.295082360506,-0.098883755505,0.052241351455,0.207799896598,0.280756384134,0.438395023346,0.452287524939,0.347872048616,0.311602264643,0.125336378813,0.078686095774,0.043078474700,-0.151644095778,-0.388771086931,-0.580902934074,-0.568808019161,-0.682115852833,-0.683650374413,-0.532216012478,-0.582300484180,-0.469213604927,-0.213614955544,0.040776152164,0.186855763197,0.294184714556,0.432942062616,0.420198827982,0.549959242344,0.586389958858,0.526087164879,0.545217216015,0.281643778086,0.115276940167,0.024156633765,-0.128001630306,-0.195576593280,-0.399267643690,-0.457564830780,-0.428821623325,-0.398348480463,-0.252043932676,-0.284061759710,-0.230688273907,-0.097512677312,-0.071673475206,0.098741024733,0.271236330271,0.419782817364,0.543002665043,0.556114435196,0.647704005241,0.776327908039,0.781733930111,0.682605028152,0.542662024498,0.357006222010,0.198887869716,0.016282301396,-0.250479072332,-0.395295321941,-0.539957880974,-0.688652098179,-0.672202169895,-0.721640586853,-0.769113242626,-0.607688963413,-0.352230131626,-0.115896001458,0.023014156148,0.123283915222,0.335440933704,0.410721838474,0.333433181047,0.446549981833,0.407635718584,0.311301916838,0.349313586950,0.111476510763,-0.033494904637,-0.175857514143,-0.488152354956,-0.575485348701,-0.680216133595,-0.724250853062,-0.693085312843,-0.685929775238,-0.501947462559,-0.305508762598,-0.107225969434,-0.010490581393,-0.032548766583,0.050989899784,0.110171668231,0.199236541986,0.348212957382,0.343873441219,0.284717381001,0.282336652279,0.245803058147,0.190109103918,0.212831601501,0.191289782524,-0.060903411359,-0.245750993490,-0.248481661081,-0.356996238232,-0.412071138620,-0.507585108280,-0.626496613026,-0.464875608683,-0.352462768555,-0.173791512847,0.031797189265,0.112443752587,0.380749076605,0.455960124731,0.536842823029,0.695787012577,0.540408313274,0.589195370674,0.711712300777,0.638283610344,0.445535063744,0.123022347689,-0.056399308145,-0.167634010315,-0.214865624905,-0.357005536556,-0.541559815407,-0.368260234594,-0.296864211559,-0.299352467060,-0.160041302443,-0.189011052251,-0.281408607960,-0.338408529758,-0.136041268706,0.113958716393,0.106298163533,0.214957475662,0.329522579908,0.321464538574,0.335412621498,0.413260579109,0.410584598780,0.213583484292,0.182427674532,0.115717738867,-0.100366540253,-0.202330589294,-0.491793900728,-0.708132803440,-0.722743868828,-0.856207728386,-0.813556075096,-0.670196056366,-0.615841209888,-0.496230244637,-0.263813912868,0.066068172455,0.255492150784,0.387929886580,0.494094192982,0.420371234417,0.515381276608,0.587096154690,0.467836707830,0.469451040030,0.291055619717,0.036977019161,-0.050551164895,-0.275988459587,-0.452160626650,-0.471352159977,-0.493214309216,-0.401396512985,-0.281610816717,-0.277583628893,-0.239139750600,-0.188349023461,-0.233325421810,-0.141019433737,-0.044465444982,0.002791949781,0.297977447510,0.452275902033,0.398371696472,0.372044116259,0.347977191210,0.429038137197,0.360900968313,0.249210149050,0.187472850084,-0.023454645649,-0.103683039546,-0.188021332026,-0.313685297966,-0.330069571733,-0.471392810345,-0.577797770500,-0.506973922253,-0.429528892040,-0.301391392946,-0.009602013975,0.165847852826,0.239201143384,0.462108463049,0.459854871035,0.339082330465,0.383678436279,0.441957175732,0.438268274069,0.212367221713,0.135391205549,0.097718283534,-0.193803861737,-0.233690693974,-0.356652379036,-0.486763566732,-0.442055016756,-0.636553466320,-0.623736441135,-0.584040582180,-0.533695459366,-0.330478549004,-0.336081385612,-0.253512799740,-0.269846528769,-0.164162680507,-0.000757529517,-0.096959173679,0.203065186739,0.288946479559,0.206872180104,0.412565320730,0.310494184494,0.214187189937,0.074377499521,-0.095832481980,-0.124199569225,-0.295647948980,-0.360283404589,-0.507118880749,-0.607445597649,-0.524905264378,-0.598054111004,-0.550388038158,-0.359811961651,-0.006289031357,0.254420131445,0.325237005949,0.534901499748,0.538539886475,0.651437819004,0.844030559063,0.758298933506,0.822849452496,0.746103048325,0.576468527317,0.454991251230,0.196952983737,0.097852423787,-0.063624814153,-0.287263363600,-0.452458888292,-0.516000986099,-0.266920864582,-0.173670068383,-0.212620377541,-0.180084064603,-0.294368177652,-0.352604657412,-0.254237860441,-0.080625474453,-0.000281280896,-0.030025850981,-0.054154857993,-0.094564706087,-0.043269328773,0.050183784217,0.064113408327,-0.005928044673,-0.040326062590,-0.127591475844,-0.336597293615,-0.313284814358,-0.289550691843,-0.460874706507,-0.604394853115,-0.786684989929,-0.831813573837,-0.703270733356,-0.573549807072,-0.356218487024,-0.119532965124,-0.070490002632,-0.036848355085,0.138512760401,0.218472361565,0.289270609617,0.391893446445,0.469900906086,0.630939126015,0.599651932716,0.413276076317,0.287900507450,0.125215247273,-0.027598932385,-0.117786429822,-0.131476581097,-0.163555473089,-0.299526661634,-0.304550439119,-0.179295584559,-0.206768676639,-0.252213239670,-0.267853289843,-0.333250373602,-0.243139281869,-0.120248414576,0.046361710876,0.238576218486,0.289647042751,0.389707952738,0.355060338974,0.324590355158,0.353651165962,0.183695748448,0.189971387386,0.162011846900,0.008945545182,-0.069629669189,-0.260909110308,-0.444608956575,-0.617873430252,-0.635704159737,-0.578317224979,-0.555488646030,-0.394257992506,-0.311433464289,-0.164698958397,-0.018740974367,0.052383389324,0.274494111538,0.420153796673,0.487993687391,0.536893427372,0.640183210373,0.663293957710,0.507283270359,0.424809545279,0.212435752153,0.018313340843,-0.123635418713,-0.345514684916,-0.387562274933,-0.401666492224,-0.306344687939,-0.246100306511,-0.233085975051,-0.133777096868,-0.343043982983,-0.283953607082,-0.044256281108,-0.137711450458,-0.047257728875,0.063128449023,0.173283711076,0.284763514996,0.232574924827,0.321931064129,0.317596256733,0.231869935989,0.099087148905,-0.149489030242,-0.184832587838,-0.276661306620,-0.443606406450,-0.569432854652,-0.756084382534,-0.676884531975,-0.540343165398,-0.486184805632,-0.308528840542,-0.181729927659,-0.080239258707,-0.006015597843,0.046869300306,0.156443193555,0.248648300767,0.397334188223,0.444880694151,0.364700496197,0.341112196445,0.269575089216,0.288552135229,0.290046900511,0.074232339859,-0.035708621144,-0.220359727740,-0.507210254669,-0.450691163540,-0.320057481527,-0.268566071987,-0.193288132548,-0.163139119744,-0.061405848712,-0.056713916361,-0.081425696611,-0.007093681023,0.013781432994,0.217219129205,0.266995638609,0.058906532824,0.133039683104,0.226057052612,0.200581237674,0.220543384552,0.271881550550,0.203148618340,-0.055830940604,-0.183512821794,-0.281675904989,-0.402111947536,-0.523082494736,-0.756082892418,-0.828288912773,-0.820754945278,-0.712905883789,-0.516323685646,-0.377837002277,-0.174414873123,-0.080900877714,0.162658423185,0.415288418531,0.357713043690,0.455548703671,0.538729548454,0.529654443264,0.501178741455,0.377596318722,0.252267330885,0.002798218513,-0.162712186575,-0.350815683603,-0.450458675623,-0.307777106762,-0.400257885456,-0.335030049086,-0.191174075007,-0.230481445789,-0.108535274863,-0.137368798256,-0.086343541741,0.061725419015,0.051364708692,0.259939044714,0.387299418449,0.444101363420,0.596801161766,0.580035030842,0.606368303299,0.547565519810,0.291540712118,0.131838008761,0.035714805126,-0.086579516530,-0.202881067991,-0.333499372005,-0.510478675365,-0.559832930565,-0.515534460545,-0.529872536659,-0.416410744190,-0.252875357866,-0.150292858481,0.024682343006,0.153441622853,0.151629626751,0.169129177928,0.184156164527,0.187770932913,0.316685289145,0.380175203085,0.316494882107,0.178401306272,-0.079492084682,-0.113809764385,-0.092649191618,-0.335162967443,-0.546484649181,-0.604093670845,-0.462521463633,-0.353640556335,-0.349188506603,-0.214306071401,-0.220023527741,-0.290417790413,-0.262116491795,-0.246178969741,-0.175751551986,-0.116016633809,0.046033523977,0.192280024290,0.178870603442,0.315314173698,0.487883865833,0.513837933540,0.447994917631,0.376329749823,0.289934575558,0.114109382033,0.017626233399,-0.145554244518,-0.391116678715,-0.502678632736,-0.650382936001,-0.699298858643,-0.590529799461,-0.492470413446,-0.286126703024,-0.026614723727,0.110736750066,0.148187533021,0.271597474813,0.438765883446,0.450738787651,0.454262435436,0.567485868931,0.631589949131,0.590607941151,0.542009294033,0.482632517815,0.387047827244,0.167933329940,-0.177775278687,-0.293415129185,-0.258057028055,-0.316786140203,-0.309019684792,-0.335634768009,-0.343935936689,-0.304436415434,-0.403604179621,-0.402581036091,-0.349753588438,-0.277962177992,-0.011934455484,0.218155339360,0.447268486023,0.614165425301,0.562479197979,0.582727968693,0.564523756504,0.364120215178,0.196957454085,0.028471034020,-0.169411510229,-0.334638595581,-0.477158576250,-0.572988390923,-0.620538771152,-0.680727720261,-0.724910795689,-0.598223447800,-0.384473323822,-0.213808789849,-0.017917260528,0.147381886840,0.304157704115,0.458983719349,0.535334169865,0.569484353065,0.478831350803,0.527674496174,0.755920946598,0.625987946987,0.331038832664,0.076430030167,-0.211736917496,-0.386995941401,-0.550239205360,-0.487330436707,-0.364220768213,-0.551979124546,-0.527987599373,-0.347206056118,-0.326678693295,-0.251765817404,-0.201954454184,-0.105173103511,0.200551047921,0.376096099615,0.467587918043,0.710270285606,0.558397829533,0.406827330589,0.650698065758,0.417560458183,0.345121592283,0.446280956268,-0.012187052518,-0.039525929838,-0.028157582507,-0.388020187616,-0.456470966339,-0.582775413990,-0.691961467266,-0.640021800995,-0.578272461891,-0.329246133566,-0.044722285122,-0.011968225241,0.055963393301,0.384407877922,0.515228271484,0.530797660351,0.597233891487,0.650803089142,0.740766167641,0.614113569260,0.546890914440,0.416173756123,0.052081912756,-0.111834280193,-0.324005097151,-0.506772994995,-0.558586061001,-0.622045516968,-0.492830514908,-0.401333987713,-0.449546277523,-0.408007413149,-0.375798583031,-0.362586408854,-0.130949616432,-0.031539723277,-0.083697304130,0.150204643607,0.282682389021,0.383484780788,0.533300817013,0.410201042891,0.341446042061,0.282081842422,0.157687023282,0.153385773301,0.046579886228,-0.204914778471,-0.393940985203,-0.544487655163,-0.614171683788,-0.466673254967,-0.374488770962,-0.297257006168,-0.069434300065,0.050114590675,0.196036338806,0.351785808802,0.415743261576,0.576889693737,0.663433432579,0.686523735523,0.700415790081,0.668056190014,0.706678986549,0.626615703106,0.471896022558,0.303038656712,-0.025579286739,-0.277195394039,-0.498914450407,-0.681975245476,-0.508689045906,-0.343129187822,-0.329760700464,-0.233038753271,-0.304976403713,-0.294569641352,-0.063805244863,-0.083079114556,-0.100417554379,0.010613364168,-0.029849370942,-0.012283718213,0.179779604077,0.205229356885,0.135108739138,0.264704108238,0.222695648670,0.123291783035,0.167327225208,0.063850976527,-0.032588765025,-0.215794384480,-0.304017245770,-0.274370193481,-0.557901918888,-0.658417463303,-0.578353583813,-0.616730630398,-0.437421470881,-0.172906845808,-0.030499296263,0.061400480568,0.146561920643,0.180599287152,0.202824249864,0.400743514299,0.507868587971,0.440147191286,0.579993844032,0.647901237011,0.489150583744,0.355455458164,0.201688587666,0.078195944428,-0.160535976291,-0.358489662409,-0.282004565001,-0.250930845737,-0.207430854440,-0.241224616766,-0.315661638975,-0.314803719521,-0.495989650488,-0.407376736403,-0.121411234140,-0.038603354245,0.158369600773,0.347215592861,0.338259756565,0.358504444361,0.521358788013,0.543701350689,0.403902739286,0.283960223198,0.227576181293,0.308012366295,0.082425057888,-0.139561995864,-0.124337553978,-0.446550697088,-0.492624074221,-0.341107010841,-0.465906828642,-0.389230012894,-0.222624987364,-0.042991973460,0.129544854164,0.182709977031,0.128990963101,0.097143135965,0.331555783749,0.486035257578,0.555338084698,0.592265367508,0.412886232138,0.347263872623,0.265384435654,0.170688942075,0.126534000039,-0.171091452241,-0.304389595985,-0.274005204439,-0.445939660072,-0.471522301435,-0.283421844244,-0.233171254396,-0.401705890894,-0.441630810499,-0.301600337029,-0.329131454229,-0.261154234409,0.009600261226,0.075245134532,0.076325424016,0.226873606443,0.363167554140,0.341647446156,0.274138003588,0.277283489704,0.230085581541,0.179447978735,0.082049109042,0.010822272860,-0.041444595903,-0.401631712914,-0.458290964365,-0.311713874340,-0.502735733986,-0.266468405724,0.003917397466,-0.103421553969,0.082243189216,0.251249253750,0.218449816108,0.343007743359,0.471139729023,0.414930224419,0.502236664295,0.765519917011,0.833163261414,0.773693859577,0.575830280781,0.280745595694,0.118221871555,-0.050339475274,-0.158453300595,-0.185295477509,-0.267855882645,-0.225574240088,-0.159889608622,-0.183540761471,-0.249738737941,-0.444435477257,-0.401531308889,-0.148806095123,-0.156164884567,-0.059214729816,0.184422537684,0.193654105067,0.210359647870,0.358620613813,0.466221034527,0.446329087019,0.377904236317,0.267697125673,0.055736619979,-0.145409405231,-0.255322962999,-0.263082355261,-0.386017799377,-0.582338988781,-0.599609255791,-0.635857999325,-0.575644314289,-0.284403651953,-0.123181506991,-0.083342038095,0.034588016570,0.115380100906,0.166981980205,0.304037898779,0.400125265121,0.455265611410,0.487504005432,0.465916723013,0.488177061081,0.401082187891,0.192308649421,-0.057655006647,-0.254116177559,-0.276626288891,-0.424813985825,-0.498588860035,-0.275355309248,0.018933411688,0.258650749922,0.222305789590,0.236767515540,0.237945631146,0.017881179228,0.122448198497,0.383183568716,0.495290040970,0.477043479681,0.448629587889,0.423606812954,0.233977541327,0.191496074200,0.151512280107,0.037995249033,0.039180777967,-0.086427316070,-0.124724447727,-0.175612226129,-0.396224141121,-0.459725528955,-0.464375853539,-0.474475473166,-0.375958383083,-0.191309809685,-0.108564928174,-0.021628469229,0.159114271402,0.115308828652,0.164489582181,0.265041470528,0.140229731798,0.218793466687,0.165491789579,-0.003300646320,0.130706548691,0.147815585136,0.069856405258,-0.069168396294,-0.272163867950,-0.274844408035,-0.254781931639,-0.314515173435,-0.395477205515,-0.355940818787,-0.253298878670,-0.215353727341,-0.161188408732,-0.218245968223,-0.268763750792,-0.291624665260,-0.271608829498,-0.040898706764,0.083517432213,0.149886652827,0.289626657963,0.367056548595,0.424102514982,0.319644302130,0.169140413404,0.146973982453,0.090753428638,0.061484139413,0.005449590273,-0.254330605268,-0.430374354124,-0.448714971542,-0.515341281891,-0.461908429861,-0.335645943880,-0.247063368559,-0.104318283498,0.006443589460,0.134347617626,0.250392168760,0.337508380413,0.467687398195,0.553821742535,0.703765332699,0.773046672344,0.594092428684,0.469339966774,0.342154800892,0.066860437393,-0.124379709363,-0.303478688002,-0.531662285328,-0.503924846649,-0.291436612606,-0.173749953508,-0.113244205713,-0.025420803577,-0.041229631752,-0.138070642948,-0.054301366210,0.109754785895,0.237217977643,0.317033648491,0.323342740536,0.369360864162,0.312292188406,0.301197677851,0.380540400743,0.268811672926,0.183999836445,0.029539532959,-0.219299942255,-0.389492839575,-0.549790382385,-0.536104679108,-0.591027379036,-0.712307095528,-0.713545143604,-0.770377933979,-0.563378334045,-0.223272293806,-0.046915341169,0.158331975341,0.213924556971,0.163394093513,0.262381911278,0.414074033499,0.559699952602,0.633003473282,0.481035232544,0.324644029140,0.380791544914,0.310996085405,0.067167013884,-0.126586407423,-0.344384282827,-0.464007824659,-0.455312430859,-0.515019357204,-0.501179039478,-0.396757662296,-0.362758815289,-0.216263622046,-0.088920190930,-0.106458410621,0.066545635462,0.175660595298,0.179047003388,0.290292352438,0.273081421852,0.392882168293,0.505218505859,0.362826019526,0.375339686871,0.386124610901,0.283823370934,0.259892225266,0.230908527970,0.066131271422,-0.163488864899,-0.363430947065,-0.546705842018,-0.596681356430,-0.630157947540,-0.640633702278,-0.505849361420,-0.332880586386,-0.082314990461,0.126194968820,0.324005037546,0.463032960892,0.430312246084,0.506637632847,0.594147086143,0.585208594799,0.507769763470,0.454455286264,0.417782783508,0.116525046527,-0.122149750590,-0.280195832253,-0.525720477104,-0.472397774458,-0.370194166899,-0.451373308897,-0.476977378130,-0.504833102226,-0.518395543098,-0.463538169861,-0.444593340158,-0.370638519526,-0.235958784819,-0.143839910626,0.011080170982,0.265068888664,0.433205813169,0.439939886332,0.536764860153,0.611815631390,0.491376906633,0.435608983040,0.248062178493,-0.021431798115,-0.093028709292,-0.246085479856,-0.499460339546,-0.747594356537,-0.814605951309,-0.621807515621,-0.450206220150,-0.211587533355,0.092680178583,0.282879114151,0.395482838154,0.440304487944,0.567226171494,0.673159837723,0.651557326317,0.726169347763,0.736203193665,0.671601176262,0.585989296436,0.329286664724,0.150754898787,-0.046573407948,-0.386002749205,-0.571466386318,-0.596976161003,-0.573322534561,-0.561150133610,-0.474992573261,-0.356440335512,-0.306574255228,-0.341482341290,-0.555374979973,-0.575168967247,-0.341849774122,-0.212093278766,-0.093404307961,-0.006938269828,0.056068908423,0.196649566293,0.239317446947,0.162074282765,0.162174925208,0.200384333730,0.130591914058,0.079149052501,0.063981510699,-0.070007793605,-0.348041206598,-0.581162750721,-0.646411240101,-0.683818340302,-0.596919357777,-0.428839057684,-0.330620348454,-0.200988069177,-0.122405633330,0.051727026701,0.212741002440,0.205354243517,0.430739820004,0.534107446671,0.465133786201,0.651214063168,0.702128887177,0.715993762016,0.696140170097,0.364356458187,0.072541244328,-0.143167763948,-0.187575519085,-0.130570709705,-0.252494782209,-0.317222297192,-0.397353410721,-0.460886597633,-0.325484961271,-0.240031376481,-0.226874053478,-0.177666217089,-0.103471681476,0.048639923334,0.222524031997,0.325190544128,0.411273628473,0.420022010803,0.356387048960,0.300077438354,0.200562670827,0.161243498325,0.089587897062,-0.038305971771,-0.130409806967,-0.404791891575,-0.635037958622,-0.666161298752,-0.652138829231,-0.541763484478,-0.548040628433,-0.598346590996,-0.434214264154,-0.247795000672,-0.125497102737,0.012660627253,0.124050937593,0.157542556524,0.229269146919,0.420739829540,0.557234227657,0.544770240784,0.515121996403,0.443818122149,0.307512849569,0.154280200601,-0.064012102783,-0.183029428124,-0.322001278400,-0.550749361515,-0.534072935581,-0.436696171761,-0.379118829966,-0.320423364639,-0.311556696892,-0.341353595257,-0.284077972174,-0.034031704068,-0.001266866457,0.026375006884,0.134072974324,0.091096162796,0.259311407804,0.188814193010,0.194307163358,0.378998458385,0.130170002580,0.187021777034,0.147430375218,-0.064476124942,-0.038503874093,-0.285886496305,-0.281752318144,-0.361407071352,-0.630948245525,-0.571266829967,-0.557180047035,-0.305252671242,-0.129934698343,-0.070854321122,0.166209414601,0.123846746981,0.187204912305,0.259827911854,0.296622693539,0.516056537628,0.482257395983,0.468162119389,0.467953354120,0.331199556589,0.220059067011,0.057065404952,-0.056225713342,-0.176180392504,-0.181825369596,-0.065931402147,-0.102527029812,-0.187427222729,-0.176533460617,-0.211099684238,-0.429725259542,-0.473940610886,-0.400230586529,-0.389685124159,-0.189296931028,-0.127351850271,-0.097783610225,0.125729739666,0.216840028763,0.246078088880,0.187409132719,0.144585743546,0.171232253313,0.053879704326,0.050081387162,0.082556188107,-0.112638376653,-0.329226285219,-0.445605248213,-0.517251491547,-0.560823202133,-0.523035585880,-0.492722362280,-0.386827409267,-0.074195891619,0.051447831094,0.025994751602,0.181392759085,0.256896615028,0.218420013785,0.341328173876,0.433606088161,0.402839273214,0.484088301659,0.401787161827,0.219695329666,0.176439955831,-0.096705876291,-0.283234626055,-0.223773136735,-0.208118900657,-0.119443349540,-0.044807106256,0.081879571080,0.136285334826,0.032541058958,0.036761350930,-0.032783914357,-0.064564011991,0.017503632233,0.094687417150,0.228446424007,0.178372904658,0.196971699595,0.366542041302,0.302727222443,0.242328673601,0.260704755783,0.247236952186,0.256051808596,0.158451363444,-0.082852452993,-0.216146901250,-0.308781564236,-0.585276067257,-0.613104641438,-0.519951283932,-0.623631238937,-0.444539785385,-0.257416874170,-0.275071471930,-0.160129740834,-0.155089095235,-0.201866209507,-0.130088329315,-0.059164915234,0.082496576011,0.172068521380,0.149164810777,0.151956126094,0.177532732487,0.146349847317,-0.014787115157,-0.178867667913,-0.281427472830,-0.344159036875,-0.266030579805,-0.217318713665,-0.214650750160,-0.148751229048,-0.257107108831,-0.327199667692,-0.301164180040,-0.383254915476,-0.276997506618,-0.130487412214,-0.033984061331,0.066522687674,0.056429527700,0.212345674634,0.364772379398,0.384658694267,0.378141254187,0.288360565901,0.289382129908,0.226560488343,0.079747900367,-0.093629918993,-0.350609183311,-0.399974137545,-0.352711707354,-0.284384369850,-0.195113793015,-0.257772505283,-0.242890253663,-0.146682217717,-0.006392114796,0.251620501280,0.358091711998,0.291201204062,0.321240782738,0.432479947805,0.491777211428,0.527787804604,0.468394845724,0.366465896368,0.282390207052,0.075419411063,-0.133495256305,-0.254947662354,-0.313854843378,-0.326409846544,-0.284893155098,-0.264066159725,-0.350293397903,-0.249550864100,-0.214613318443,-0.376604855061,-0.291716247797,-0.243001714349,-0.183558717370,0.045644905418,0.170364141464,0.229100048542,0.244955986738,0.245165184140,0.104729421437,0.102442428470,0.197830051184,-0.003211878473,0.000514002983,-0.108570858836,-0.429531574249,-0.549037516117,-0.716050624847,-0.676149845123,-0.627819836140,-0.622079849243,-0.481055498123,-0.321060925722,-0.021394560114,0.085886530578,0.232199966908,0.310776233673,0.216028675437,0.424745053053,0.410746872425,0.360956817865,0.407145977020,0.284079909325,0.214243248105,0.047570399940,-0.040378011763,-0.191006436944,-0.372742980719,-0.401018977165,-0.453408747911,-0.348950147629,-0.322511702776,-0.232798352838,-0.096123099327,-0.160368576646,-0.150605395436,-0.211044356227,-0.137099370360,-0.001555527677,0.053608331829,0.238612294197,0.304373383522,0.354160517454,0.369273155928,0.362065017223,0.352194786072,0.315559893847,0.347239315510,0.132054790854,0.108542189002,0.163036376238,-0.098013445735,-0.232991367579,-0.497506171465,-0.600037336349,-0.536459326744,-0.468519598246,-0.079483203590,-0.093476258218,0.081366963685,0.532090783119,0.307340919971,0.347682654858,0.558188915253,0.447105824947,0.527374029160,0.692065238953,0.648464143276,0.400805681944,0.342702746391,0.113548517227,-0.302342981100,-0.305675208569,-0.466987758875,-0.672158658504,-0.563714742661,-0.504216551781,-0.495849370956,-0.392682075500,-0.189110055566,-0.280911922455,-0.280716598034,0.059852831066,0.118185669184,0.163357287645,0.213125497103,0.254279315472,0.453335553408,0.426584035158,0.332256406546,0.261159449816,0.183499723673,0.101718261838,-0.037962507457,-0.062256325036,-0.196274951100,-0.402108728886,-0.452059835196,-0.400342464447,-0.282867610455,-0.277926415205,-0.214514821768,-0.031074348837,0.021570470184,0.146866485476,0.432288438082,0.602438569069,0.574347972870,0.508174240589,0.461772680283,0.489808619022,0.626000642776,0.599768877029,0.390595376492,0.186333566904,0.019039513543,-0.089205078781,-0.263144254684,-0.468847453594,-0.516520738602,-0.453119426966,-0.373180091381,-0.325983345509,-0.327868849039,-0.358696550131,-0.376393169165,-0.319883078337,-0.235093966126,-0.203688248992,-0.172409564257,-0.107205018401,-0.067283131182,-0.019039072096,0.069510534406,0.166706725955,0.249846905470,0.244637787342,0.164249628782,0.060581546277,-0.094119302928,-0.182534739375,-0.149651736021,-0.222652569413,-0.436007887125,-0.539500892162,-0.536652326584,-0.570107638836,-0.471578061581,-0.217986658216,-0.085778117180,-0.053076453507,0.075268819928,0.315043210983,0.363985955715,0.237878650427,0.518363177776,0.754299640656,0.572537124157,0.680640459061,0.614510476589,0.179994985461,0.173141479492,0.105796262622,-0.232214719057,-0.310861915350,-0.382027983665,-0.382988780737,-0.245733827353,-0.323356062174,-0.287098109722,-0.220656529069,-0.341715961695,-0.231610521674,-0.100024521351,-0.014279577881,0.218460753560,0.275921374559,0.310118943453,0.506566405296,0.459751456976,0.453425765038,0.708876907825,0.519909977913,0.313137322664,0.333061754704,-0.055380627513,-0.231243625283,-0.317411571741,-0.551865696907,-0.479391902685,-0.616948127747,-0.637302696705,-0.419316560030,-0.373905181885,-0.143576756120,0.048095442355,0.235875740647,0.424677401781,0.363523513079,0.389582902193,0.461136430502,0.515661478043,0.599981546402,0.569780051708,0.428167790174,0.311499089003,0.223182588816,-0.000065330583,-0.198013037443,-0.327711522579,-0.418907076120,-0.338298112154,-0.325586259365,-0.389613658190,-0.376241832972,-0.386392503977,-0.339625090361,-0.303739607334,-0.348554462194,-0.180543094873,-0.040513250977,-0.188781350851,-0.076217420399,0.214346453547,0.229140982032,0.193281888962,0.216076180339,0.226979136467,0.240598559380,0.275953561068,0.168645262718,-0.103525280952,-0.256351381540,-0.339974969625,-0.347595304251,-0.362847894430,-0.486039966345,-0.450378477573,-0.377825587988,-0.233975395560,-0.013793306425,0.105208203197,0.281220167875,0.283314853907,0.309791952372,0.527195930481,0.471778094769,0.413057774305,0.516717970371,0.554498970509,0.464705556631,0.403142184019,0.394147187471,0.061942923814,-0.157639935613,-0.118343733251,-0.310071170330,-0.355209678411,-0.229025736451,-0.276377260685,-0.350703269243,-0.285606592894,-0.246345400810,-0.329023391008,-0.121346831322,0.117671370506,0.148791477084,0.350686639547,0.491183578968,0.534718573093,0.543995618820,0.537723243237,0.485626369715,0.262802004814,0.241841375828,0.118558950722,-0.106834448874,-0.138540849090,-0.345942944288,-0.510522961617,-0.642413377762,-0.769286930561,-0.721945106983,-0.623455166817,-0.376206815243,-0.125257924199,0.067273609340,0.190309002995,0.258768945932,0.449411451817,0.606772363186,0.675850510597,0.660913050175,0.600440025330,0.513143420219,0.312433958054,0.183076992631,0.109491221607,-0.060071904212,-0.176019489765,-0.183201134205,-0.233347639441,-0.254117339849,-0.166679337621,-0.054895143956,0.092128127813,0.113319076598,0.099129088223,0.140516757965,0.053940761834,0.052187535912,0.046337973326,0.085265956819,0.353090047836,0.391583979130,0.319586127996,0.337042331696,0.248380020261,0.229464471340,0.293774098158,0.262138545513,0.075792253017,-0.129848986864,-0.186114594340,-0.270114332438,-0.434624850750,-0.503100335598,-0.492175489664,-0.452147156000,-0.379820972681,-0.290770560503,-0.200615629554,-0.095394879580,0.039908364415,0.093921802938,0.050337724388,0.144752800465,0.391695320606,0.450198024511,0.367958754301,0.463547438383,0.476245462894,0.305079549551,0.207693397999,0.017173284665,-0.183382108808,-0.232621192932,-0.300460189581,-0.299114853144,-0.324643403292,-0.426993459463,-0.290612369776,-0.180970504880,-0.392487376928,-0.414523899555,-0.143175035715,-0.100971691310,-0.014132128097,0.288755923510,0.243690058589,0.231889709830,0.456378072500,0.416679054499,0.441297590733,0.501129031181,0.318354874849,0.178536325693,0.040148790926,-0.102616682649,-0.157496690750,-0.293362736702,-0.535679042339,-0.604021608829,-0.461799621582,-0.386718451977,-0.205932438374,-0.005105716642,-0.060120273381,0.028854517266,0.234944671392,0.387687653303,0.568904578686,0.603065848351,0.598431944847,0.530048727989,0.360098868608,0.269657433033,0.142548277974,0.034566082060,-0.005152139813,-0.080478824675,-0.207769617438,-0.272856801748,-0.159478515387,-0.095124803483,-0.061499413103,-0.041208736598,-0.160774663091,-0.238308385015,-0.243121340871,-0.134239152074,-0.081805370748,-0.074448630214,0.088251061738,0.099839136004,0.214383140206,0.399947404861,0.296180367470,0.295136749744,0.297102630138,0.234367489815,0.231981843710,0.114513918757,0.027008511126,-0.150105074048,-0.381238430738,-0.334276735783,-0.266337454319,-0.294616848230,-0.275883346796,-0.311535447836,-0.275892466307,-0.039921235293,0.094193473458,0.114510767162,0.135165572166,0.049866624177,0.149389177561,0.276127278805,0.161219328642,0.192656546831,0.083512067795,-0.139458164573,0.002958253259,0.073739372194,-0.124564491212,-0.253203898668,-0.148644119501,-0.165028929710,-0.278634339571,-0.122369579971,-0.202618196607,-0.334672480822,-0.236575841904,-0.306096971035,-0.236512959003,-0.182448118925,-0.220519959927,0.020687593147,0.167785629630,0.165386915207,0.248991578817,0.325790464878,0.312560737133,0.334142625332,0.454536229372,0.326780021191,0.090422101319,0.006858717650,-0.203933373094,-0.314729630947,-0.322379022837,-0.419511377811,-0.337047755718,-0.436645805836,-0.461013674736,-0.064443200827,-0.029190246016,0.029456395656,0.354068338871,0.359626948833,0.446538120508,0.593660354614,0.549356043339,0.521655738354,0.408350169659,0.291710734367,0.249806284904,0.103262603283,-0.104922823608,-0.302900761366,-0.493641048670,-0.458945751190,-0.312360435724,-0.361117511988,-0.273800075054,-0.162900492549,-0.249289646745,-0.194047376513,-0.285821914673,-0.297359943390,0.040720522404,0.058578565717,0.101591601968,0.304712295532,0.216426029801,0.288288921118,0.435341984034,0.376534730196,0.402999699116,0.406705766916,0.229336872697,-0.003566493979,-0.122899964452,-0.143388181925,-0.181783661246,-0.187977939844,-0.222207367420,-0.229543134570,-0.106348134577,0.018278747797,0.140776544809,0.173071637750,0.255255043507,0.465415239334,0.490085572004,0.527534842491,0.457200646400,0.281731098890,0.398562252522,0.355726331472,0.266498893499,0.273704051971,0.060478974134,-0.065013654530,-0.169752106071,-0.254678219557,-0.305067479610,-0.456205457449,-0.450967729092,-0.440817654133,-0.425464630127,-0.342181116343,-0.409841269255,-0.511536777020,-0.455707818270,-0.282199114561,-0.164384528995,-0.008440181613,0.082821801305,0.100281022489,0.280764192343,0.288987398148,0.194962412119,0.213226079941,0.180268630385,0.152182385325,0.033094666898,-0.161649629474,-0.317536205053,-0.464311242104,-0.530569553375,-0.553103387356,-0.598419129848,-0.590835034847,-0.462893903255,-0.248385384679,-0.041250977665,0.110542930663,0.307398855686,0.523243606091,0.614933907986,0.688804924488,0.739278495312,0.748196303844,0.795192241669,0.648368299007,0.403631359339,0.318459510803,0.138877153397,-0.075717911124,-0.160436555743,-0.326612293720,-0.413665115833,-0.359378308058,-0.370577007532,-0.342442333698,-0.309689760208,-0.302990347147,-0.228088006377,-0.183479666710,-0.118999242783,0.001620805007,0.029785538092,0.102711573243,0.263392418623,0.264453411102,0.306543886662,0.412268191576,0.289872825146,0.156657040119,0.020192202181,-0.175071269274,-0.268812060356,-0.358757764101,-0.459572881460,-0.576788663864,-0.603573143482,-0.577691793442,-0.591710269451,-0.405630111694,-0.286219835281,-0.186855211854,0.156305462122,0.339954495430,0.439144015312,0.491145789623,0.378334641457,0.343631565571,0.416888833046,0.494615733624,0.345724523067,0.268813639879,0.306440979242,0.031699962914,-0.083468556404,-0.267462909222,-0.575748682022,-0.403157532215,-0.354737102985,-0.351769298315,-0.230399072170,-0.273245006800,-0.155898809433,-0.229768469930,-0.273909747601,-0.073230586946,-0.116222433746,-0.007068703882,0.099119558930,0.032318376005,0.154898166656,0.213110506535,0.216719061136,0.191561400890,0.056195374578,0.004365988076,0.024689545855,-0.016386203468,-0.155410334468,-0.236625254154,-0.289964765310,-0.400217145681,-0.457468569279,-0.548300027847,-0.613801419735,-0.522854745388,-0.280371934175,-0.024442309514,0.068320102990,0.209448710084,0.280251175165,0.238396868110,0.377030938864,0.450852453709,0.548099100590,0.655324876308,0.584856987000,0.529346406460,0.307230621576,0.112300068140,-0.005264452659,-0.185214772820,-0.209360346198,-0.338691592216,-0.356394648552,-0.308122843504,-0.455533772707,-0.323861479759,-0.269405663013,-0.380240678787,-0.337954878807,-0.353372812271,-0.249649524689,-0.061259020120,0.098839409649,0.322051644325,0.427490264177,0.323390930891,0.311979025602,0.442481070757,0.337511807680,0.234996184707,0.084940493107,-0.191594675183,-0.225720897317,-0.486871182919,-0.700758934021,-0.694405913353,-0.926289379597,-0.832997262478,-0.699052155018,-0.685684323311,-0.351582646370,-0.117723062634,0.052517183125,0.234320610762,0.355012804270,0.480172544718,0.466336518526,0.392613500357,0.397633731365,0.504433810711,0.487882167101,0.376479804516,0.279342204332,0.141570374370,0.029246250167,-0.151952236891,-0.114884950221,-0.040121108294,-0.131686344743,0.035895101726,0.074811838567,0.017653634772,-0.025026684627,-0.230862170458,-0.146856784821,0.027359277010,0.097862005234,0.148580402136,0.124147988856,0.164940282702,0.263779073954,0.352270692587,0.202581614256,0.046113483608,0.096141815186,-0.005478945561,-0.122342944145,-0.193658888340,-0.295736670494,-0.385105252266,-0.558841049671,-0.658893048763,-0.703876554966,-0.707214593887,-0.552157580853,-0.448449134827,-0.410139948130,-0.331557631493,-0.230537950993,-0.093758612871,0.030734686181,0.204694464803,0.391070604324,0.413842082024,0.397007644176,0.330692976713,0.234905958176,0.264630675316,0.048578396440,-0.205960512161,-0.173766762018,-0.272164255381,-0.293944060802,-0.303623348475,-0.458842486143,-0.289828300476,-0.169403776526,-0.334295868874,-0.436077147722,-0.381020158529,-0.180795982480,-0.045952674001,0.109072223306,0.349389046431,0.500009715557,0.571417510509,0.499041050673,0.494561642408,0.568011760712,0.500549376011,0.406460970640,0.195095628500,-0.007278332952,-0.147382140160,-0.322674304247,-0.352424234152,-0.468294203281,-0.599027037621,-0.543339908123,-0.482928544283,-0.335758328438,-0.179838463664,-0.062069233507,0.083118498325,0.195454686880,0.250825524330,0.219229578972,0.254010885954,0.384370654821,0.479781776667,0.371576696634,0.205262795091,0.182290405035,-0.019177682698,-0.143443897367,-0.151996076107,-0.348301082850,-0.381547093391,-0.414792239666,-0.398659050465,-0.240522697568,-0.303866595030,-0.309957683086,-0.230959311128,-0.233159929514,-0.239656791091,-0.202096864581,-0.054855398834,0.103326313198,0.221274837852,0.174463346601,0.127086222172,0.202271685004,0.131685450673,0.106364183128,0.124983631074,0.033042382449,-0.051995497197,-0.137709572911,-0.197722166777,-0.304893702269,-0.423016130924,-0.512607455254,-0.501431465149,-0.321499049664,-0.228079006076,-0.114631690085,-0.017202438787,-0.026627466083,0.056544881314,0.111322268844,0.277061581612,0.422457873821,0.345716387033,0.388813942671,0.409064918756,0.366854637861,0.386186629534,0.303647339344,0.116455167532,-0.119575530291,-0.172338917851,-0.188081085682,-0.328423231840,-0.316036254168,-0.367054730654,-0.392472684383,-0.198352739215,-0.201002404094,-0.263320773840,-0.143235489726,-0.117289304733,-0.063170596957,0.151897326112,0.193471252918,0.273821324110,0.449782937765,0.371242135763,0.367322385311,0.374468147755,0.219019487500,0.140639632940,0.030477881432,-0.106750980020,-0.303894907236,-0.399731546640,-0.405064553022,-0.663848042488,-0.729061841965,-0.646510124207,-0.673934340477,-0.400172233582,-0.144801750779,-0.090215221047,0.094100989401,0.195872798562,0.239698171616,0.429813057184,0.507200002670,0.514386236668,0.471119523048,0.241382926702,0.102282896638,-0.024780394509,-0.162593618035,-0.198360458016,-0.356473118067,-0.451284080744,-0.426464527845,-0.396917939186,-0.274436920881,-0.277380377054,-0.397673487663,-0.329685866833,-0.275400727987,-0.341039597988,-0.183935284615,-0.026488216594,0.003046602709,0.115580268204,0.138099297881,0.183266326785,0.240332633257,0.269120126963,0.363042414188,0.295479655266,0.331764072180,0.344730287790,0.092505723238,0.086500182748,0.074235819280,-0.120693065226,-0.109681554139,-0.086084783077,-0.159443914890,-0.166707903147,-0.105804339051,-0.003682318376,0.184568002820,0.337134867907,0.285970449448,0.262967795134,0.289437741041,0.271879941225,0.372760176659,0.367125928402,0.265778750181,0.234867796302,0.028034863994,-0.061233382672,-0.033979669213,-0.330584883690,-0.514390170574,-0.513343214989,-0.544533073902,-0.468779534101,-0.529352724552,-0.516341209412,-0.442980170250,-0.658250987530,-0.658601999283,-0.485248357058,-0.377427548170,-0.145050480962,-0.037297431380,0.011809190735,0.182988837361,0.263955235481,0.287784367800,0.352430611849,0.279994547367,0.169464886189,0.190994650126,0.048445310444,-0.193715870380,-0.357761859894,-0.517541885376,-0.603843331337,-0.685560643673,-0.687366366386,-0.606284558773,-0.434990704060,-0.143837526441,0.001527888351,0.181942224503,0.455341279507,0.583651602268,0.583302497864,0.616097271442,0.719393491745,0.657560527325,0.675128161907,0.743613898754,0.526835381985,0.323007524014,0.169264048338,-0.025401078165,-0.214717000723,-0.336163073778,-0.327746927738,-0.309523463249,-0.259777277708,-0.218708887696,-0.210819125175,-0.250357240438,-0.304380089045,-0.170343741775,-0.018976867199,0.105750843883,0.227654710412,0.209432005882,0.291106492281,0.328195273876,0.216324865818,0.342001885176,0.361123174429,0.168621838093,0.113032326102,-0.142229035497,-0.392850309610,-0.357307136059,-0.527927756310,-0.705427348614,-0.602262437344,-0.674994826317,-0.739024698734,-0.370462089777,-0.185278579593,-0.217070207000,0.049980618060,0.143280699849,0.162800937891,0.378030031919,0.331263154745,0.350320070982,0.520881295204,0.478253751993,0.466851264238,0.378739595413,0.182828411460,0.075755767524,-0.187217399478,-0.405651092529,-0.382141053677,-0.457533985376,-0.531908273697,-0.539835095406,-0.567550837994,-0.444945126772,-0.450528681278,-0.481212615967,-0.308458924294,-0.245779916644,-0.039528891444,0.215491384268,0.250503689051,0.344221979380,0.396085023880,0.474910140038,0.587964594364,0.409774571657,0.277510702610,0.348662585020,0.136837989092,-0.057006817311,-0.034691445529,-0.265973508358,-0.427383989096,-0.555917620659,-0.730602800846,-0.551885008812,-0.487241417170,-0.356643229723,-0.014815849252,0.038113430142,0.251384168863,0.546374559402,0.514667272568,0.569625258446,0.734040319920,0.687260508537,0.673275232315,0.713436663151,0.511009573936,0.406882137060,0.274412035942,-0.045992240310,-0.131269574165,-0.289241582155,-0.472509741783,-0.420202195644,-0.445634514093,-0.444903492928,-0.365166425705,-0.345856308937,-0.341839790344,-0.278323888779,-0.135673791170,0.001722779358,0.086145356297,0.139360725880,0.260380029678,0.387252122164,0.407336056232,0.296729087830,0.196240857244,0.232394322753,0.055037140846,-0.071865767241,0.014879705384,-0.256155312061,-0.498957008123,-0.531980514526,-0.679407835007,-0.774949848652,-0.763453364372,-0.675617516041,-0.526217937469,-0.222391769290,0.058717958629,0.235646292567,0.357189685106,0.259644061327,0.355826497078,0.466588586569,0.517676115036,0.764600515366,0.594465076923,0.485643297434,0.525381922722,0.247395366430,0.162370726466,0.018044602126,-0.222146272659,-0.311712801456,-0.216041818261,-0.115165337920,-0.161320835352,0.150311946869,0.106374271214,-0.082135461271,0.204550176859,-0.020953156054,0.032282959670,0.418812274933,0.309908360243,0.431031703949,0.423794597387,0.263619691133,0.385230690241,0.352706760168,0.275803089142,0.227448776364,0.105418056250,-0.052601154894,-0.092191390693,-0.046087130904,-0.234904512763,-0.498193353415,-0.708676338196,-0.694152891636,-0.577439427376,-0.574108004570,-0.266263067722,-0.179052576423,-0.273290067911,0.036403313279,0.118849731982,0.198628544807,0.321096301079,0.285557925701,0.475130885839,0.437660336494,0.395874202251,0.394490748644,0.028640476987,-0.092976778746,-0.106298960745,-0.319147914648,-0.401388198137,-0.376198500395,-0.376063913107,-0.294769376516,-0.253012478352,-0.425787389278,-0.341440379620,-0.155783995986,-0.207616031170,-0.117473706603,-0.042187597603,0.106010042131,0.327360332012,0.262431740761,0.313479751348,0.433874011040,0.369495123625,0.381847828627,0.366775512695,0.224730387330,0.097882620990,-0.037647046149,-0.124197505414,-0.242167606950,-0.420510083437,-0.382861435413,-0.443064212799,-0.518541872501,-0.263740181923,-0.170429110527,-0.090807311237,0.079324930906,0.226358741522,0.468161702156,0.426696211100,0.404114633799,0.496151596308,0.461936026812,0.512339770794,0.507029116154,0.419167906046,0.130517885089,0.041576411575,0.083991147578,-0.318485975266,-0.323859483004,-0.259642094374,-0.470814257860,-0.284856498241,-0.173450186849,-0.149696141481,-0.127501428127,-0.164314731956,-0.190777331591,-0.281161546707,-0.079777762294,-0.020911907777,-0.074832081795,0.252398401499,0.279287338257,0.193051412702,0.349718332291,0.245657041669,0.184252500534,0.248109698296,0.107574433088,0.064120352268,-0.012945832685,-0.278184831142,-0.394306600094,-0.455961406231,-0.511702418327,-0.513511538506,-0.575322210789,-0.496706932783,-0.275982439518,-0.129261821508,0.027659311891,0.111583895981,0.114790514112,0.254924803972,0.270237952471,0.162794262171,0.245845124125,0.371004790068,0.410028964281,0.265721410513,0.101309269667,0.120801046491,0.052238576114,-0.081626065075,-0.143885865808,-0.215752825141,-0.209733694792,-0.089328974485,-0.054429497570,-0.098847612739,-0.117024205625,-0.218990921974,-0.237375304103,-0.118724383414,-0.040207967162,0.113249316812,0.306088507175,0.409530162811,0.424004763365,0.448999464512,0.536459684372,0.531811118126,0.429680496454,0.304403394461,0.253167480230,0.194439500570,-0.013615821488,-0.119733765721,-0.233583152294,-0.502309679985,-0.603113651276,-0.429868906736,-0.231692954898,-0.210272848606,-0.035177547485,0.123286955059,0.035347238183,0.229595765471,0.311713784933,0.207528233528,0.340875655413,0.291971117258,0.259620279074,0.281581312418,0.081704646349,0.036427162588,0.075675413013,-0.179897755384,-0.434005171061,-0.293884754181,-0.372086405754,-0.488527566195,-0.166367083788,-0.261076688766,-0.364906877279,-0.150407433510,-0.196458265185,-0.185128092766,-0.146683007479,-0.145635455847,-0.090354003012,0.046970244497,0.245563060045,0.281624943018,0.340446949005,0.353353589773,0.388218909502,0.488347321749,0.360337495804,0.279196739197,0.227527454495,0.173029169440,0.157098904252,0.017363419756,-0.107639059424,-0.300015032291,-0.326668471098,-0.165524810553,-0.095255307853,0.082936830819,0.190671250224,0.295224100351,0.376814156771,0.304610520601,0.402609705925,0.436210185289,0.455934107304,0.448949187994,0.293656647205,0.310690432787,0.205584928393,0.122951284051,0.075614042580,-0.241257131100,-0.326393932104,-0.379311263561,-0.499291062355,-0.382875382900,-0.354551851749,-0.356099784374,-0.277598410845,-0.210278436542,-0.284739464521,-0.415911734104,-0.244852662086,-0.137810662389,-0.096480533481,0.105365999043,0.124461308122,0.183231905103,0.246601060033,0.175334900618,0.207015797496,0.124888412654,-0.010983095504,-0.043850317597,-0.128733485937,-0.236218392849,-0.288971811533,-0.350588977337,-0.449205994606,-0.467574417591,-0.418197602034,-0.284994661808,-0.105248145759,0.056897997856,0.233565762639,0.324215054512,0.429061532021,0.445742309093,0.434472978115,0.591007113457,0.596875846386,0.582266211510,0.504348337650,0.330630451441,0.306648880243,0.115172646940,-0.094557851553,-0.297528892756,-0.533249676228,-0.472675263882,-0.368342071772,-0.185401558876,0.018933404237,-0.012128759176,-0.005448146258,0.036169916391,0.003999175038,0.011843977496,0.176234051585,0.330494195223,0.295125603676,0.272250056267,0.350376516581,0.414740622044,0.309995055199,0.175355330110,0.123170450330,0.057127263397,0.036575112492,-0.115810208023,-0.227219924331,-0.239331826568,-0.429191201925,-0.460100144148,-0.519690275192,-0.596443235874,-0.335311651230,-0.225431278348,-0.113763429224,0.130642190576,0.187134981155,0.335540175438,0.422185450792,0.317997664213,0.371674358845,0.405596941710,0.310279071331,0.386031568050,0.458901792765,0.285340040922,0.104649901390,-0.094382740557,-0.296968281269,-0.305940777063,-0.352365732193,-0.387920200825,-0.262157499790,-0.262086063623,-0.298798054457,-0.312440603971,-0.413331717253,-0.356104463339,-0.251560747623,-0.166953027248,0.050518572330,0.163372114301,0.193547159433,0.268005311489,0.301280617714,0.337754160166,0.402145862579,0.380652159452,0.244217187166,0.150225475430,0.082106806338,-0.022202875465,-0.166413620114,-0.328681439161,-0.444599449635,-0.596104145050,-0.555205762386,-0.368316829205,-0.273497134447,-0.021568460390,0.059827465564,0.051813609898,0.376846313477,0.480782747269,0.427297592163,0.516699254513,0.506742477417,0.429927974939,0.398896038532,0.414277702570,0.331058979034,0.214187681675,0.030168060213,-0.205289825797,-0.226004421711,-0.298796385527,-0.340806841850,-0.287147969007,-0.323507130146,-0.191895261407,-0.145677760243,-0.209853768349,-0.262101620436,-0.366535395384,-0.131719902158,0.138372331858,0.219073176384,0.281360834837,0.204335510731,0.240691095591,0.295481830835,0.276004195213,0.297859311104,0.227949067950,0.195927813649,0.021602593362,-0.218165457249,-0.316867917776,-0.563429653645,-0.698505043983,-0.675194919109,-0.733759641647,-0.664613664150,-0.464892923832,-0.273335993290,-0.155660137534,-0.103940226138,-0.033649653196,0.115482598543,0.356038779020,0.597278952599,0.706450641155,0.656748414040,0.603894770145,0.528868496418,0.369100183249,0.288319796324,0.215989723802,0.041955925524,-0.109981499612,-0.172837540507,-0.186430782080,-0.187408953905,-0.112611271441,-0.080940261483,-0.218410834670,-0.300850629807,-0.346228390932,-0.387186229229,-0.264130860567,-0.168850228190,-0.060811482370,0.181242793798,0.280516237020,0.347748517990,0.538961172104,0.615051627159,0.571847677231,0.464837402105,0.265487819910,0.075323961675,-0.101055964828,-0.288774013519,-0.422150850296,-0.529714345932,-0.696069598198,-0.813609421253,-0.743688404560,-0.571043372154,-0.423082470894,-0.322645395994,-0.209689050913,-0.083895705640,0.010447136126,0.069542497396,0.188310042024,0.355357676744,0.426176011562,0.607841432095,0.643582105637,0.366692572832,0.348752051592,0.197037488222,-0.059533488005,0.001398353605,-0.154293566942,-0.234249994159,-0.198596462607,-0.361689746380,-0.351578921080,-0.349691450596,-0.389235079288,-0.347165822983,-0.289797812700,-0.143213599920,-0.034178610891,0.136455968022,0.342868983746,0.379046291113,0.307254433632,0.281516402960,0.387076318264,0.366933912039,0.268116503954,0.248707696795,0.177776187658,0.112626604736,-0.064657844603,-0.211728915572,-0.267412990332,-0.478384852409,-0.530077040195,-0.549614548683,-0.580484092236,-0.279609441757,-0.037325035781,0.029370170087,0.030657814816,0.134673565626,0.358447432518,0.253905415535,0.265728235245,0.448499679565,0.403260767460,0.487514466047,0.400817751884,0.187439560890,0.145789578557,-0.046205461025,-0.136648565531,-0.189727738500,-0.314117252827,-0.292528450489,-0.314685016870,-0.284631520510,-0.206140130758,-0.219649896026,-0.298095375299,-0.392285704613,-0.286010563374,-0.144691437483,-0.092385113239,-0.020080395043,-0.010651757009,0.083490446210,0.239226922393,0.283467113972,0.268436819315,0.147460177541,0.143486455083,0.308519721031,0.252775967121,0.104092091322,-0.021640483290,-0.224505051970,-0.338323175907,-0.358151704073,-0.299754589796,-0.232616037130,-0.236338138580,-0.213740363717,-0.187383145094,-0.102463558316,-0.034765888005,-0.035731155425,0.030762020499,0.063512414694,0.165649116039,0.272892296314,0.217266634107,0.230502396822,0.211331427097,0.207771301270,0.224329411983,-0.005247231573,-0.132904842496,-0.175675824285,-0.279855310917,-0.208928048611,-0.188276499510,-0.210900604725,-0.225301429629,-0.273869991302,-0.181108266115,-0.235398426652,-0.313397973776,-0.215512633324,-0.164495632052,0.048914164305,0.168957769871,0.105736181140,0.206543073058,0.219296246767,0.187814787030,0.234581366181,0.273790180683,0.275312334299,0.189859539270,0.165219768882,0.083844669163,-0.081218458712,-0.272047877312,-0.522447288036,-0.576962471008,-0.520566642284,-0.332602798939,-0.099097147584,-0.115929327905,0.038003012538,0.211846292019,0.215411350131,0.350061297417,0.320865243673,0.304470121861,0.427397310734,0.374180555344,0.277306199074,0.163275897503,0.010214576498,-0.157669782639,-0.296914696693,-0.419218957424,-0.498335748911,-0.327378690243,-0.150811821222,-0.112235277891,-0.122751563787,-0.211534887552,-0.279593676329,-0.362626880407,-0.330598801374,-0.260666072369,-0.229793667793,0.054999236017,0.175671413541,0.075730681419,0.122480399907,0.152967154980,0.303254276514,0.467293143272,0.462452054024,0.424208551645,0.340752124786,0.311897486448,0.190508738160,-0.043999336660,-0.206305697560,-0.298864930868,-0.267537117004,-0.248675629497,-0.177945792675,-0.018722556531,0.055159918964,0.064677484334,0.033693443984,0.140404731035,0.184409946203,0.119929440320,0.313487112522,0.438870251179,0.411145567894,0.445389658213,0.377158612013,0.219824865460,0.073207758367,-0.131098106503,-0.312083810568,-0.277345925570,-0.263399213552,-0.349247395992,-0.360214531422,-0.374270558357,-0.372558832169,-0.441143959761,-0.503263652325,-0.484150797129,-0.483472317457,-0.359231948853,-0.189366906881,-0.017220899463,0.018107945099,-0.050187531859,0.024062862620,-0.006217971910,0.019923202693,0.060083929449,0.007486674935,0.083851508796,-0.110348686576,-0.295261293650,-0.311825454235,-0.467890948057,-0.431674450636,-0.431969106197,-0.435734629631,-0.233935400844,-0.122168637812,0.034257635474,0.127175867558,0.202593162656,0.363166958094,0.343845099211,0.380916953087,0.386651784182,0.346490085125,0.483311057091,0.462831020355,0.349160224199,0.223663032055,0.128341346979,0.146717160940,-0.005495888181,-0.169964596629,-0.275067150593,-0.270103186369,-0.110669016838,-0.117633365095,-0.118592888117,-0.164663851261,-0.279017060995,-0.239716425538,-0.214124500751,-0.135140016675,-0.108635187149,-0.047705147415,0.108843244612,0.118689574301,0.311635166407,0.451795011759,0.359060496092,0.303498953581,0.138173460960,0.007350689266,-0.138730958104,-0.228432297707,-0.232222288847,-0.480535149574,-0.569402813911,-0.517190158367,-0.543025135994,-0.444517850876,-0.382238566875,-0.268759518862,-0.131079196930,0.007990326732,0.211424171925,0.232501447201,0.326518684626,0.415229231119,0.334695100784,0.366080850363,0.372283965349,0.402604520321,0.367301076651,0.187158286572,0.035444524139,-0.152628943324,-0.226086229086,-0.312035679817,-0.335039168596,-0.266815483570,-0.321824818850,-0.194736003876,-0.218986839056,-0.316213905811,-0.178890302777,-0.161636590958,-0.057322118431,0.060922186822,0.162066429853,0.248805582523,0.217438131571,0.275330990553,0.239077866077,0.276240378618,0.194639593363,-0.023174474016,0.051762159914,-0.043622929603,-0.092789530754,-0.148541256785,-0.530397832394,-0.665605962276,-0.645186662674,-0.568742752075,-0.444203108549,-0.350768417120,-0.114889867604,0.076701544225,0.153449892998,0.201341331005,0.319404840469,0.473141759634,0.512856006622,0.482273906469,0.448317378759,0.507840931416,0.494795024395,0.318549782038,0.098618596792,-0.191336274147,-0.374629706144,-0.396275997162,-0.434954136610,-0.501531898975,-0.544532895088,-0.552288174629,-0.409168392420,-0.211035743356,-0.225491076708,-0.215888991952,-0.093523219228,-0.023764699697,0.051172994077,0.132976457477,0.301110804081,0.422313481569,0.401006639004,0.399866193533,0.355201929808,0.305565267801,0.279652416706,0.115881137550,-0.077211983502,-0.141473531723,-0.265775531530,-0.452419757843,-0.557299673557,-0.608595013618,-0.542567551136,-0.531261503696,-0.469512909651,-0.198946818709,-0.042926717550,0.155577600002,0.329094648361,0.307416707277,0.398205488920,0.593709766865,0.768570661545,0.778261303902,0.736787915230,0.728160023689,0.635225355625,0.498369485140,0.271120071411,0.146109715104,-0.012170057744,-0.248083218932,-0.243922114372,-0.266494005919,-0.269747257233,-0.246402665973,-0.221899285913,-0.116500034928,-0.316368043423,-0.263625741005,0.085173130035,0.084336429834,0.218277499080,0.270734667778,0.134774371982,0.322294741869,0.391440510750,0.358603745699,0.431743085384,0.207565233111,-0.000331364747,0.036527730525,-0.245704486966,-0.489201009274,-0.465753465891,-0.821379005909,-0.968493998051,-0.770515203476,-0.832881152630,-0.668896198273,-0.497300207615,-0.450513422489,-0.104926466942,0.069549433887,0.259940654039,0.560857653618,0.507632017136,0.537679970264,0.666851937771,0.535113811493,0.403131306171,0.347952663898,0.220676615834,0.072560943663,-0.149436891079,-0.395627051592,-0.430408805609,-0.468205481768,-0.514922082424,-0.456806093454,-0.484112173319,-0.393421113491,-0.324009567499,-0.292754918337,-0.049411009997,-0.005718389060,0.074251905084,0.309434294701,0.349958747625,0.495642840862,0.549627482891,0.477835804224,0.543834030628,0.504256248474,0.441463589668,0.371817946434,0.221060901880,0.060898628086,-0.087875939906,-0.253445178270,-0.456673502922,-0.546777009964,-0.653782665730,-0.691767930984,-0.571052134037,-0.574722290039,-0.416877925396,-0.084803313017,0.132984846830,0.315391421318,0.374055504799,0.397276252508,0.447779595852,0.512557268143,0.622453868389,0.499198377132,0.319178074598,0.335603445768,0.307184666395,0.101328440011,-0.168383836746,-0.303539991379,-0.394415527582,-0.396547049284,-0.269194126129,-0.320569634438,-0.366648852825,-0.297493726015,-0.367547541857,-0.445826381445,-0.331158310175,-0.223121359944,-0.190563276410,0.087044849992,0.293808460236,0.238843888044,0.435386329889,0.566076695919,0.490688413382,0.652110219002,0.569705724716,0.229870676994,0.167774200439,0.024675607681,-0.173398643732,-0.328978627920,-0.638098001480,-0.717613995075,-0.715695977211,-0.643920958042,-0.390158623457,-0.347754985094,-0.235594019294,-0.118676297367,-0.075165510178,0.143109306693,0.294036954641,0.457826226950,0.606332898140,0.720908582211,0.778637707233,0.688170075417,0.638596713543,0.407237827778,0.140841826797,-0.010710774921,-0.241128608584,-0.363844066858,-0.435147374868,-0.483509540558,-0.529646694660,-0.559614181519,-0.509957075119,-0.504156172276,-0.368111163378,-0.295231550932,-0.247670188546,0.064040973783,0.251255244017,0.345065683126,0.438191115856,0.533472239971,0.623859047890,0.526415467262,0.524469494820,0.395404428244,0.160420268774,0.149833992124,-0.060284134001,-0.268418878317,-0.403755277395,-0.637207210064,-0.686827898026,-0.739489495754,-0.785132586956,-0.731691479683,-0.591207563877,-0.232776358724,0.024294381961,0.047993782908,0.154255673289,0.337472379208,0.395990014076,0.580600619316,0.803876459599,0.696362495422,0.627104282379,0.544910252094,0.310484826565,0.174931615591,-0.035257827491,-0.209619998932,-0.337567925453,-0.479857057333,-0.463796377182,-0.442263126373,-0.418791502714,-0.384987175465,-0.286777496338,-0.198543325067,-0.240935817361,-0.061660848558,0.129558146000,0.054845590144,0.091610521078,0.371629953384,0.502172589302,0.473812967539,0.712080776691,0.687750816345,0.414385288954,0.473613351583,0.420424282551,0.392561405897,0.253193557262,-0.110598847270,-0.074907295406,-0.222477450967,-0.515870213509,-0.410091400146,-0.379108756781,-0.406257152557,-0.138651862741,0.150397151709,0.057679701596,0.096596613526,0.378162682056,0.317568182945,0.359096139669,0.574954509735,0.576193392277,0.540059387684,0.393011689186,0.253824293613,0.219451755285,0.083604693413,-0.089467249811,-0.344560027122,-0.539879798889,-0.545419275761,-0.526890158653,-0.468481034040,-0.409714162350,-0.302038460970,-0.211626306176,-0.295535206795,-0.366259396076,-0.239353746176,-0.025332206860,0.044539656490,0.172244578600,0.299946427345,0.247253715992,0.331280410290,0.346477508545,0.165866911411,-0.020822789520,-0.093078561127,-0.024582570419,-0.145840018988,-0.234191626310,-0.259729444981,-0.493441194296,-0.628843665123,-0.633063316345,-0.516512155533,-0.359332859516,-0.277321577072,-0.105927973986,0.087954550982,0.246173650026,0.385488003492,0.440579712391,0.405917495489,0.476150751114,0.538375020027,0.466233700514,0.599683403969,0.576750636101,0.263824671507,0.164260715246,0.048476543278,-0.080786921084,-0.095101296902,-0.211483955383,-0.246929228306,-0.176553592086,-0.074017673731,0.033032286912,-0.006398425438,-0.019423464313,0.045827850699,-0.026178035885,-0.169515922666,-0.057030837983,0.203445717692,0.202644333243,0.219443202019,0.417432159185,0.429081678391,0.336556464434,0.334354966879,0.312542766333,0.182660415769,0.094446875155,0.020475352183,-0.191739127040,-0.304925560951,-0.408703178167,-0.482934594154,-0.335491091013,-0.418136537075,-0.491308212280,-0.218552634120,-0.097589470446,-0.010166182183,0.260473549366,0.332150131464,0.299494922161,0.343837440014,0.292676270008,0.358088999987,0.381881147623,0.103903114796,0.028719607741,0.103672541678,-0.075090661645,-0.283512264490,-0.433219820261,-0.555900275707,-0.451665967703,-0.441000491381,-0.639993190765,-0.487719029188,-0.260403692722,-0.288129717112,-0.249606803060,-0.268878459930,-0.256457686424,-0.015742518008,0.126571699977,0.216496154666,0.347879588604,0.354034692049,0.367294102907,0.386301487684,0.331611752510,0.301007241011,0.237227633595,0.092211477458,-0.152043208480,-0.367267042398,-0.417509943247,-0.538996815681,-0.625281989574,-0.526220977306,-0.474107325077,-0.335714846849,-0.154368072748,-0.015217618085,0.227226123214,0.311984986067,0.348663836718,0.492385655642,0.552963614464,0.654557585716,0.647908926010,0.489344626665,0.484540104866,0.478547662497,0.349008440971,0.199725449085,-0.056985229254,-0.335396587849,-0.389986991882,-0.354349553585,-0.326305031776,-0.212907403708,-0.187468320131,-0.203630521894,-0.150681689382,-0.295071095228,-0.488857239485,-0.319666266441,-0.056887622923,0.017210241407,0.057682741433,0.092152632773,0.269456535578,0.443494200706,0.369423151016,0.296670317650,0.198613122106,0.074047937989,-0.107641719282,-0.271249085665,-0.261530786753,-0.526051104069,-0.748482525349,-0.691279649734,-0.828033089638,-0.818893611431,-0.563441097736,-0.307322651148,-0.086206339300,0.039749376476,0.265771776438,0.501308262348,0.542746603489,0.502484560013,0.597493588924,0.819068908691,0.820383489132,0.649265050888,0.567286610603,0.501753926277,0.310255944729,0.008839315735,-0.154495194554,-0.160202249885,-0.195893272758,-0.123391799629,-0.087132863700,-0.293217569590,-0.331803023815,-0.144563272595,-0.002340552863,-0.015371577814,-0.059919178486,0.149518743157,0.324754685163,0.365552037954,0.461148053408,0.499549239874,0.548140048981,0.544201135635,0.385411649942,0.100781008601,-0.063436672091,-0.078195363283,-0.305151730776,-0.442020803690,-0.521294355392,-0.699696779251,-0.731886863708,-0.876292705536,-0.862297654152,-0.655771732330,-0.525168359280,-0.203610703349,-0.014530815184,0.034028727561,0.290774226189,0.476937443018,0.398149162531,0.319516539574,0.415983706713,0.515399992466,0.491772413254,0.241939231753,0.118304140866,0.175579845905,-0.212337523699,-0.540530860424,-0.474700003862,-0.495810568333,-0.440331906080,-0.406335473061,-0.431513279676,-0.278248459101,-0.212873473763,-0.162217617035,-0.063562504947,-0.035602565855,0.159665510058,0.331782579422,0.351223051548,0.441420376301,0.406234264374,0.389903873205,0.574060440063,0.528839051723,0.410171866417,0.463453263044,0.330244541168,0.108867712319,-0.023215103894,-0.198644831777,-0.277098000050,-0.306549370289,-0.429212927818,-0.443123608828,-0.415656983852,-0.461254447699,-0.318064689636,-0.076291613281,0.008787514642,0.184096977115,0.322597175837,0.198865026236,0.290666550398,0.444958925247,0.474049627781,0.618718206882,0.484330326319,0.309574246407,0.325297981501,0.137978836894,-0.053800597787,-0.259763926268,-0.400045961142,-0.381299495697,-0.519445121288,-0.523240923882,-0.372411429882,-0.341480672359,-0.317284733057,-0.321950912476,-0.258265912533,-0.161973342299,-0.155999079347,-0.086538203061,0.039451744407,0.182863831520,0.297247737646,0.363255023956,0.398067444563,0.349095433950,0.318353712559,0.272527515888,0.147853121161,-0.022764639929,-0.210984677076,-0.276972293854,-0.433945864439,-0.691040158272,-0.695799767971,-0.705887436867,-0.746594488621,-0.579784572124,-0.453732758760,-0.263768225908,0.047968007624,0.180235624313,0.230890482664,0.315487921238,0.480740666389,0.697871208191,0.765695691109,0.708393990993,0.627237856388,0.560675621033,0.395606756210,0.130346342921,-0.072423510253,-0.259359359741,-0.352360934019,-0.407633095980,-0.523062646389,-0.490043938160,-0.347741603851,-0.233091548085,-0.268553107977,-0.396473675966,-0.308946132660,-0.120248451829,-0.034844066948,0.079216457903,0.220895007253,0.254661440849,0.318543940783,0.481953412294,0.503993272781,0.448059022427,0.429601132870,0.326000899076,0.237165823579,0.129457101226,-0.012196749449,-0.096104830503,-0.378189355135,-0.653953552246,-0.650669693947,-0.546224415302,-0.339246988297,-0.258185595274,-0.265885829926,-0.091782547534,0.030364625156,0.067878022790,0.142261877656,0.255409061909,0.349056571722,0.473185181618,0.550430238247,0.367408186197,0.308112591505,0.274419993162,0.045169606805,-0.085112437606,-0.271399468184,-0.320216953754,-0.292261898518,-0.385924428701,-0.322495102882,-0.324826300144,-0.303645700216,-0.314518481493,-0.499984145164,-0.466579735279,-0.335490971804,-0.112267129123,0.124266766012,0.136691465974,0.328674316406,0.606037080288,0.595463871956,0.530726909637,0.563588500023,0.660427033901,0.681989490986,0.506933331490,0.270388364792,0.023150885478,-0.169040203094,-0.371741980314,-0.600725948811,-0.584463000298,-0.547659635544,-0.489088326693,-0.255530774593,-0.229215621948,-0.188417702913,0.005537476391,0.119739480317,0.253163069487,0.323825091124,0.414291769266,0.512210309505,0.552520155907,0.608436763287,0.455675274134,0.311617881060,0.168412119150,-0.158549532294,-0.360742717981,-0.502253115177,-0.459410429001,-0.357423871756,-0.501598000526,-0.514710962772,-0.540410757065,-0.585147857666,-0.493541896343,-0.563276708126,-0.525564432144,-0.329009801149,-0.240951195359,-0.139660820365,0.075056426227,0.280829668045,0.339732915163,0.366751879454,0.342693328857,0.257655918598,0.192209482193,0.131830766797,0.087857984006,-0.138296917081,-0.366399437189,-0.481010764837,-0.615352988243,-0.476091295481,-0.385916829109,-0.471200048923,-0.258176684380,-0.080817081034,-0.140242487192,-0.046118661761,0.160683989525,0.193059548736,0.203507468104,0.298264622688,0.383201658726,0.501005172729,0.528850078583,0.471392869949,0.450641959906,0.484517216682,0.405895650387,0.161625593901,0.030204512179,-0.087755791843,-0.142211094499,-0.137742802501,-0.259618908167,-0.288667887449,-0.316296130419,-0.287482172251,-0.227748870850,-0.254951447248,-0.163390934467,-0.166362091899,-0.153999119997,-0.017272787169,0.106990963221,0.234786838293,0.176603123546,0.164658471942,0.145428434014,0.055663619190,0.200637087226,0.129612207413,-0.069562904537,-0.068290889263,-0.180742800236,-0.312934368849,-0.406506955624,-0.528684020042,-0.566498398781,-0.479611217976,-0.375143855810,-0.326616495848,-0.138597667217,0.017341405153,0.091805979609,0.319032907486,0.371106922626,0.396382927895,0.596368253231,0.659021914005,0.673907160759,0.533445477486,0.357981503010,0.300774604082,0.010568390600,-0.171739071608,-0.201547071338,-0.344554990530,-0.351219505072,-0.405409932137,-0.409899979830,-0.267097502947,-0.336833626032,-0.388490200043,-0.378000110388,-0.403314590454,-0.263818174601,0.013953818008,0.283719390631,0.279852956533,0.266954571009,0.441954106092,0.359699547291,0.296159237623,0.346885263920,0.238508552313,0.245893567801,0.101408593357,-0.229360222816,-0.317003846169,-0.422008842230,-0.553275823593,-0.556143105030,-0.494106203318,-0.298141121864,-0.195998758078,-0.180885344744,-0.026612814516,0.096219457686,0.141716659069,0.242816001177,0.320028394461,0.304837435484,0.448405265808,0.612917602062,0.433450609446,0.221093431115,0.135249823332,0.113086640835,0.087497837842,-0.164930924773,-0.413185268641,-0.482438087463,-0.367065072060,-0.183313176036,-0.167765080929,-0.114302590489,-0.131679281592,-0.210540160537,-0.071737900376,-0.026456624269,-0.008458232507,0.123578011990,0.145534098148,0.123288206756,0.164228841662,0.228486448526,0.267646819353,0.310838669538,0.215239986777,0.085376925766,0.070505067706,-0.098221182823,-0.247740238905,-0.325192511082,-0.453682214022,-0.500686883926,-0.543723523617,-0.533700823784,-0.473536103964,-0.356731265783,-0.174751281738,-0.012639098801,0.160313636065,0.267234891653,0.372634261847,0.397565424442,0.432803869247,0.606465518475,0.632521271706,0.665109217167,0.568632364273,0.313185811043,0.286153614521,0.184533074498,0.018654469401,-0.109775505960,-0.274088650942,-0.262877732515,-0.243490606546,-0.261963188648,-0.230692923069,-0.217334344983,-0.190762817860,-0.155924737453,-0.127021580935,-0.088868223131,0.077648319304,0.179199486971,0.157020494342,0.259563595057,0.306722313166,0.395423054695,0.436152547598,0.277537435293,0.288157403469,0.161849170923,-0.072209477425,-0.199771836400,-0.522781491280,-0.656319975853,-0.654995858669,-0.757962405682,-0.638191998005,-0.564975976944,-0.605248987675,-0.401342034340,-0.107868902385,-0.037155840546,0.067988857627,0.362803190947,0.347275137901,0.212108746171,0.360751748085,0.432666778564,0.337350249290,0.349595665932,0.306879371405,-0.049293283373,-0.134777843952,-0.012784121558,-0.365725934505,-0.472185373306,-0.301072806120,-0.552112400532,-0.603554248810,-0.300625324249,-0.224424824119,-0.171370834112,-0.003140846966,-0.040536660701,0.009553509764,0.189794391394,0.165982589126,0.237215936184,0.377244144678,0.433490961790,0.501706600189,0.488723784685,0.394501328468,0.285050690174,0.302928507328,0.250881075859,0.033915393054,-0.129480227828,-0.336386829615,-0.383291006088,-0.341844975948,-0.403384387493,-0.410985231400,-0.450307011604,-0.241963773966,0.032009601593,0.071318864822,0.212678045034,0.303647100925,0.366438210011,0.486976444721,0.556243598461,0.636997401714,0.603497207165,0.577848792076,0.528501451015,0.288782268763,0.053851664066,-0.142171248794,-0.286768943071,-0.423289179802,-0.575395882130,-0.513680398464,-0.404754012823,-0.510166168213,-0.545833766460,-0.425962179899,-0.448528766632,-0.427994906902,-0.222906306386,-0.170892462134,-0.131422445178,0.079280652106,0.243738487363,0.329288035631,0.417838215828,0.524559795856,0.533385455608,0.481110990047,0.360895454884,0.131745547056,0.009016044438,-0.176198258996,-0.385413199663,-0.512791514397,-0.781479775906,-0.823542833328,-0.681036055088,-0.645188331604,-0.471514672041,-0.273535281420,-0.107760004699,0.068596556783,0.224351465702,0.420273095369,0.465533941984,0.423723816872,0.483748555183,0.607856512070,0.693394780159,0.519964337349,0.293350994587,0.279992908239,0.072281539440,-0.252190977335,-0.226196393371,-0.280603170395,-0.429336935282,-0.380898296833,-0.501958906651,-0.487785756588,-0.341114103794,-0.355064779520,-0.179665744305,-0.167013496161,-0.172894284129,0.192892730236,0.369254380465,0.439397245646,0.566842496395,0.518452763557,0.473217964172,0.481392234564,0.355626374483,0.261689543724,0.250684291124,0.067908115685,-0.083142109215,-0.297938406467,-0.634651958942,-0.597948610783,-0.549024164677,-0.640740334988,-0.528032243252,-0.460526883602,-0.306498080492,-0.009880339727,0.141396805644,0.359649300575,0.518599689007,0.467037707567,0.522219657898,0.575033962727,0.621312260628,0.685586869717,0.492240101099,0.296763569117,0.195297837257,-0.029675863683,-0.193941831589,-0.302656650543,-0.539728701115,-0.602727353573,-0.444928973913,-0.470385313034,-0.396601259708,-0.257389545441,-0.339661329985,-0.223684117198,-0.181823343039,-0.165562108159,0.118623532355,0.213194966316,0.394856303930,0.526732206345,0.453541755676,0.662226915359,0.654056370258,0.461129933596,0.502173721790,0.437827408314,0.280345588923,0.099237687886,-0.095619544387,-0.279233038425,-0.519747138023,-0.571889936924,-0.486154705286,-0.537414252758,-0.593219459057,-0.452483803034,-0.188124239445,-0.090158045292,-0.019198391587,0.195816054940,0.241613671184,0.354570597410,0.595826089382,0.557231903076,0.500881612301,0.513736248016,0.490158081055,0.377307593822,0.053735293448,-0.154446497560,-0.270215600729,-0.401810348034,-0.443789780140,-0.438759297132,-0.369882583618,-0.458502233028,-0.454527944326,-0.379768490791,-0.520204484463,-0.406976193190,-0.340601712465,-0.296844393015,0.003850810695,0.146650537848,0.288776934147,0.252864390612,0.212219238281,0.325868487358,0.215663686395,0.266453742981,0.257802695036,0.130606830120,0.112681746483,0.034556288272,-0.009153571911,-0.219748690724,-0.283884018660,-0.308314800262,-0.492049604654,-0.347459167242,-0.342993348837,-0.252007246017,0.077104531229,0.106880813837,0.234757885337,0.248561963439,0.162414044142,0.342385798693,0.468114197254,0.617068648338,0.680540144444,0.640409767628,0.640725612640,0.457405090332,0.265028476715,0.179322853684,-0.020421601832,-0.255095452070,-0.202491343021,-0.225817069411,-0.445482611656,-0.298553794622,-0.241745457053,-0.314108312130,-0.239019498229,-0.364059954882,-0.290224850178,-0.165357992053,-0.083187200129,0.235586911440,0.266969174147,0.263476014137,0.295343518257,0.184654563665,0.383941322565,0.507662713528,0.378003448248,0.316180795431,0.206430718303,0.049756016582,-0.059499219060,-0.202052801847,-0.449025601149,-0.568430840969,-0.540645480156,-0.540886104107,-0.472382366657,-0.329372733831,-0.135845631361,-0.048214938492,-0.038238987327,0.135214954615,0.284180939198,0.358697474003,0.434300214052,0.496624559164,0.558789730072,0.467724293470,0.363171935081,0.364251106977,0.151712477207,-0.119376420975,-0.121198482811,-0.245008081198,-0.467616885900,-0.393149048090,-0.321938365698,-0.292815744877,-0.246569767594,-0.405900835991,-0.480419248343,-0.375949859619,-0.322024136782,-0.146858319640,0.073248066008,0.060864333063,0.253071248531,0.551548123360,0.378160148859,0.445923745632,0.567000627518,0.093268193305,0.034465223551,0.090105496347,-0.237456724048,-0.258827358484,-0.340715795755,-0.571015417576,-0.664027810097,-0.692047715187,-0.624761521816,-0.507873356342,-0.263538092375,-0.081543028355,0.068905539811,0.261506050825,0.321799457073,0.463635385036,0.543797969818,0.521387577057,0.580382108688,0.563247025013,0.484769463539,0.349428683519,0.277452200651,0.237766429782,-0.062579378486,-0.357739180326,-0.390031754971,-0.340438604355,-0.312739044428,-0.180712416768,-0.041459858418,-0.184620127082,-0.248573079705,-0.145147487521,-0.200196087360,-0.122887909412,0.001280672615,0.143978312612,0.390999257565,0.430428653955,0.483180046082,0.453583300114,0.335758864880,0.310462743044,0.152816116810,0.190730571747,0.156875818968,-0.109840467572,-0.200889542699,-0.441535651684,-0.562494516373,-0.536889255047,-0.657484769821,-0.576057851315,-0.562447428703,-0.456401318312,-0.073125563562,0.139099940658,0.346825361252,0.462557375431,0.458804607391,0.561830043793,0.647808730602,0.773970782757,0.805550813675,0.724182367325,0.674071311951,0.522115051746,0.266527503729,-0.040292888880,-0.198134109378,-0.310669898987,-0.531584739685,-0.441543817520,-0.359191954136,-0.560717761517,-0.475611925125,-0.310732662678,-0.389125794172,-0.397263854742,-0.273449957371,-0.156534239650,-0.010327381082,0.212031438947,0.329705268145,0.335474103689,0.351233512163,0.266474664211,0.169739633799,0.087195374072,-0.113356761634,-0.180735945702,-0.180257156491,-0.374189049006,-0.483931660652,-0.592387378216,-0.825241804123,-0.785882353783,-0.566445946693,-0.333425462246,-0.066996663809,0.016599183902,0.067014746368,0.172733664513,0.178535982966,0.265156865120,0.398823559284,0.384696364403,0.395730108023,0.492467880249,0.394257664680,0.238217532635,0.232256859541,0.052574384958,-0.133508533239,-0.243655890226,-0.485008150339,-0.429912626743,-0.277544796467,-0.275735557079,-0.116851024330,-0.007772901095,0.054104097188,0.063663840294,-0.007810853422,0.081982031465,0.106484711170,0.189524292946,0.441696107388,0.429643958807,0.377565443516,0.455671519041,0.367053687572,0.285807818174,0.327209621668,0.210333049297,-0.018041649833,-0.089178599417,-0.161214008927,-0.344160050154,-0.432391226292,-0.499707907438,-0.507197439671,-0.378337532282,-0.363961160183,-0.373672306538,-0.214504584670,-0.018202416599,0.149767920375,0.330845296383,0.393593102694,0.368799597025,0.513425171375,0.631331086159,0.548208832741,0.512541115284,0.497048914433,0.340378850698,0.188211604953,0.032539173961,-0.210271790624,-0.280429154634,-0.305206835270,-0.422399103642,-0.414680361748,-0.485817998648,-0.447720974684,-0.249827384949,-0.384739011526,-0.482454210520,-0.428672701120,-0.395741730928,-0.111966423690,0.104975678027,0.178203314543,0.330190002918,0.341851979494,0.310605555773,0.349244147539,0.295300424099,0.176519721746,0.080892860889,-0.020862622187,-0.170320823789,-0.317288368940,-0.468522816896,-0.670731186867,-0.821519255638,-0.787484645844,-0.689734101295,-0.693927347660,-0.503574371338,-0.135691449046,0.052465155721,0.264445483685,0.401060223579,0.392636656761,0.534492909908,0.607731282711,0.641371846199,0.689380943775,0.613849103451,0.523319721222,0.320934087038,0.117263726890,-0.065504886210,-0.331841737032,-0.432715982199,-0.470068961382,-0.465488165617,-0.296924889088,-0.256510257721,-0.320702195168,-0.246476560831,-0.118928886950,-0.035483628511,0.088699467480,0.243289962411,0.339532792568,0.437241107225,0.511524856091,0.559282004833,0.579376399517,0.492202937603,0.392656773329,0.264224916697,0.137042135000,-0.017986973748,-0.254743874073,-0.329547435045,-0.419997423887,-0.594207644463,-0.671073198318,-0.774655222893,-0.821891427040,-0.742236793041,-0.508920848370,-0.272418886423,-0.126770392060,0.116955645382,0.249829158187,0.351653128862,0.496948778629,0.494216769934,0.564947366714,0.671550691128,0.658019065857,0.448059409857,0.171733707190,0.035633847117,-0.158800631762,-0.435618221760,-0.647331655025,-0.618049979210,-0.529270708561,-0.449072271585,-0.285398453474,-0.423138022423,-0.385955572128,-0.191637620330,-0.266810685396,-0.087891034782,-0.046506598592,-0.025949709117,0.364796310663,0.549681484699,0.651317059994,0.688866734505,0.669137835503,0.700986802578,0.568664968014,0.438219666481,0.262462049723,0.081082180142,-0.047504805028,-0.317986756563,-0.553535997868,-0.679874241352,-0.703315019608,-0.675946235657,-0.672346591949,-0.549711108208,-0.367976427078,-0.113484792411,0.185134425759,0.317973643541,0.486549258232,0.643756270409,0.555666565895,0.550814330578,0.638325631618,0.557854831219,0.379676669836,0.086409635842,-0.189679533243,-0.296266555786,-0.394716560841,-0.495324909687,-0.569613933563,-0.627627015114,-0.594072163105,-0.544042229652,-0.557429611683,-0.484450817108,-0.327150881290,-0.322685152292,-0.297401487827,-0.167282089591,-0.048539750278,0.162130713463,0.147185683250,0.035668283701,0.131914749742,0.210378676653,0.400499522686,0.373862504959,0.093915157020,0.050737936050,-0.057344216853,-0.123031780124,-0.111021302640,-0.377278417349,-0.507294178009,-0.527256011963,-0.648895919323,-0.513776123524,-0.327396243811,-0.183446928859,0.060708519071,0.152023285627,0.231232956052,0.318003714085,0.358934909105,0.480580061674,0.530020654202,0.626782000065,0.656058788300,0.614941537380,0.663053393364,0.469301313162,0.334656745195,0.272396147251,-0.052775397897,-0.203275814652,-0.187133684754,-0.270956993103,-0.281689077616,-0.199254825711,-0.264160364866,-0.423715621233,-0.473870694637,-0.421402484179,-0.275977820158,-0.174095556140,0.003276841948,0.283535212278,0.361908406019,0.428403288126,0.482940971851,0.406391203403,0.363917976618,0.293605148792,0.204900562763,0.102470830083,-0.042523790151,-0.176852360368,-0.291640251875,-0.424508482218,-0.625876188278,-0.744593083858,-0.734779179096,-0.713600873947,-0.606643080711,-0.322888195515,-0.151620954275,-0.197996765375,-0.069699406624,0.009300856851,0.034351076931,0.301703810692,0.296828657389,0.334050387144,0.576587855816,0.433516114950,0.392260611057,0.375447601080,0.114018984139,0.018659876660,-0.206444397569,-0.406696557999,-0.367237985134,-0.447514086962,-0.399675965309,-0.226480916142,-0.247250810266,-0.278388619423,-0.261575639248,-0.310988336802,-0.230517879128,-0.012304224074,0.165413886309,0.374935567379,0.516432881355,0.464094668627,0.358825415373,0.350782364607,0.374305129051,0.323657691479,0.300550848246,0.229811325669,0.057678185403,-0.135564461350,-0.288361907005,-0.371986001730,-0.541071772575,-0.618356645107,-0.591976284981,-0.568857192993,-0.296854615211,-0.031982231885,0.078929446638,0.126599520445,0.169018179178,0.361751168966,0.405017048120,0.388038575649,0.539828717709,0.615835368633,0.576175868511,0.445220798254,0.298902958632,0.178782582283,0.083662547171,-0.113676153123,-0.431192457676,-0.453580617905,-0.353983104229,-0.384487539530,-0.334107458591,-0.332245916128,-0.429510980844,-0.446375757456,-0.390284270048,-0.319450914860,-0.203140571713,-0.105680659413,0.049878306687,0.252017736435,0.261256843805,0.278056502342,0.310341060162,0.314059019089,0.297342687845,0.148722633719,0.141950100660,0.071027196944,-0.076259762049,-0.144359529018,-0.332978248596,-0.441678225994,-0.579545676708,-0.599088907242,-0.415150284767,-0.285644620657,-0.014887640253,0.098642729223,0.144864633679,0.356546044350,0.386393398046,0.474109798670,0.639035165310,0.718553602695,0.762813746929,0.686862409115,0.625827968121,0.530607461929,0.322512716055,0.132944419980,-0.070781394839,-0.301263004541,-0.441022813320,-0.478321194649,-0.429962038994,-0.307935625315,-0.236896455288,-0.147412717342,-0.114665620029,-0.205808416009,-0.212117597461,-0.237090140581,-0.205889374018,-0.037951044738,0.112796694040,0.201061964035,0.137759551406,0.108400397003,0.121127568185,0.038688637316,-0.033251859248,-0.091558329761,-0.108901917934,-0.208169505000,-0.313092738390,-0.384438902140,-0.578869938850,-0.620469212532,-0.602338194847,-0.592117965221,-0.494644194841,-0.389641165733,-0.151043072343,-0.027583645657,0.025236785412,0.139213144779,0.177780672908,0.244283214211,0.324608832598,0.486797451973,0.437595486641,0.307785838842,0.333262562752,0.142913892865,0.134813815355,0.077363438904,-0.132710322738,-0.053464904428,-0.179883807898,-0.227437317371,-0.129156619310,-0.161579430103,-0.119513519108,-0.206906676292,-0.212750285864,-0.211463570595,-0.242929399014,-0.095244385302,0.065933652222,0.371882170439,0.509399056435,0.457302927971,0.506259977818,0.559058010578,0.576574981213,0.428224653006,0.394026905298,0.312363058329,0.111833035946,0.052331499755,-0.255628407001,-0.449826836586,-0.463479995728,-0.616338431835,-0.601224958897,-0.440074384212,-0.257167220116,-0.162839531898,0.031573668122,0.132444530725,0.039675440639,0.270745515823,0.362611383200,0.312821269035,0.430973768234,0.425905972719,0.431107699871,0.470430612564,0.429623425007,0.131510168314,-0.094769373536,-0.152984008193,-0.432700186968,-0.451949387789,-0.381953716278,-0.433210253716,-0.391687929630,-0.487323552370,-0.476144045591,-0.491601765156,-0.503957927227,-0.327764123678,-0.212762564421,0.074362292886,0.204121828079,0.127146676183,0.235929295421,0.185028359294,0.146115899086,0.236130386591,0.247365131974,0.219599545002,0.037644386292,-0.147715598345,-0.275856852531,-0.437062382698,-0.627572715282,-0.759236395359,-0.591131031513,-0.445065170527,-0.437419176102,-0.239547878504,-0.063177093863,0.037104256451,0.258483767509,0.471903145313,0.544276237488,0.550886571407,0.561895668507,0.592542350292,0.611389219761,0.553162157536,0.484402567148,0.313626140356,0.085234604776,0.030561417341,0.005271294154,-0.057763483375,-0.242518171668,-0.413649648428,-0.335162878036,-0.323002845049,-0.281761735678,-0.228546515107,-0.298490077257,-0.149853348732,-0.043736483902,-0.011248548515,0.166716352105,0.266182661057,0.303584724665,0.308482527733,0.416245311499,0.609216988087,0.605203449726,0.440091848373,0.291162550449,0.207613170147,-0.026353856549,-0.195957124233,-0.201109379530,-0.426871687174,-0.536685347557,-0.464844346046,-0.460753232241,-0.394235581160,-0.377867907286,-0.386036694050,-0.236435100436,0.046492937952,0.149874791503,0.228193119168,0.487299501896,0.431513369083,0.510652184486,0.815103411674,0.575136303902,0.353103190660,0.354017138481,0.161227032542,0.059604618698,0.004314267077,-0.250100821257,-0.464677900076,-0.388471901417,-0.294117838144,-0.299733638763,-0.247063726187,-0.265939801931,-0.239820584655,-0.114520154893,0.074515044689,0.293722152710,0.358026385307,0.440868914127,0.548548102379,0.636558234692,0.591498076916,0.469536095858,0.574320495129,0.438135504723,0.226304814219,0.152107477188,-0.147263631225,-0.209828719497,-0.247226968408,-0.507598519325,-0.539014041424,-0.545811116695,-0.556229829788,-0.442181169987,-0.406975984573,-0.315964728594,-0.092744611204,-0.023989412934,0.122540540993,0.350389420986,0.287217319012,0.351100325584,0.424369543791,0.321770757437,0.428334593773,0.416020393372,0.249306440353,0.151982992887,0.019695628434,-0.199018448591,-0.382407903671,-0.354267477989,-0.415562689304,-0.505924105644,-0.421004980803,-0.339689612389,-0.219397947192,-0.174325317144,-0.202667579055,-0.222416937351,-0.144676446915,0.035373371094,0.006060233805,-0.018009379506,0.075086958706,0.132518813014,0.233320564032,0.294316709042,0.299683183432,0.319412142038,0.381418615580,0.301705926657,0.078865192831,-0.048925977200,-0.146707281470,-0.320732623339,-0.469147801399,-0.353501141071,-0.400119125843,-0.696334600449,-0.510232865810,-0.233242571354,-0.220440164208,0.000775372493,0.209527164698,0.120085515082,0.267065256834,0.506371080875,0.482780933380,0.755695700645,0.843175411224,0.696895420551,0.761161804199,0.470232009888,0.322608262300,0.197991326451,-0.138332083821,-0.127961069345,-0.211177945137,-0.274719923735,-0.272838860750,-0.295434236526,-0.338945746422,-0.444378197193,-0.237576603889,-0.273245960474,-0.223914980888,0.043596878648,-0.025276055560,0.318911641836,0.547265172005,0.437311381102,0.538777828217,0.444620639086,0.403162389994,0.401982843876,0.294318497181,0.199700236320,0.033843494952,-0.109363906085,-0.354591965675,-0.573629319668,-0.671359658241,-0.743946075439,-0.681227505207,-0.563263058662,-0.467504054308,-0.400384306908,-0.240293398499,-0.006744867191,0.099894344807,0.279045224190,0.491357296705,0.478251963854,0.565217256546,0.662578344345,0.524051308632,0.478753209114,0.240872755647,-0.072376310825,-0.152075499296,-0.404400855303,-0.488044053316,-0.527685165405,-0.602516353130,-0.321405529976,-0.385535955429,-0.489174276590,-0.258252978325,-0.296157568693,-0.229722082615,-0.029239444062,-0.016702296212,0.079076282680,0.274454295635,0.391655951738,0.464875102043,0.532257735729,0.457384020090,0.409064799547,0.401475429535,0.331026375294,0.388772964478,0.224330767989,-0.065810702741,-0.091941103339,-0.260891616344,-0.445677936077,-0.467126041651,-0.539403736591,-0.515637218952,-0.456777960062,-0.218561202288,0.165539219975,0.230810746551,0.306507110596,0.398588597775,0.266762435436,0.295427083969,0.414257496595,0.556988954544,0.635993599892,0.524709999561,0.479558050632,0.355048298836,0.127940803766,-0.020766561851,-0.058459766209,-0.239050924778,-0.446623384953,-0.174443811178,-0.212700128555,-0.416780769825,-0.201830476522,-0.416849851608,-0.594747066498,-0.446772068739,-0.384733855724,-0.135510668159,0.110243745148,0.322572201490,0.403656005859,0.356799662113,0.475191175938,0.425650328398,0.324170708656,0.322858393192,0.174862071872,0.100593045354,-0.094673834741,-0.398460090160,-0.412464261055,-0.581478297710,-0.741898536682,-0.578177452087,-0.512346625328,-0.378075301647,-0.168171137571,-0.006182522513,0.168846011162,0.201595768332,0.363936841488,0.649002313614,0.713394045830,0.734689474106,0.834259629250,0.737405657768,0.559240400791,0.474576383829,0.182840302587,-0.062595084310,-0.234085276723,-0.455120384693,-0.362138062716,-0.384010940790,-0.414552122355,-0.188194870949,-0.176216229796,-0.136450424790,-0.115581080317,-0.232924237847,-0.176591590047,-0.087792135775,-0.008575053886,0.146517276764,0.202908843756,0.135961502790,0.179225146770,0.193789795041,0.188313379884,0.250242829323,0.068585842848,-0.082476980984,-0.072908110917,-0.033690918237,-0.036299631000,-0.275277584791,-0.423579573631,-0.484174370766,-0.469701498747,-0.319618403912,-0.263303220272,-0.092613689601,-0.036650456488,-0.157652601600,-0.010418504477,0.236458450556,0.225269228220,0.149285018444,0.363961547613,0.436291903257,0.359715431929,0.479279458523,0.375104337931,0.191650658846,0.165593221784,0.119349822402,0.057579778135,-0.078616544604,-0.201270252466,-0.197676837444,-0.202862054110,-0.309336721897,-0.220330283046,-0.126809418201,-0.347207516432,-0.296059727669,-0.124791935086,-0.152553662658,0.004869078752,0.185341089964,0.206563472748,0.160812661052,0.168360903859,0.182471260428,0.153025299311,0.211836203933,0.199207082391,0.189326271415,0.172075524926,-0.001826415304,-0.105487428606,-0.222519844770,-0.336032897234,-0.357552647591,-0.471762537956,-0.528653264046,-0.361021190882,-0.130741253495,-0.045627940446,-0.042378775775,0.048954613507,0.122091531754,0.117991358042,0.241064220667,0.443917214870,0.482145696878,0.445818483829,0.460240781307,0.388349920511,0.200437799096,0.072857208550,-0.039356622845,-0.162260740995,-0.198821350932,-0.333712875843,-0.405218750238,-0.276294589043,-0.233836621046,-0.181794524193,-0.159746438265,-0.259080588818,-0.235330671072,-0.168486073613,-0.141688242555,0.020913206041,0.279846191406,0.443597912788,0.491741627455,0.403765499592,0.301598429680,0.412553369999,0.432541519403,0.271056860685,0.137832939625,-0.094068296254,-0.262100249529,-0.324943125248,-0.478967905045,-0.620029270649,-0.686462104321,-0.654222428799,-0.484689295292,-0.207942217588,-0.035123601556,0.004099118989,0.134316667914,0.217594429851,0.277148872614,0.389826029539,0.360944688320,0.371497452259,0.456255614758,0.488240182400,0.522362291813,0.421589702368,0.142968803644,-0.174809977412,-0.284065485001,-0.197853162885,-0.182757407427,-0.196202591062,-0.214248299599,-0.229715108871,-0.267089664936,-0.361855924129,-0.449559569359,-0.456012398005,-0.255100578070,-0.170234173536,-0.127077490091,0.112252876163,0.175177961588,0.260162502527,0.370630919933,0.444645971060,0.557802975178,0.414738923311,0.378885179758,0.280918776989,0.003391111735,-0.007594900206,-0.165965035558,-0.406339198351,-0.530072450638,-0.646605253220,-0.615949332714,-0.551536977291,-0.458072483540,-0.271513342857,-0.025227893144,0.112021476030,0.245634093881,0.470898300409,0.496498256922,0.568503022194,0.662966907024,0.583356797695,0.551836848259,0.425000846386,0.223602950573,0.030926242471,-0.164838120341,-0.236373692751,-0.345472425222,-0.493350178003,-0.488785296679,-0.411616712809,-0.339111685753,-0.248238131404,-0.265096724033,-0.357643187046,-0.263146549463,-0.080319061875,0.088149502873,0.245123609900,0.281346142292,0.374464452267,0.511635065079,0.571949839592,0.559684336185,0.406725704670,0.320931017399,0.231459975243,0.096131555736,0.015451187268,-0.281575471163,-0.503919064999,-0.582275390625,-0.755642473698,-0.737163722515,-0.707034885883,-0.709542691708,-0.537920892239,-0.357602804899,-0.183424279094,-0.019669335335,0.159922927618,0.246858268976,0.237145319581,0.322032123804,0.356928944588,0.437289357185,0.524353444576,0.436012089252,0.347324490547,0.185822352767,-0.033167995512,-0.232080847025,-0.396682232618,-0.403008788824,-0.382252216339,-0.460426419973,-0.509748339653,-0.355028957129,-0.233173713088,-0.302807748318,-0.279420077801,-0.264058351517,-0.270784825087,-0.041767422110,0.176901683211,0.230793625116,0.334650188684,0.371702313423,0.349061667919,0.415828198195,0.328727275133,0.232108324766,0.179030448198,0.025892179459,0.047459475696,-0.034488994628,-0.270073324442,-0.380291014910,-0.551237881184,-0.557421088219,-0.392574250698,-0.296954929829,-0.227131351829,-0.098189629614,0.178470194340,0.264415085316,0.259199202061,0.318371623755,0.274983853102,0.471172034740,0.588099956512,0.439205378294,0.406378626823,0.340956330299,0.196487963200,0.007807387505,-0.107372649014,-0.315200805664,-0.535917282104,-0.382215827703,-0.413198679686,-0.455343961716,-0.303402662277,-0.416727930307,-0.405312329531,-0.466795802116,-0.621812522411,-0.372939616442,-0.145630240440,-0.014997228980,0.195703804493,0.289756089449,0.359387874603,0.498013526201,0.430071324110,0.306415349245,0.324109613895,0.124033436179,0.065063357353,0.172176539898,-0.115621455014,-0.350451022387,-0.519296944141,-0.735540688038,-0.607031762600,-0.580555200577,-0.636903882027,-0.332213580608,-0.159474641085,-0.145800650120,0.038061413914,0.151205420494,0.276470959187,0.386528581381,0.363180458546,0.480605125427,0.486842066050,0.434478074312,0.511102676392,0.358737975359,0.275048047304,0.130627617240,-0.297939479351,-0.410941779613,-0.376319110394,-0.384979546070,-0.411755651236,-0.472195923328,-0.319676429033,-0.282603800297,-0.345471411943,-0.363409489393,-0.416655719280,-0.191436007619,0.039422135800,0.167509943247,0.265861630440,0.170926019549,0.240962624550,0.288122147322,0.216924712062,0.344308912754,0.351241648197,0.336463063955,0.350134730339,0.165533468127,-0.013091665693,-0.306939631701,-0.519774973392,-0.481513142586,-0.605921268463,-0.612254142761,-0.457836359739,-0.425766527653,-0.233964592218,-0.010406333953,0.128347590566,0.255926012993,0.274401336908,0.400251567364,0.565744876862,0.543961286545,0.514472126961,0.514107048512,0.396127700806,0.225985556841,0.066428162158,-0.134836360812,-0.276462733746,-0.365282148123,-0.386316686869,-0.330946415663,-0.379325956106,-0.384372591972,-0.378821641207,-0.454870641232,-0.444341659546,-0.421671658754,-0.304881691933,-0.156412556767,-0.085124596953,0.093712776899,0.228564336896,0.292462557554,0.389481097460,0.403970927000,0.397626340389,0.335413992405,0.178889587522,0.127913653851,0.042253252119,-0.215312570333,-0.442759424448,-0.524198472500,-0.439336627722,-0.415900081396,-0.396684378386,-0.262398630381,-0.181361377239,0.067089252174,0.246317103505,0.361399829388,0.621089935303,0.581450164318,0.578393459320,0.698472261429,0.726166307926,0.801831960678,0.765264451504,0.648456215858,0.382899761200,0.168242260814,-0.025543214753,-0.294988781214,-0.283333718777,-0.360047519207,-0.432059407234,-0.488234728575,-0.598181843758,-0.361818492413,-0.388659745455,-0.505395889282,-0.454177975655,-0.480396687984,-0.247236683965,-0.210995644331,-0.268635839224,-0.159959286451,-0.148048087955,-0.012964334339,0.000104259598,-0.065452694893,-0.036024965346,-0.033429417759,-0.014531287365,-0.086130589247,-0.193007215858,-0.348342359066,-0.460645705462,-0.543396830559,-0.642562866211,-0.585038959980,-0.637285292149,-0.573736488819,-0.290103822947,-0.194959744811,-0.003974123858,0.217079550028,0.180702298880,0.129472851753,0.163628667593,0.263673275709,0.411552488804,0.459506660700,0.450488418341,0.531444847584,0.439423292875,0.281214177608,0.254775345325,0.035452928394,-0.103118650615,-0.069557882845,-0.118034757674,-0.079438284039,-0.054281093180,-0.116701409221,-0.270717710257,-0.430997371674,-0.394856631756,-0.281054735184,-0.079263642430,0.135572105646,0.211024537683,0.309629440308,0.485837429762,0.525318384171,0.384449213743,0.412990421057,0.438681185246,0.255368202925,0.147124484181,-0.091754801571,-0.296125411987,-0.371716529131,-0.567437171936,-0.552793622017,-0.582034289837,-0.592547357082,-0.344253361225,-0.197204664350,0.019512018189,0.022372882813,-0.022696912289,0.241916447878,0.294327169657,0.393216133118,0.451221525669,0.397365480661,0.501844763756,0.364932388067,0.211271077394,0.113861858845,-0.013518853113,-0.090721592307,-0.267001986504,-0.400487154722,-0.589290082455,-0.700883507729,-0.681143522263,-0.567825913429,-0.300764679909,-0.375058919191,-0.478809833527,-0.406450271606,-0.437557905912,-0.284190684557,-0.103140905499,-0.000061858373,0.057310551405,0.116724506021,0.330973923206,0.357926547527,0.216869845986,0.167167976499,0.113966137171,0.045600719750,-0.016639487818,-0.158571511507,-0.308333784342,-0.328668534756,-0.349040091038,-0.383199542761,-0.338991165161,-0.263446211815,-0.181357562542,-0.029736647382,0.219768002629,0.336730897427,0.296464323997,0.259505063295,0.301765054464,0.407646089792,0.443466097116,0.549430727959,0.542996942997,0.335245490074,0.342605233192,0.348915159702,0.199782103300,0.065209120512,-0.062343902886,-0.125426426530,-0.175393864512,-0.234027832747,-0.205236971378,-0.099111273885,-0.160133525729,-0.244268864393,-0.137506559491,-0.159871503711,-0.128120735288,-0.032506246120,-0.036791197956,0.109146766365,0.153663545847,0.144205331802,0.200050503016,0.178623080254,0.203163862228,0.141572266817,0.001349809114,-0.172852337360,-0.380717664957,-0.528621852398,-0.608985066414,-0.616389274597,-0.702028691769,-0.699211359024,-0.619780182838,-0.530581176281,-0.274380385876,-0.186359182000,-0.046736240387,0.186370402575,0.193576142192,0.364214122295,0.504825115204,0.500064909458,0.617553651333,0.618600547314,0.519088149071,0.455461502075,0.347764909267,0.146693348885,-0.074633561075,-0.288968145847,-0.440165311098,-0.393099844456,-0.345005571842,-0.333593964577,-0.201659411192,-0.056592293084,0.032596413046,0.047780711204,0.082126580179,0.244574338198,0.388885080814,0.522057592869,0.699312388897,0.665062308311,0.574249505997,0.644010126591,0.567909359932,0.377239644527,0.194205582142,0.097103737295,0.067719250917,-0.132615089417,-0.287342160940,-0.430450111628,-0.556810975075,-0.527637958527,-0.621199667454,-0.558050274849,-0.321858137846,-0.230560615659,-0.145395085216,-0.031683679670,0.072449028492,0.100576885045,0.156246602535,0.162208676338,0.139455735683,0.233850747347,0.163978055120,0.166277199984,0.175572529435,0.007774714846,-0.104800306261,-0.279987961054,-0.280235856771,-0.292169690132,-0.377639830112,-0.288788199425,-0.372698247433,-0.389492720366,-0.367009252310,-0.350261271000,-0.252699941397,-0.393611878157,-0.362228810787,-0.222811713815,-0.177045792341,0.000322630774,0.121988408267,0.195081397891,0.219212904572,0.325127810240,0.475798457861,0.479594528675,0.427994698286,0.245416775346,0.112076900899,-0.019974358380,-0.142139062285,-0.168160095811,-0.438933134079,-0.503220558167,-0.390821397305,-0.532410800457,-0.434351384640,-0.204415485263,-0.017509983853,0.263076424599,0.399264007807,0.470845550299,0.587036430836,0.637973606586,0.671562433243,0.735617101192,0.648277580738,0.523318231106,0.531344056129,0.374782025814,0.215658694506,0.070298127830,-0.242707282305,-0.363115876913,-0.445313811302,-0.472851216793,-0.341311931610,-0.394565105438,-0.379425287247,-0.362464666367,-0.398887395859,-0.194231450558,-0.100369140506,0.017857972533,0.267548352480,0.219118773937,0.256689727306,0.554358303547,0.579562604427,0.490463227034,0.468436390162,0.217200472951,0.147360518575,0.209484100342,-0.063164316118,-0.238103985786,-0.572007894516,-0.859927415848,-0.626440346241,-0.716311991215,-0.680760502815,-0.352394014597,-0.378215879202,-0.160807415843,0.038249205798,-0.006901684683,0.229569464922,0.423391222954,0.422279000282,0.495916336775,0.462380498648,0.358132600784,0.520641028881,0.471989393234,0.240734040737,0.228457838297,-0.004016121849,-0.229975894094,-0.315191596746,-0.429107397795,-0.397802919149,-0.423484176397,-0.411436498165,-0.263765633106,-0.178935021162,-0.188873261213,-0.154209956527,0.013711299747,0.139972805977,0.147312059999,0.192534759641,0.426460266113,0.479285538197,0.422204166651,0.518574595451,0.389540195465,0.387552589178,0.381440013647,0.137440219522,0.068808339536,-0.162902951241,-0.354371398687,-0.352429628372,-0.378592014313,-0.418868958950,-0.540090322495,-0.430798768997,-0.271589547396,-0.104561343789,0.096892803907,0.192758351564,0.415744632483,0.381935626268,0.402719527483,0.657109498978,0.658456325531,0.719249963760,0.622458517551,0.406759738922,0.253582090139,0.032767422497,0.035602621734,-0.146543249488,-0.421485990286,-0.429133266211,-0.456288844347,-0.437650531530,-0.497043699026,-0.541680395603,-0.456927746534,-0.470530241728,-0.457121551037,-0.351491510868,-0.185360640287,-0.029260210693,0.081242829561,0.218320176005,0.401261627674,0.433242470026,0.355633825064,0.545811116695,0.524939894676,0.224556759000,0.194599792361,0.074898116291,-0.136608123779,-0.192587301135,-0.318290919065,-0.494344025850,-0.501704931259,-0.439226567745,-0.402700543404,-0.200070932508,-0.013641813770,0.198699101806,0.357809275389,0.363855808973,0.616966962814,0.596628248692,0.560414850712,0.837048172951,0.675199031830,0.657508313656,0.729105174541,0.475742131472,0.428922951221,0.307146072388,0.076922960579,-0.126225829124,-0.283855319023,-0.318827778101,-0.439932882786,-0.396408051252,-0.371042430401,-0.445875644684,-0.369467377663,-0.451569497585,-0.443230330944,-0.251863151789,-0.123445704579,-0.063696019351,-0.040450461209,0.135245352983,0.195405319333,0.242468103766,0.403523683548,0.295619070530,0.195600971580,0.206207439303,0.156996145844,0.026091389358,-0.112303994596,-0.193958789110,-0.411512315273,-0.545545995235,-0.598031401634,-0.630993366241,-0.549534797668,-0.499815225601,-0.244593933225,-0.091393262148,-0.049502793700,0.188927516341,0.202268853784,0.332907080650,0.555824637413,0.534416913986,0.601527512074,0.659524559975,0.662086188793,0.673407733440,0.620285153389,0.335152745247,0.048485916108,0.007122687530,-0.179667472839,-0.285234361887,-0.330352634192,-0.446509242058,-0.348287582397,-0.368530243635,-0.348691999912,-0.309778362513,-0.371672868729,-0.223403424025,-0.102110713720,0.093525335193,0.285073012114,0.503280460835,0.780761361122,0.633628070354,0.579331219196,0.649158418179,0.492639929056,0.296781718731,0.043671205640,-0.093117780983,-0.390462279320,-0.627100527287,-0.546170115471,-0.668643832207,-0.745880603790,-0.747327685356,-0.568991005421,-0.240725651383,-0.221065670252,-0.025935521349,0.209866896272,0.217891529202,0.410228550434,0.613340139389,0.553354084492,0.617175936699,0.907487690449,0.693107366562,0.480742931366,0.567517459393,0.153930231929,-0.099134214222,-0.183365568519,-0.451961874962,-0.383594691753,-0.442481189966,-0.461221903563,-0.237829059362,-0.320491015911,-0.319962620735,-0.247910708189,-0.316359519958,-0.257223069668,-0.099850878119,0.081456318498,0.121908098459,0.095084249973,0.165230125189,0.285626590252,0.287253975868,0.159508034587,0.198019310832,0.113019846380,-0.027544900775,0.063847333193,-0.086772538722,-0.267643690109,-0.334659308195,-0.545809805393,-0.570820450783,-0.462404340506,-0.341178208590,-0.140750497580,-0.092087909579,-0.032038934529,0.193058714271,0.354978591204,0.420399904251,0.448156654835,0.519722878933,0.596033871174,0.608363568783,0.653449177742,0.579540073872,0.421546369791,0.287456333637,-0.002551069483,-0.208087339997,-0.313754290342,-0.416609555483,-0.385040462017,-0.433338016272,-0.348957926035,-0.190530985594,-0.245868191123,-0.273100316525,-0.312803179026,-0.161518290639,0.088962830603,0.225308299065,0.431262820959,0.436561107635,0.502944111824,0.582236528397,0.442404687405,0.539881408215,0.415597856045,0.138228639960,0.154571130872,-0.015231389552,-0.257535219193,-0.437973320484,-0.655486345291,-0.766976654530,-0.732917845249,-0.629483938217,-0.603100121021,-0.406904935837,-0.114221438766,0.038540817797,0.206631734967,0.231895819306,0.273946195841,0.447109133005,0.497334092855,0.513552010059,0.527708351612,0.434957087040,0.238795563579,0.220667600632,0.193578481674,-0.081172868609,-0.182995080948,-0.364345848560,-0.492568612099,-0.324667364359,-0.396775454283,-0.247718989849,-0.013682113029,-0.099285401404,0.076351456344,0.173410028219,0.131100177765,0.294349700212,0.402336478233,0.456035494804,0.571717202663,0.705834865570,0.607459962368,0.393552929163,0.251464366913,0.127317264676,0.121296115220,-0.030154990032,-0.246264770627,-0.378973573446,-0.552277445793,-0.518705070019,-0.497208058834,-0.595348000526,-0.531699240208,-0.386533200741,-0.210264012218,-0.034386646003,0.059716034681,0.155487000942,0.280463665724,0.305116713047,0.402429521084,0.464344203472,0.252153366804,0.195478409529,0.154072955251,0.032346114516,-0.010767323896,-0.237690180540,-0.260953962803,-0.265447109938,-0.390661090612,-0.241845428944,-0.345815360546,-0.371513724327,-0.191950574517,-0.284909337759,-0.169011756778,-0.167250886559,-0.377173095942,-0.294758081436,-0.215390175581,-0.149298340082,0.028360648081,0.162134975195,0.206045821309,0.287127315998,0.339406102896,0.323231965303,0.401997447014,0.277884513140,0.093927286565,0.010654676706,-0.222673684359,-0.353655457497,-0.520528614521,-0.660891771317,-0.593145310879,-0.659457385540,-0.632565855980,-0.407843321562,-0.143013089895,0.117100261152,0.206983819604,0.284951865673,0.444110393524,0.525414168835,0.613087534904,0.682321548462,0.611708641052,0.655472457409,0.695274472237,0.528089761734,0.408900469542,0.166399523616,-0.166293427348,-0.313688099384,-0.475611895323,-0.622069358826,-0.611797928810,-0.530904293060,-0.382522165775,-0.194019302726,-0.147457391024,-0.129334345460,-0.011734987609,0.056228067726,0.246102824807,0.438167423010,0.433964699507,0.436994373798,0.360281318426,0.335679113865,0.340724825859,0.207042589784,0.254573583603,0.226752027869,-0.080070152879,-0.230436474085,-0.257760018110,-0.433910548687,-0.601907074451,-0.576897144318,-0.598744452000,-0.589824080467,-0.360409140587,-0.199376225471,-0.009286760353,0.208699405193,0.271323710680,0.364954203367,0.399500340223,0.341835469007,0.283335626125,0.268313944340,0.326368123293,0.279925793409,0.162311255932,-0.020413465798,-0.232938587666,-0.348690420389,-0.467155158520,-0.542958915234,-0.553453803062,-0.469527602196,-0.349671334028,-0.344414949417,-0.298110216856,-0.294953316450,-0.425394684076,-0.349397182465,-0.026887042448,0.138465717435,0.182982832193,0.298868775368,0.239824011922,0.201072990894,0.369228690863,0.404994875193,0.268427878618,0.200508907437,0.159402668476,-0.081379748881,-0.191658332944,-0.230285584927,-0.468623429537,-0.495261043310,-0.566518366337,-0.654726147652,-0.540798127651,-0.495190232992,-0.247163370252,-0.122203499079,-0.122599460185,0.118161737919,0.246270000935,0.395885407925,0.462041646242,0.501385331154,0.692102611065,0.659926414490,0.637948691845,0.578605592251,0.417365193367,0.323732972145,0.052482198924,-0.143649473786,-0.268988341093,-0.436212390661,-0.387632846832,-0.348122447729,-0.359106391668,-0.370352327824,-0.397690951824,-0.302429646254,-0.215229064226,-0.114425688982,-0.035658851266,0.051648680121,0.270890831947,0.323497921228,0.327307701111,0.343779265881,0.281455487013,0.352157622576,0.288603067398,0.131450042129,0.118423365057,0.041010696441,-0.094040431082,-0.260390371084,-0.411342114210,-0.523125171661,-0.595464348793,-0.516097009182,-0.431473493576,-0.309239387512,-0.127615198493,0.001778082922,0.282288163900,0.470159262419,0.456427395344,0.587698161602,0.670219540596,0.656196832657,0.578547656536,0.359177857637,0.224878206849,0.154360815883,0.115894608200,0.046397641301,-0.106288999319,-0.192520439625,-0.321847766638,-0.398224562407,-0.382955938578,-0.416200876236,-0.302473902702,-0.232280686498,-0.361616730690,-0.378368407488,-0.396741539240,-0.395592540503,-0.219806879759,-0.195764437318,-0.130446374416,0.068880125880,0.072270251811,0.138026297092,0.218885317445,0.174666464329,0.140171036124,0.019356580451,-0.110764153302,-0.227092623711,-0.280542224646,-0.337621361017,-0.477293729782,-0.560531914234,-0.728297352791,-0.762835323811,-0.620615720749,-0.459491491318,-0.195287093520,-0.106660544872,0.028359035030,0.163293898106,0.135879337788,0.370280206203,0.495161563158,0.505520641804,0.613144636154,0.542233765125,0.489641010761,0.404866099358,0.269967794418,0.166890770197,-0.044008031487,-0.250327765942,-0.402417212725,-0.417097240686,-0.376271188259,-0.335526496172,-0.250923007727,-0.287307441235,-0.349628686905,-0.504092276096,-0.522640168667,-0.222037225962,-0.038884200156,0.145477429032,0.268606632948,0.259271591902,0.322554320097,0.325821876526,0.369891434908,0.312576651573,0.221972137690,0.255298405886,0.097662255168,-0.053605929017,-0.153233379126,-0.341557592154,-0.457868278027,-0.574214577675,-0.659685671329,-0.573348999023,-0.406204193830,-0.281232357025,-0.194039225578,-0.087376855314,0.060459438711,0.200781688094,0.349653780460,0.442556291819,0.426595419645,0.513031899929,0.552261412144,0.484003275633,0.441187888384,0.288067162037,0.177620589733,0.066313154995,-0.092468179762,-0.224509194493,-0.361821115017,-0.370344072580,-0.449562132359,-0.477741688490,-0.421872377396,-0.500194191933,-0.411849677563,-0.370988041162,-0.351374894381,-0.158176586032,-0.104949377477,0.103167369962,0.360592007637,0.317750126123,0.346751213074,0.357099175453,0.162058308721,0.075534820557,0.072413936257,-0.016061075032,-0.082648515701,-0.222585022449,-0.439186513424,-0.503954112530,-0.545948326588,-0.630450308323,-0.658529400826,-0.596324086189,-0.397698223591,-0.240701884031,-0.167911753058,-0.051286425442,0.032377917320,0.069431684911,0.207346081734,0.378423511982,0.419822037220,0.512829720974,0.557933747768,0.395555138588,0.369809746742,0.349496066570,0.146128833294,-0.061339661479,-0.267847687006,-0.399476051331,-0.421281307936,-0.357177138329,-0.338674932718,-0.395729660988,-0.414908707142,-0.450703680515,-0.404428958893,-0.310279935598,-0.180278137326,-0.038023330271,0.096375793219,0.325840026140,0.370618134737,0.449690461159,0.533324241638,0.469548612833,0.616719305515,0.452142775059,0.206374675035,0.180615752935,-0.066677443683,-0.152431562543,-0.338020861149,-0.662503361702,-0.678700149059,-0.654712915421,-0.613029778004,-0.549150109291,-0.410256475210,-0.221498250961,-0.008213452995,0.153887212276,0.125681504607,0.268089711666,0.326682686806,0.379188209772,0.591567814350,0.467854052782,0.501561939716,0.577516376972,0.381553888321,0.198257893324,-0.130894541740,-0.300880491734,-0.367653399706,-0.378413349390,-0.276296973228,-0.278074741364,-0.087414920330,-0.040457323194,-0.078408561647,-0.020421098918,-0.136846318841,0.020951807499,0.172030955553,0.312408447266,0.565434277058,0.458494722843,0.412904798985,0.300102978945,0.148598864675,0.301390111446,0.239384144545,0.070853494108,-0.052716825157,-0.174817979336,-0.241084352136,-0.378535240889,-0.525360941887,-0.697676777840,-0.695050537586,-0.572740614414,-0.576399743557,-0.491015225649,-0.327940762043,-0.195128872991,-0.090782403946,0.062808610499,0.162605807185,0.144084617496,0.221991881728,0.299034357071,0.385552853346,0.336630076170,0.181884095073,0.151526898146,-0.106290295720,-0.240335881710,-0.222957938910,-0.448246926069,-0.452587157488,-0.443887650967,-0.537069082260,-0.473258912563,-0.448762804270,-0.404189854860,-0.388702750206,-0.355653077364,-0.246182665229,-0.200700268149,-0.057042218745,0.168279275298,0.320972383022,0.397990167141,0.490481972694,0.599202156067,0.644922494888,0.639303922653,0.466301292181,0.343180179596,0.313209533691,0.020364047959,-0.181009799242,-0.319206565619,-0.589951932430,-0.553682327271,-0.527061164379,-0.500681102276,-0.211684390903,-0.182462021708,-0.112941309810,0.165092647076,0.270052254200,0.380277127028,0.421072036028,0.551769435406,0.812432944775,0.741840600967,0.599271178246,0.474586039782,0.191342383623,0.017538186163,-0.087414130569,-0.338849335909,-0.553965330124,-0.589213907719,-0.623926997185,-0.628148734570,-0.559115588665,-0.435476362705,-0.301101416349,-0.399731934071,-0.426939487457,-0.273545414209,-0.172989040613,0.023527136073,0.129382029176,0.185987323523,0.333847045898,0.405736595392,0.476206749678,0.438652545214,0.294882625341,0.149595305324,-0.033852241933,-0.195134654641,-0.357150018215,-0.495035052299,-0.671608507633,-0.800419867039,-0.718883097172,-0.631379783154,-0.487067133188,-0.232579410076,-0.022956766188,0.146528348327,0.292396813631,0.483051508665,0.601355373859,0.558429837227,0.546536684036,0.621670126915,0.579948604107,0.437389522791,0.467428982258,0.319636046886,0.037223394960,0.008476992138,-0.306488960981,-0.566331863403,-0.346545994282,-0.394564956427,-0.572712421417,-0.404103994370,-0.264415800571,-0.316492795944,-0.181089222431,-0.077794551849,-0.257669091225,-0.174922451377,0.089552767575,0.198561295867,0.395541667938,0.526292502880,0.429069370031,0.421693176031,0.445050388575,0.346332877874,0.281246334314,0.137601926923,-0.052693568170,-0.169604942203,-0.328234076500,-0.410712510347,-0.490968078375,-0.613533079624,-0.599271833897,-0.593984007835,-0.583340823650,-0.421769469976,-0.245592072606,-0.071459375322,0.187401950359,0.271945238113,0.185788691044,0.287632793188,0.410043030977,0.375771194696,0.344588458538,0.413344383240,0.409578919411,0.243868127465,0.142738521099,-0.129389941692,-0.414011716843,-0.330014914274,-0.371966809034,-0.454481214285,-0.416675627232,-0.472619175911,-0.375937461853,-0.279582798481,-0.284205257893,-0.231361150742,-0.177606582642,-0.009687661193,0.286860853434,0.545651316643,0.596407949924,0.517618536949,0.513630211353,0.562512278557,0.572835028172,0.418290674686,0.200162991881,0.080245360732,0.003033675021,-0.031527467072,-0.112938314676,-0.307951748371,-0.393617212772,-0.310679703951,-0.249001130462,-0.115448907018,0.097395963967,0.192278429866,0.357245892286,0.568469107151,0.617553055286,0.646201014519,0.654037654400,0.691124677658,0.788568079472,0.726908147335,0.600320696831,0.464399874210,0.259610235691,0.063986107707,-0.213507071137,-0.377221465111,-0.394253522158,-0.606879770756,-0.616147518158,-0.376203775406,-0.460752040148,-0.486374855042,-0.372477978468,-0.646595239639,-0.726744413376,-0.423841625452,-0.349075198174,-0.255683481693,-0.209942132235,-0.247034594417,0.005568821914,0.117584906518,0.208439633250,0.283066451550,0.022941568866,0.005363149568,0.082008123398,-0.051094245166,-0.124637179077,-0.251504957676,-0.510776042938,-0.631563544273,-0.596186757088,-0.705928087234,-0.562409281731,-0.304702430964,-0.380946487188,-0.108862973750,0.113081812859,0.072451896966,0.376834601164,0.480331122875,0.573275804520,0.774096190929,0.712928831577,0.833794355392,0.827203214169,0.651673078537,0.598005592823,0.299783229828,0.054857097566,-0.020588980988,-0.159366890788,-0.179408147931,-0.195892974734,-0.327789008617,-0.312127113342,-0.153365343809,-0.162518858910,-0.171062588692,-0.128084510565,-0.163822442293,0.082410037518,0.278364419937,0.304763287306,0.538184165955,0.509240388870,0.445675075054,0.489214539528,0.286187976599,0.299481332302,0.251030772924,0.044873170555,0.078695863485,-0.148667767644,-0.454537004232,-0.506120622158,-0.684475600719,-0.847227156162,-0.800967812538,-0.703779637814,-0.528388917446,-0.261095702648,-0.050572440028,0.093494430184,0.220065310597,0.330413609743,0.439589291811,0.470299750566,0.459566593170,0.532500326633,0.555193066597,0.482262462378,0.428384542465,0.250781565905,0.010083381087,-0.133925050497,-0.321590602398,-0.441530078650,-0.505767345428,-0.553669035435,-0.374247401953,-0.198431238532,-0.176840141416,-0.271494537592,-0.357484757900,-0.281174510717,-0.175921484828,0.076207354665,0.244029611349,0.205877229571,0.319736719131,0.405372142792,0.474688351154,0.498102486134,0.459229856730,0.333293378353,-0.011006183922,0.063785247505,0.071992747486,-0.274044424295,-0.248755246401,-0.427880823612,-0.613265156746,-0.490362733603,-0.463477969170,-0.313788592815,-0.137718543410,0.108334138989,0.171422138810,0.106520220637,0.333968579769,0.296343922615,0.315253943205,0.509163022041,0.447695910931,0.610047042370,0.639632523060,0.391081541777,0.322380602360,0.198641330004,0.079809479415,-0.078277908266,-0.226337417960,-0.141920417547,-0.202608928084,-0.254155486822,-0.136115297675,-0.237201213837,-0.395593494177,-0.320984661579,-0.275052577257,-0.343718111515,-0.135295227170,0.062466330826,0.011028843932,0.133359670639,0.273778110743,0.403361380100,0.467615336180,0.344373703003,0.372074037790,0.190708577633,-0.014235331677,0.093044899404,-0.109591640532,-0.275539278984,-0.295463919640,-0.505049586296,-0.494979858398,-0.484329104424,-0.492400616407,-0.272286385298,-0.202405497432,-0.103032849729,0.150318428874,0.215514093637,0.279852628708,0.459846496582,0.511737704277,0.546039402485,0.654351472855,0.629018783569,0.533035993576,0.376426070929,0.153587996960,0.134195476770,0.146664053202,0.057958148420,0.048794787377,0.040959428996,0.068099804223,0.003363978351,-0.150046437979,-0.030883682892,-0.035754393786,-0.172392174602,0.001389014535,0.000699722965,-0.023338021711,0.199642375112,0.164416864514,0.238326475024,0.487173259258,0.397421896458,0.470909178257,0.600732684135,0.222711205482,0.119581773877,0.193806633353,-0.192643523216,-0.141816109419,-0.043178852648,-0.537478685379,-0.600579917431,-0.597811639309,-0.782200872898,-0.529544770718,-0.367100924253,-0.365615159273,-0.246514946222,-0.145712956786,-0.081358060241,0.022798357531,0.207111418247,0.239393159747,0.186364397407,0.235554024577,0.376115441322,0.523023903370,0.372603923082,0.099211603403,-0.005476858001,-0.167738988996,-0.368105053902,-0.452563047409,-0.464411705732,-0.409396260977,-0.402425169945,-0.407538831234,-0.403868108988,-0.509461224079,-0.512117564678,-0.384150475264,-0.167695850134,0.140836775303,0.304293632507,0.387575447559,0.452459454536,0.442166775465,0.480591416359,0.573810338974,0.532404780388,0.369362235069,0.342327922583,0.231718420982,-0.028149925172,-0.186241924763,-0.467741012573,-0.610073566437,-0.490155845881,-0.481018155813,-0.324601858854,-0.152747824788,-0.076290406287,0.128950759768,0.262984752655,0.419835925102,0.461948096752,0.359375476837,0.483032107353,0.617530584335,0.625744700432,0.553614497185,0.391289442778,0.242050558329,0.116852581501,-0.050948552787,-0.261676251888,-0.417454779148,-0.505840718746,-0.398768275976,-0.180695936084,-0.147209659219,-0.140929475427,-0.211510971189,-0.386515259743,-0.317727804184,-0.143804445863,-0.101353339851,0.008434456773,0.310750603676,0.440566211939,0.411777079105,0.521827042103,0.393301278353,0.200084611773,0.222500890493,0.083325654268,0.007492751814,0.003666620236,-0.237984374166,-0.438288778067,-0.581550478935,-0.745131313801,-0.632708549500,-0.399482458830,-0.381867647171,-0.368467360735,-0.211202964187,-0.070429034531,0.144096255302,0.392801314592,0.442505896091,0.517177641392,0.529311299324,0.475817352533,0.619553208351,0.484416902065,0.344369560480,0.377867460251,0.063335038722,-0.121088914573,-0.190446913242,-0.413503229618,-0.468697875738,-0.432975471020,-0.380786836147,-0.289426296949,-0.179539665580,-0.220709040761,-0.372954964638,-0.272516518831,-0.046719055623,0.089640073478,0.175563275814,0.268009454012,0.319356858730,0.279594242573,0.297219425440,0.259809613228,0.223346889019,0.325473338366,0.156215548515,-0.054123144597,-0.021135088056,-0.173799067736,-0.334629774094,-0.383153140545,-0.551429629326,-0.655073821545,-0.599579632282,-0.428210079670,-0.279165357351,-0.150624781847,0.100876487792,0.354085564613,0.552648246288,0.571269869804,0.518992364407,0.638608992100,0.639166891575,0.555368661880,0.515956699848,0.306934833527,0.147413119674,0.103207662702,-0.119945831597,-0.410168945789,-0.569979548454,-0.617840111256,-0.601798355579,-0.541558563709,-0.451087683439,-0.398138135672,-0.297055333853,-0.162334784865,-0.065710783005,0.128328502178,0.226618528366,0.263587713242,0.370933473110,0.391280680895,0.510425150394,0.511528611183,0.349957585335,0.332568347454,0.211822748184,0.093578763306,0.047585982829,-0.087377130985,-0.168143287301,-0.230004504323,-0.348220705986,-0.443870007992,-0.415537238121,-0.343689650297,-0.251527220011,-0.055276237428,0.096787489951,0.182903200388,0.293947130442,0.471537053585,0.608044683933,0.565439105034,0.556598186493,0.575076878071,0.498686879873,0.544531524181,0.576241612434,0.365160971880,0.128791004419,-0.117418400943,-0.350579887629,-0.440010368824,-0.510230600834,-0.418546468019,-0.346402645111,-0.465814828873,-0.413739889860,-0.400652229786,-0.444779545069,-0.431047767401,-0.493256628513,-0.391454488039,-0.211164265871,-0.070570424199,0.042897854000,0.095012672246,0.162147134542,0.208646744490,0.235145628452,0.192046970129,0.183445245028,0.092253841460,-0.149650961161,-0.193066447973,-0.302340239286,-0.509237706661,-0.648112475872,-0.850975930691,-0.879782676697,-0.773449480534,-0.621751427650,-0.452301353216,-0.253895401955,0.045247193426,0.210004910827,0.409990996122,0.591936230659,0.619060456753,0.699264347553,0.698103368282,0.819158256054,0.825932025909,0.512435257435,0.420951962471,0.239612922072,-0.016619978473,-0.110126413405,-0.309275746346,-0.326338350773,-0.293602764606,-0.365598767996,-0.364941030741,-0.420830011368,-0.449090927839,-0.426717519760,-0.307172387838,-0.077173158526,0.170047149062,0.403670579195,0.527199685574,0.641008973122,0.648176133633,0.517279446125,0.407301396132,0.347956240177,0.336520314217,0.171245396137,-0.001323886216,-0.198273509741,-0.521530449390,-0.628379285336,-0.763031423092,-0.897019684315,-0.823894083500,-0.784498691559,-0.583076238632,-0.361475944519,-0.225924268365,0.033251740038,0.225651875138,0.367897093296,0.416697680950,0.481209725142,0.625677943230,0.574418306351,0.627903819084,0.658472776413,0.473997175694,0.347100496292,0.031564395875,-0.291079461575,-0.429413825274,-0.533312857151,-0.551804959774,-0.614824414253,-0.558700621128,-0.450387358665,-0.433142930269,-0.340996801853,-0.369269698858,-0.372473210096,-0.260444223881,-0.171230554581,-0.007039829623,0.088305309415,0.188873201609,0.265638798475,0.197087600827,0.227109387517,0.188433527946,0.054350271821,0.036075145006,0.019456485286,-0.012072069570,-0.174412548542,-0.386627972126,-0.473408818245,-0.567188799381,-0.548506975174,-0.517640888691,-0.555564641953,-0.406390666962,-0.224094182253,-0.089007951319,0.052924036980,0.174094915390,0.313005357981,0.338418304920,0.323228895664,0.411607086658,0.496173858643,0.557970225811,0.534012556076,0.380897164345,0.226017251611,0.126467198133,0.039850827307,-0.159960597754,-0.333678483963,-0.292320013046,-0.336613655090,-0.412044227123,-0.317742586136,-0.338805675507,-0.307286798954,-0.172723501921,-0.185803681612,-0.055386014283,0.174672141671,0.276368081570,0.377330332994,0.539951622486,0.613241732121,0.513730227947,0.451338857412,0.301444292068,0.149638727307,0.169793218374,0.019262021407,-0.119136527181,-0.247637614608,-0.498186856508,-0.571944296360,-0.684269309044,-0.841645777225,-0.814494252205,-0.707036435604,-0.547842800617,-0.374138414860,-0.148912757635,0.031927742064,0.112179674208,0.305710971355,0.478536367416,0.617260217667,0.774900376797,0.721859872341,0.622158885002,0.456551581621,0.174386337399,0.096480771899,-0.053617917001,-0.292085021734,-0.318627774715,-0.413172155619,-0.364233344793,-0.132935374975,-0.190243959427,-0.233999416232,-0.192049086094,-0.292831063271,-0.244092002511,-0.097517430782,-0.055420465767,0.107075482607,0.344440013170,0.315347611904,0.226638466120,0.261654794216,0.183807447553,0.196007087827,0.257678031921,0.122748866677,0.099251694977,0.099609456956,-0.069476313889,-0.228763356805,-0.413924217224,-0.672092258930,-0.770977556705,-0.620136082172,-0.546201109886,-0.512089371681,-0.349199086428,-0.241590663791,-0.145117029548,-0.047469720244,0.102461896837,0.204410076141,0.181509718299,0.317380666733,0.351816147566,0.395152747631,0.518792390823,0.328010112047,0.253426462412,0.174546018243,-0.113851740956,-0.282263368368,-0.376916110516,-0.305018156767,-0.357209950686,-0.467009633780,-0.348286002874,-0.401137053967,-0.428877979517,-0.346989959478,-0.383600443602,-0.297396153212,-0.085031382740,0.068559013307,0.268615126610,0.473465204239,0.375665307045,0.349415123463,0.483156323433,0.343416005373,0.320092499256,0.247698143125,0.003961527254,0.022396525368,-0.166005030274,-0.393435031176,-0.446709275246,-0.627366185188,-0.585169315338,-0.549287617207,-0.516619861126,-0.251975357533,-0.084365144372,0.165762990713,0.303143769503,0.303579360247,0.444463640451,0.450020194054,0.567469239235,0.671659052372,0.610947132111,0.634997069836,0.488777041435,0.314372360706,0.035746112466,-0.259624242783,-0.306364983320,-0.453095614910,-0.426224142313,-0.403242230415,-0.572071671486,-0.451752781868,-0.325877010822,-0.266992896795,-0.285740345716,-0.471174418926,-0.436607927084,-0.263215810061,-0.060552444309,0.182198673487,0.230354547501,0.239284157753,0.397217839956,0.520018041134,0.523599863052,0.451872706413,0.288375616074,0.099784038961,0.022044252604,-0.088923245668,-0.319352298975,-0.498827397823,-0.668317735195,-0.729552745819,-0.726380169392,-0.797883868217,-0.622803568840,-0.406322509050,-0.244240984321,0.034426018596,0.065437756479,0.099567577243,0.261109709740,0.320118397474,0.410316854715,0.381171464920,0.388145536184,0.444058865309,0.342810094357,0.240010499954,0.036372732371,-0.165119513869,-0.306162416935,-0.411663413048,-0.368976920843,-0.327223867178,-0.295799493790,-0.372195392847,-0.440563827753,-0.340826541185,-0.318707942963,-0.246558248997,-0.106813251972,0.025652816519,0.303809344769,0.508270323277,0.463741809130,0.440742850304,0.508722722530,0.426605731249,0.368580639362,0.328136950731,0.158214479685,0.073920831084,-0.123333744705,-0.364980369806,-0.546801984310,-0.756283223629,-0.660165250301,-0.627548575401,-0.753968596458,-0.545499145985,-0.282139331102,-0.104846641421,0.133631974459,0.331606566906,0.385078191757,0.462500363588,0.628778636456,0.681706309319,0.762032151222,0.743115484715,0.549994409084,0.439489573240,0.262173503637,0.060407150537,-0.178046554327,-0.419637978077,-0.536023080349,-0.596841037273,-0.472615510225,-0.516436100006,-0.591295361519,-0.473304182291,-0.603186547756,-0.518521249294,-0.334454506636,-0.205621108413,0.163054987788,0.221404105425,0.319299995899,0.522148549557,0.520307064056,0.631024837494,0.607119560242,0.585693240166,0.517931640148,0.245070695877,0.080269597471,-0.050066959113,-0.165267899632,-0.354477882385,-0.517069637775,-0.642086446285,-0.740124940872,-0.571502447128,-0.433201104403,-0.236085906625,-0.031451582909,0.020353944972,0.245783627033,0.318589955568,0.341489166021,0.546587526798,0.630500793457,0.672242283821,0.686675369740,0.697944045067,0.604964971542,0.327850520611,0.097522802651,-0.121853522956,-0.344267219305,-0.449243009090,-0.479666739702,-0.599338531494,-0.650363266468,-0.582736492157,-0.576566815376,-0.447539001703,-0.424350053072,-0.476260811090,-0.300150275230,-0.200927644968,0.004451569170,0.286380201578,0.291716277599,0.281804800034,0.339823722839,0.316020399332,0.276264578104,0.288383603096,0.104109309614,-0.159944608808,-0.238891586661,-0.375742614269,-0.503649055958,-0.655995368958,-0.867349624634,-0.860568344593,-0.804478049278,-0.748869597912,-0.511564075947,-0.176042586565,0.051093101501,0.312463343143,0.624493062496,0.626625061035,0.676087498665,0.858683288097,0.767681956291,0.795360922813,0.892209947109,0.679139137268,0.566101789474,0.384913146496,-0.076064527035,-0.162947475910,-0.223202213645,-0.569199860096,-0.552477240562,-0.465587615967,-0.505270957947,-0.356463432312,-0.291739195585,-0.315956056118,-0.185949072242,-0.002696500858,0.120656378567,0.285319447517,0.449010789394,0.527566969395,0.649267256260,0.722004711628,0.653280436993,0.534086167812,0.474309504032,0.311125129461,-0.000461933843,-0.097721084952,-0.290336370468,-0.550302147865,-0.568998873234,-0.734609484673,-0.812264084816,-0.830410242081,-0.901607811451,-0.621556282043,-0.373686164618,-0.231825232506,0.000950692513,0.103446878493,0.263070553541,0.451746970415,0.506002426147,0.711886286736,0.782867789268,0.599236905575,0.682951271534,0.599271893501,0.227440759540,0.062918767333,-0.208192944527,-0.501709282398,-0.554175257683,-0.605232179165,-0.583070874214,-0.434226036072,-0.400911211967,-0.425423920155,-0.340121269226,-0.255534321070,-0.150998994708,0.001361662173,0.191724583507,0.385498434305,0.397900313139,0.421374052763,0.506297051907,0.457476377487,0.473861843348,0.514517247677,0.383404970169,0.179824545979,-0.071061901748,-0.227810487151,-0.182797148824,-0.303530246019,-0.569878757000,-0.638222038746,-0.678855061531,-0.714892327785,-0.643214643002,-0.490781188011,-0.232683360577,-0.096381753683,0.091974698007,0.447739422321,0.438039809465,0.401889622211,0.671660423279,0.685539245605,0.649476289749,0.727104902267,0.474175989628,0.191388189793,0.133752733469,-0.045046072453,-0.252716928720,-0.399379819632,-0.607399761677,-0.567291557789,-0.520606517792,-0.586391508579,-0.395665019751,-0.414100646973,-0.498101919889,-0.358969569206,-0.276837378740,0.018159490079,0.290954202414,0.353800863028,0.490813553333,0.608358621597,0.628379762173,0.587088525295,0.595299303532,0.550055086613,0.455134660006,0.362683057785,0.001729005249,-0.346305549145,-0.439874291420,-0.563354551792,-0.656168699265,-0.702276229858,-0.803467810154,-0.689278185368,-0.467935144901,-0.335220634937,-0.014500724152,0.251803278923,0.330237358809,0.458576381207,0.520093262196,0.623459458351,0.663428127766,0.618774056435,0.733474552631,0.646232485771,0.464117079973,0.480029940605,0.363481312990,0.140155121684,-0.024026522413,-0.110501542687,-0.150163859129,-0.285475343466,-0.260962307453,-0.097309313715,-0.127578482032,-0.142633005977,-0.180158287287,-0.293352305889,-0.136882573366,0.116728082299,0.151565477252,0.214148744941,0.388353168964,0.414108365774,0.494766086340,0.483519762754,0.202821582556,0.190628454089,0.114675819874,-0.092586569488,-0.134764984250,-0.413561493158,-0.497725576162,-0.545486807823,-0.814960062504,-0.766256988049,-0.811772644520,-0.792079865932,-0.615599811077,-0.523991942406,-0.267352074385,-0.194105207920,0.047689527273,0.364726394415,0.273975402117,0.334711611271,0.471714109182,0.574022471905,0.523756444454,0.414782226086,0.515262663364,0.326094657183,-0.020371029153,-0.350556671619,-0.458339065313,-0.268248885870,-0.401681452990,-0.509265601635,-0.376939326525,-0.321315228939,-0.211490064859,-0.102696798742,-0.219792559743,-0.213658884168,0.171892359853,0.285934656858,0.470714062452,0.851725399494,0.695206642151,0.723422050476,0.852544665337,0.596761643887,0.559222817421,0.560535728931,0.438617587090,0.271097272635,0.059517361224,-0.031824417412,-0.273068308830,-0.488633036613,-0.472676992416,-0.533842265606,-0.485243856907,-0.393487125635,-0.319780379534,-0.038612738252,0.067207679152,0.083654001355,0.332100182772,0.462745159864,0.449862271547,0.553998708725,0.663630485535,0.617823362350,0.473554730415,0.397800117731,0.305209606886,-0.065287321806,-0.399593621492,-0.481838315725,-0.559560537338,-0.550320863724,-0.592130064964,-0.675291538239,-0.536176860332,-0.475844383240,-0.420891940594,-0.299698084593,-0.391269624233,-0.341029167175,-0.156334653497,-0.121012046933,0.144654452801,0.402540296316,0.344482213259,0.437321573496,0.376767963171,0.157504752278,0.332644224167,0.336655259132,0.103509344161,-0.036185938865,-0.267987906933,-0.385885387659,-0.479116588831,-0.689523637295,-0.768847763538,-0.583075582981,-0.297248393297,-0.141936242580,0.008358260617,0.078213162720,0.146344050765,0.339559435844,0.372571974993,0.453530997038,0.667301774025,0.695584952831,0.648835062981,0.761088311672,0.736630082130,0.372506678104,0.200638920069,0.186724409461,-0.109859958291,-0.327164858580,-0.262373745441,-0.310722380877,-0.432122468948,-0.308610588312,-0.209053158760,-0.306305170059,-0.436020016670,-0.439165174961,-0.132674932480,0.013199834153,-0.027907921001,0.278197854757,0.402996122837,0.263067841530,0.395991146564,0.483185142279,0.394707590342,0.359530657530,0.262643039227,0.123869359493,-0.006094626151,-0.214347660542,-0.310857981443,-0.363233149052,-0.594735026360,-0.713011920452,-0.672963738441,-0.604905843735,-0.374486297369,-0.158280760050,-0.089808598161,0.121041700244,0.461970537901,0.576885998249,0.574854373932,0.616195738316,0.628419041634,0.730983018875,0.610875904560,0.319697767496,0.355307996273,0.275711208582,0.075835153461,-0.072787672281,-0.432750612497,-0.462364077568,-0.261911630630,-0.261247158051,-0.207745403051,-0.251349657774,-0.297058671713,-0.241201683879,-0.302744418383,-0.290962487459,-0.131812155247,0.008174372837,0.112946674228,0.308876693249,0.451957136393,0.496756136417,0.535739719868,0.320504099131,0.194649323821,0.354690641165,0.325658798218,0.183922231197,0.089236363769,-0.116153396666,-0.353017151356,-0.339580774307,-0.270702838898,-0.282551586628,-0.186110809445,-0.180152758956,-0.118806906044,0.068183839321,0.161883711815,0.338569194078,0.489649683237,0.468686074018,0.393096446991,0.410181611776,0.446714222431,0.396495789289,0.363273620605,0.199944093823,0.087977260351,0.061739210039,-0.177478119731,-0.345125347376,-0.399061620235,-0.435866028070,-0.417052358389,-0.409014314413,-0.381392121315,-0.396579235792,-0.400601387024,-0.419022530317,-0.492782026529,-0.373648315668,-0.127825126052,0.015396147966,0.119591705501,0.149710595608,0.153090000153,0.244972869754,0.242932975292,0.308392852545,0.384183526039,0.185343235731,-0.044524814934,-0.285938739777,-0.390205353498,-0.390643060207,-0.594830393791,-0.690349519253,-0.680838346481,-0.668908059597,-0.423367142677,-0.094682656229,-0.032864265144,-0.033874418586,0.258711308241,0.466426402330,0.556002199650,0.673960268497,0.656001865864,0.801413238049,0.931311607361,0.816890180111,0.710973858833,0.536083817482,0.331862032413,0.175983309746,-0.022662468255,-0.191680029035,-0.207138165832,-0.252833366394,-0.375378727913,-0.350939929485,-0.402868032455,-0.372194468975,-0.164738059044,-0.229153707623,-0.184662654996,0.038793899119,0.106302231550,0.279854714870,0.425834238529,0.442606568336,0.545712590218,0.561365723610,0.421465873718,0.316557198763,0.213726386428,0.079232193530,-0.084635898471,-0.372167944908,-0.614620149136,-0.710753262043,-0.820481956005,-0.918570756912,-0.823648810387,-0.605002701283,-0.476410537958,-0.290885627270,-0.087335608900,0.013783926144,0.266194194555,0.469313770533,0.432555347681,0.393938660622,0.482330650091,0.642025411129,0.582999527454,0.439255326986,0.301317363977,-0.064050778747,-0.239731833339,-0.276284247637,-0.440850287676,-0.470572799444,-0.543825566769,-0.544852912426,-0.446986526251,-0.510251402855,-0.430385619402,-0.319355010986,-0.235758632421,-0.004326488823,0.070840388536,0.047518406063,0.251791298389,0.519166707993,0.547963976860,0.571870744228,0.544079184532,0.309497624636,0.303684681654,0.210585713387,0.008560577407,-0.002747301012,-0.279798507690,-0.391424983740,-0.331228196621,-0.564503014088,-0.692306637764,-0.831366717815,-0.772610008717,-0.361540734768,-0.193933814764,-0.093206867576,0.067453734577,0.191931530833,0.451214224100,0.653520941734,0.750247061253,0.790651023388,0.715080261230,0.635697662830,0.546947717667,0.425788789988,0.229110807180,0.069179587066,-0.010539581999,-0.306149244308,-0.552137494087,-0.569583475590,-0.552806317806,-0.540496349335,-0.599189341068,-0.493849664927,-0.454844444990,-0.460934251547,-0.174015894532,-0.130335360765,0.021679267287,0.392972260714,0.423928648233,0.544330179691,0.591567575932,0.491221129894,0.544989109039,0.425872534513,0.243658676744,0.095546759665,-0.145544663072,-0.307714641094,-0.379057794809,-0.509308636189,-0.614871561527,-0.624868035316,-0.651503384113,-0.644936800003,-0.611429929733,-0.428771644831,-0.024428775534,0.214417457581,0.354686111212,0.505571961403,0.424399703741,0.415654093027,0.611567437649,0.687213897705,0.713803112507,0.662296295166,0.453729510307,0.309074103832,0.100426733494,-0.135351657867,-0.212008088827,-0.294687807560,-0.314967364073,-0.231840848923,-0.117817886174,-0.061609409750,-0.039666693658,0.038972608745,-0.116497285664,-0.234020173550,-0.111702412367,-0.057730652392,0.141489595175,0.292088359594,0.261024087667,0.302393287420,0.295483529568,0.361955016851,0.369801163673,0.162144392729,0.109727643430,0.093850284815,-0.114574804902,-0.314205229282,-0.496878385544,-0.662482082844,-0.678429722786,-0.775441527367,-0.924986422062,-0.834961652756,-0.697528898716,-0.484157413244,-0.248225837946,-0.170185923576,0.034163080156,0.173016339540,0.183640912175,0.305119782686,0.321236342192,0.371035158634,0.527662038803,0.504990279675,0.393631547689,0.305615365505,0.145180746913,-0.132585749030,-0.376669079065,-0.430159568787,-0.473693013191,-0.585350930691,-0.595059812069,-0.527043461800,-0.423460036516,-0.407726466656,-0.436883240938,-0.257081866264,-0.120772257447,0.039915733039,0.358468502760,0.424314260483,0.455590188503,0.603051424026,0.650604009628,0.625420808792,0.531720161438,0.466892451048,0.330383062363,0.150319531560,0.111105367541,0.028114484623,-0.141049757600,-0.345390766859,-0.576550126076,-0.621099770069,-0.485213220119,-0.377350419760,-0.188946992159,-0.049894869328,-0.005334721878,0.192717880011,0.198244288564,0.228029012680,0.419775843620,0.319962084293,0.412358701229,0.590000510216,0.432062506676,0.256299972534,0.114883847535,0.028150998056,-0.089848481119,-0.208415865898,-0.323169112206,-0.473560780287,-0.472950428724,-0.543583273888,-0.533995270729,-0.381816118956,-0.431820690632,-0.476283907890,-0.473923176527,-0.417884200811,-0.274058163166,-0.083119258285,0.198033317924,0.275943577290,0.244503334165,0.252191215754,0.224904268980,0.330629765987,0.337302178144,0.191890716553,0.035926517099,-0.216102838516,-0.338464170694,-0.388638347387,-0.544596493244,-0.622540831566,-0.657487809658,-0.712853491306,-0.620337605476,-0.449296176434,-0.327828556299,-0.144949138165,0.023588670418,0.237422063947,0.461868107319,0.424492061138,0.495626240969,0.666639089584,0.708629608154,0.823843717575,0.659994542599,0.359952181578,0.231816127896,-0.008045838214,-0.085390344262,-0.057461153716,-0.220256969333,-0.319105863571,-0.352150589228,-0.390490025282,-0.399634927511,-0.406218409538,-0.418206334114,-0.414711445570,-0.379031211138,-0.287813723087,-0.060156751424,0.174382671714,0.382822513580,0.492983400822,0.381296068430,0.402839958668,0.407899469137,0.259652554989,0.321417093277,0.294659495354,0.075972996652,-0.112467609346,-0.331439614296,-0.528482258320,-0.646140098572,-0.677304923534,-0.724604249001,-0.691244125366,-0.479256033897,-0.289728313684,-0.137801826000,-0.079549059272,0.008103317581,0.189491674304,0.278386563063,0.390792787075,0.418688416481,0.436380535364,0.507761001587,0.388935655355,0.320916354656,0.264160454273,0.118307478726,-0.049513589591,-0.316014796495,-0.478280901909,-0.538128316402,-0.485568910837,-0.356076359749,-0.366577386856,-0.449940443039,-0.533539116383,-0.475733727217,-0.320406407118,-0.232212558389,-0.168793454766,-0.019648751244,0.222489252687,0.240978106856,0.198176145554,0.293115645647,0.229970455170,0.253535181284,0.307962030172,0.103655159473,0.048227626830,0.091694168746,-0.008354514837,-0.117759279907,-0.289807170630,-0.477340430021,-0.601718723774,-0.593408048153,-0.417076826096,-0.272447466850,-0.128709077835,0.036697674543,0.184548124671,0.339558392763,0.454279065132,0.637678921223,0.692853093147,0.649623632431,0.766991794109,0.677201926708,0.567005813122,0.539765298367,0.203376695514,-0.077582314610,-0.285616189241,-0.485540896654,-0.577872991562,-0.766807019711,-0.666943252087,-0.450117737055,-0.445445567369,-0.359709948301,-0.390796065331,-0.434300631285,-0.316235125065,-0.169508397579,0.031386069953,0.191294610500,0.339847505093,0.435795277357,0.452864140272,0.442760497332,0.390144497156,0.311776697636,0.118015147746,-0.060652162880,-0.206462398171,-0.401612758636,-0.582786321640,-0.744846343994,-0.824063897133,-0.916391432285,-0.841655313969,-0.611392557621,-0.492789596319,-0.230207428336,0.024239089340,0.217997476459,0.429300189018,0.421371102333,0.434308081865,0.477898657322,0.499996691942,0.571851968765,0.562981963158,0.470999568701,0.245891079307,0.053556539118,-0.083758749068,-0.253344416618,-0.346751332283,-0.442061603069,-0.455238342285,-0.300415426493,-0.108496382833,-0.145396575332,-0.297617256641,-0.237686440349,-0.183185517788,-0.070793353021,0.127786919475,0.229654908180,0.307229220867,0.278469204903,0.398876070976,0.608638823032,0.537196993828,0.401212722063,0.223845511675,-0.003877872368,-0.107947409153,-0.106512568891,-0.180028185248,-0.408011496067,-0.571695506573,-0.733274161816,-0.837647199631,-0.659988820553,-0.543629467487,-0.509109318256,-0.273007541895,-0.001211496536,0.184458658099,0.348759561777,0.440269023180,0.379977315664,0.398818582296,0.572487950325,0.574485123158,0.501276671886,0.523429751396,0.461402714252,0.244417145848,-0.039451025426,-0.289586097002,-0.530631244183,-0.591470360756,-0.498397707939,-0.520593523979,-0.469176590443,-0.458022445440,-0.476772189140,-0.341400891542,-0.402036786079,-0.414097100496,-0.237775564194,-0.082044400275,0.184571489692,0.339316546917,0.403778225183,0.478288739920,0.461013793945,0.496230393648,0.530642509460,0.486733675003,0.331894814968,0.124882005155,-0.115983188152,-0.362569063902,-0.451104283333,-0.618461251259,-0.717081427574,-0.635670244694,-0.731969892979,-0.666298627853,-0.364911705256,-0.125811383128,0.150923326612,0.306150287390,0.382836461067,0.615114629269,0.697534620762,0.661775171757,0.778357028961,0.788541257381,0.736181735992,0.729606151581,0.557244122028,0.323805958033,0.023819915950,-0.302215516567,-0.429634571075,-0.540305018425,-0.639395534992,-0.601521015167,-0.569395303726,-0.474716722965,-0.405462116003,-0.483550339937,-0.374579846859,-0.163194850087,-0.049674995244,0.218062117696,0.459047228098,0.489865571260,0.554963827133,0.581486761570,0.480669498444,0.340926170349,0.224167898297,0.241190463305,0.067677818239,-0.314927607775,-0.404263824224,-0.553247272968,-0.809136033058,-0.783357799053,-0.864912033081,-0.906716644764,-0.740858495235,-0.675128400326,-0.400290727615,-0.134233236313,-0.044372592121,0.375445067883,0.525725543499,0.389967173338,0.695163607597,0.827340364456,0.728304147720,0.829268515110,0.771458089352,0.588596701622,0.490619450808,0.249692022800,-0.075663901865,-0.214919403195,-0.405018419027,-0.480649888515,-0.294254064560,-0.357348680496,-0.390945941210,-0.336897879839,-0.501700460911,-0.480087608099,-0.266833543777,-0.016317401081,0.177050769329,0.232904687524,0.398688077927,0.536123991013,0.590458273888,0.697083652020,0.694820106030,0.613088369370,0.418356448412,0.111530691385,-0.032144885510,-0.131136745214,-0.408867359161,-0.705051064491,-0.883701682091,-1.008865118027,-1.092900037766,-1.039358973503,-0.880324661732,-0.653939306736,-0.379550844431,-0.160706281662,0.082157842815,0.270927280188,0.371087759733,0.560924053192,0.651957094669,0.713117480278,0.779338121414,0.624774456024,0.549468576908,0.418888002634,0.029379703104,-0.191511586308,-0.351455152035,-0.569049894810,-0.708186030388,-0.812154293060,-0.727915525436,-0.519989073277,-0.295608490705,-0.195342823863,-0.294174939394,-0.228049591184,-0.022886887193,0.280022174120,0.569754600525,0.655073642731,0.776717662811,0.695354163647,0.557651937008,0.615174531937,0.434224337339,0.297214776278,0.249266669154,0.024439720437,-0.170776203275,-0.426167577505,-0.649440705776,-0.744071841240,-0.758456885815,-0.745753824711,-0.719342172146,-0.458337098360,-0.296959429979,-0.068825438619,0.282661706209,0.214252486825,0.389158517122,0.546643137932,0.398962020874,0.628238320351,0.715333700180,0.758613884449,0.711619436741,0.397025108337,0.366309165955,0.084371022880,-0.235359594226,-0.335349917412,-0.583740413189,-0.657519340515,-0.602940618992,-0.428972452879,-0.329776644707,-0.301590472460,-0.270306587219,-0.361306428909,-0.166338905692,-0.104492820799,-0.080712221563,0.138145640492,0.060252957046,0.168127149343,0.323320925236,0.364766925573,0.541889488697,0.524463415146,0.437833905220,0.237583696842,0.031005507335,0.033965975046,-0.079697757959,-0.215658754110,-0.314993172884,-0.549088001251,-0.806105077267,-0.818769514561,-0.645310342312,-0.586463749409,-0.417892068624,-0.089708410203,0.106440514326,0.252919614315,0.440251559019,0.609112143517,0.619590938091,0.573959708214,0.650842368603,0.590797424316,0.459879845381,0.533784151077,0.429317235947,0.081582218409,-0.034850373864,-0.143720403314,-0.327971756458,-0.330897837877,-0.442397177219,-0.473478943110,-0.382831066847,-0.425282686949,-0.335893899202,-0.342852890491,-0.305942058563,-0.078773178160,-0.035264417529,0.128932595253,0.337455809116,0.460022181273,0.644288361073,0.678597033024,0.551720440388,0.367602109909,0.340203285217,0.303421646357,0.073626756668,-0.026806069538,-0.148690834641,-0.434796541929,-0.631623983383,-0.651682794094,-0.637604951859,-0.690391957760,-0.581351339817,-0.280722260475,-0.001037025009,0.205496311188,0.333663493395,0.464798957109,0.514954268932,0.488733500242,0.626551151276,0.708733081818,0.538140535355,0.379753708839,0.377044111490,0.260522425175,0.046042710543,0.076185680926,-0.167119190097,-0.620283186436,-0.530505359173,-0.433982133865,-0.405293881893,-0.174956128001,-0.182445868850,-0.249756246805,-0.237505659461,-0.249315306544,-0.175519496202,-0.049724739045,0.007407985628,0.099030494690,0.377443522215,0.536728501320,0.583355009556,0.624854803085,0.492143034935,0.370915830135,0.248930305243,0.161084845662,0.119895957410,-0.078598782420,-0.222189277411,-0.395390570164,-0.657870769501,-0.650491714478,-0.595643103123,-0.658815085888,-0.467372238636,-0.196460798383,-0.176219969988,-0.064231179655,0.197934046388,0.243714720011,0.210406541824,0.337633877993,0.478413969278,0.550035357475,0.626698374748,0.639109075069,0.518618702888,0.310560494661,0.029993388802,-0.254993230104,-0.417366743088,-0.406622409821,-0.413379311562,-0.496630519629,-0.428997725248,-0.344302058220,-0.364375710487,-0.375503540039,-0.344280511141,-0.281781613827,-0.238009929657,-0.066144049168,0.109390527010,0.235037118196,0.468576192856,0.460966765881,0.364964753389,0.457849532366,0.405073910952,0.203487306833,0.066992163658,-0.061621438712,-0.219650134444,-0.278719842434,-0.421257674694,-0.568903863430,-0.523024976254,-0.664379775524,-0.640243053436,-0.248783305287,-0.098547816277,-0.003655603155,0.174217119813,0.258577764034,0.407455861568,0.572760701180,0.614517986774,0.585930526257,0.556919336319,0.434342026711,0.405157923698,0.518755018711,0.345149993896,0.042930107564,-0.152647674084,-0.374386131763,-0.465270251036,-0.368325740099,-0.392567455769,-0.470637112856,-0.340808480978,-0.295113325119,-0.254994630814,-0.165974408388,-0.328996986151,-0.232577025890,-0.001967906486,0.021241104230,0.280980318785,0.441358327866,0.426686733961,0.480736464262,0.357581079006,0.257717609406,0.244772240520,0.116976246238,-0.039377659559,-0.087126962841,-0.225513204932,-0.489517688751,-0.604802012444,-0.745507419109,-0.761946082115,-0.682974159718,-0.703834712505,-0.359825968742,-0.116149328649,-0.106341071427,0.221343591809,0.376474350691,0.346810579300,0.386240482330,0.429112106562,0.693283081055,0.833460509777,0.723672270775,0.700814664364,0.568547666073,0.292610853910,0.068609252572,-0.130045816302,-0.330341100693,-0.474657088518,-0.539136052132,-0.536237418652,-0.381708949804,-0.258501172066,-0.328134506941,-0.370881289244,-0.359772652388,-0.228917613626,0.087507642806,0.289192616940,0.322689324617,0.320176124573,0.317030936480,0.428090125322,0.546632468700,0.524812459946,0.357155531645,0.179023593664,0.143325015903,-0.061276167631,-0.311854898930,-0.388160377741,-0.566999197006,-0.639877915382,-0.712952971458,-0.829473614693,-0.690823256969,-0.548940122128,-0.321206182241,-0.003839060431,0.184992775321,0.281297266483,0.342742204666,0.499484956264,0.604974925518,0.701356947422,0.776013553143,0.612712562084,0.408614248037,0.267542481422,0.181084036827,-0.067100681365,-0.489876568317,-0.670805096626,-0.626076698303,-0.530852556229,-0.431189835072,-0.327828556299,-0.249490380287,-0.282006144524,-0.377765774727,-0.254295200109,0.099184945226,0.217484667897,0.261498063803,0.396346777678,0.420535922050,0.515709996223,0.557564795017,0.518189311028,0.444177955389,0.317693978548,0.299481332302,0.198662996292,0.056473188102,-0.217975392938,-0.511142671108,-0.497286349535,-0.610927522182,-0.698576211929,-0.664627611637,-0.686628222466,-0.498884528875,-0.255843847990,0.039790537208,0.255515247583,0.434590637684,0.714000344276,0.769745111465,0.946425199509,1.015762925148,0.844810605049,0.917570412159,0.830902636051,0.706534683704,0.542795300484,0.137094244361,-0.093814447522,-0.347351461649,-0.548300623894,-0.464407622814,-0.382738143206,-0.408356904984,-0.404029756784,-0.350946575403,-0.438088357449,-0.421746253967,-0.341772824526,-0.280102938414,0.011586518027,0.085907608271,0.162063181400,0.383121162653,0.335241675377,0.386602163315,0.364854723215,0.294818103313,0.308550000191,0.055703502148,-0.140552207828,-0.391727924347,-0.630908966064,-0.654611527920,-0.886252522469,-1.020180940628,-0.958276927471,-0.911725461483,-0.708599448204,-0.466586291790,-0.283371150494,-0.051377337426,0.206560462713,0.362303406000,0.519983232021,0.558716356754,0.471452146769,0.574124455452,0.526355564594,0.433834612370,0.460968852043,0.257555246353,0.100668154657,-0.083777412772,-0.363777518272,-0.481032460928,-0.493425220251,-0.296305596828,-0.125525638461,-0.153359293938,-0.211161881685,-0.217413350940,-0.071852929890,0.025924392045,0.062396403402,0.189887329936,0.360273987055,0.526972651482,0.620414197445,0.658572733402,0.610490560532,0.566072523594,0.552550673485,0.422634541988,0.238937631249,0.054169945419,-0.115637302399,-0.290142953396,-0.423821687698,-0.559627115726,-0.695505261421,-0.690423607826,-0.647686660290,-0.508999407291,-0.448784500360,-0.478961467743,-0.323018491268,-0.152116432786,0.159245043993,0.356654673815,0.297831147909,0.451608955860,0.569572865963,0.543543040752,0.487174212933,0.393206954002,0.275893777609,0.071874141693,-0.080607488751,-0.286844611168,-0.390414983034,-0.363304764032,-0.501870214939,-0.518055796623,-0.511193215847,-0.504537343979,-0.413830041885,-0.506164729595,-0.495375543833,-0.381884008646,-0.243615463376,-0.023855352774,0.074051238596,0.202275961637,0.264562606812,0.311671525240,0.553892493248,0.594369173050,0.469992339611,0.387620538473,0.290926575661,0.188037335873,-0.046114414930,-0.243542373180,-0.397897362709,-0.630324780941,-0.693834602833,-0.684715569019,-0.639185190201,-0.467584609985,-0.252850592136,-0.050490301102,0.034010518342,0.205861940980,0.387678503990,0.387995153666,0.514433503151,0.682027280331,0.747771501541,0.718694150448,0.571316003799,0.444446176291,0.262347221375,0.131063908339,0.040629375726,-0.164580836892,-0.280802428722,-0.389700531960,-0.413126915693,-0.327745407820,-0.364693969488,-0.306666195393,-0.306357145309,-0.359928756952,-0.231118008494,-0.182520478964,-0.016055867076,0.156912043691,0.164813712239,0.314131140709,0.250675380230,0.201221406460,0.368302673101,0.279219865799,0.179519847035,0.106156535447,-0.037077635527,-0.138797581196,-0.243791937828,-0.390615075827,-0.576122283936,-0.631225407124,-0.748687028885,-0.785474061966,-0.546741545200,-0.438279300928,-0.274163991213,-0.057627528906,0.084319889545,0.296658307314,0.298712909222,0.308077365160,0.469999969006,0.524251282215,0.567079484463,0.528535127640,0.518735885620,0.540139913559,0.293115556240,0.054660886526,-0.178596645594,-0.418377935886,-0.355669498444,-0.338184803724,-0.292564362288,-0.183749258518,-0.271528303623,-0.205240085721,-0.254766017199,-0.311354488134,-0.151750281453,-0.121843479574,0.123589254916,0.319242477417,0.429386347532,0.623087882996,0.625870525837,0.769271790981,0.727961421013,0.619110167027,0.590809524059,0.286164671183,0.191038191319,0.023600988090,-0.181241944432,-0.200377479196,-0.417712807655,-0.606554031372,-0.790785849094,-0.743030726910,-0.536893904209,-0.399359732866,-0.160081580281,-0.131201162934,-0.015800047666,0.087301917374,0.122368752956,0.361433178186,0.313239037991,0.323218047619,0.358378291130,0.266395419836,0.285831362009,0.055955611169,-0.025840105489,-0.116491727531,-0.502116680145,-0.656309902668,-0.612069487572,-0.439781814814,-0.382706582546,-0.345182448626,-0.281871140003,-0.451110750437,-0.423495322466,-0.412071019411,-0.442047566175,-0.194514200091,-0.084326528013,0.003925754689,0.215871348977,0.309662699699,0.282154828310,0.276160418987,0.281985729933,0.221814572811,0.189191162586,0.099406972528,0.018991988152,-0.050599347800,-0.214680805802,-0.347060054541,-0.485898762941,-0.412370234728,-0.265367478132,-0.282703340054,-0.179049193859,-0.041795596480,0.131645232439,0.230644047260,0.289307415485,0.499339222908,0.532227337360,0.554500281811,0.679537534714,0.811793625355,0.845811545849,0.647017240524,0.487837314606,0.236050128937,0.046883694828,-0.057054005563,-0.319518327713,-0.318792313337,-0.347997605801,-0.344729602337,-0.161814644933,-0.292137056589,-0.320367783308,-0.371056854725,-0.449598640203,-0.283996045589,-0.257611900568,-0.042509619147,0.086268268526,0.133641213179,0.425244867802,0.368689119816,0.360631376505,0.310290545225,0.123583130538,0.201604276896,0.033262815326,-0.044268343598,-0.164324954152,-0.502945125103,-0.570944130421,-0.790259480476,-0.811100661755,-0.682431817055,-0.721759259701,-0.505662202835,-0.379073530436,-0.231424912810,-0.107996314764,-0.091842122376,0.123197734356,0.180407583714,0.259282737970,0.326905637980,0.413611263037,0.691769480705,0.611098766327,0.457076311111,0.381931751966,0.150600865483,-0.164938434958,-0.476495295763,-0.489121526480,-0.503140926361,-0.486779749393,-0.264636248350,-0.269275903702,-0.242913708091,-0.171985492110,-0.233575060964,-0.136293157935,0.019222857431,0.162765368819,0.298827290535,0.436221599579,0.575415372849,0.506904840469,0.389700174332,0.363251060247,0.297605782747,0.294785916805,0.236353054643,0.055025193840,-0.023213800043,-0.196952313185,-0.375409573317,-0.445260375738,-0.709526896477,-0.810284852982,-0.713603079319,-0.623391211033,-0.324963152409,-0.133919566870,0.018803257495,0.341500729322,0.520468771458,0.614080071449,0.552982449532,0.353624433279,0.355549454689,0.331316888332,0.190048784018,0.207529783249,0.154814273119,-0.035428866744,-0.165217816830,-0.392035216093,-0.497272014618,-0.388569235802,-0.454456537962,-0.505364656448,-0.428862363100,-0.378124952316,-0.356854319572,-0.405951350927,-0.316471904516,-0.178737863898,-0.093759663403,0.105336137116,0.268165439367,0.478847235441,0.633100986481,0.562150478363,0.505267918110,0.407930940390,0.327244788408,0.245080426335,0.047447245568,-0.104799464345,-0.293738245964,-0.405817657709,-0.423731476068,-0.590901851654,-0.650236666203,-0.568673849106,-0.472878307104,-0.257944196463,-0.099389567971,0.076665095985,0.376405954361,0.590518295765,0.765322685242,0.893797576427,0.988977611065,1.127307653427,1.144854903221,1.008841633797,0.805538356304,0.580612599850,0.330562114716,0.070251107216,-0.203739270568,-0.426870197058,-0.498009264469,-0.581126630306,-0.476958662271,-0.289936512709,-0.385978668928,-0.234277456999,-0.135872244835,-0.327404409647,-0.094149753451,0.081328324974,-0.007275403477,0.167791217566,0.286762148142,0.125288665295,0.142963066697,0.261084526777,0.027123577893,-0.086609169841,-0.065227918327,-0.280150949955,-0.365769594908,-0.520691096783,-0.812068939209,-0.923481106758,-0.937345802784,-0.879021644592,-0.839387953281,-0.683164417744,-0.357677400112,-0.191115766764,-0.163299694657,-0.001174155972,0.249874934554,0.390008568764,0.460106909275,0.378311753273,0.322018980980,0.386544197798,0.307800382376,0.327786892653,0.181318402290,-0.176507174969,-0.214708611369,-0.326259493828,-0.472910404205,-0.438465267420,-0.468952536583,-0.286332458258,-0.089357234538,-0.133630529046,-0.074610307813,-0.057255119085,-0.124644704163,0.000320572493,0.187415122986,0.343345910311,0.518500208855,0.597919106483,0.602571725845,0.625200092793,0.573368012905,0.604375541210,0.681453466415,0.464409589767,0.294280588627,0.218301564455,-0.001214046031,-0.085765235126,-0.258580267429,-0.469482183456,-0.436043798923,-0.461084514856,-0.475997090340,-0.422163605690,-0.280002176762,-0.035747498274,0.130320027471,0.247773051262,0.174614250660,0.173733815551,0.364754885435,0.415787488222,0.553360641003,0.577940881252,0.383308947086,0.367088615894,0.304338395596,0.114167787135,-0.038418173790,-0.265599757433,-0.493943482637,-0.599416792393,-0.651096045971,-0.601800441742,-0.432275712490,-0.327634304762,-0.333702325821,-0.331561952829,-0.270511597395,-0.230705022812,-0.164403289557,0.072590664029,0.159104898572,0.075190097094,0.346611291170,0.509567856789,0.334570854902,0.362029701471,0.220633313060,0.057503759861,0.064371161163,-0.180818229914,-0.269251227379,-0.478046178818,-0.781730413437,-0.667867839336,-0.800039649010,-0.871522247791,-0.604120552540,-0.462626546621,-0.138257980347,0.256628692150,0.393619745970,0.434208959341,0.572369217873,0.618359863758,0.626928925514,0.784845948219,0.608173012733,0.477755159140,0.511436283588,0.227938935161,0.182264536619,-0.014874869958,-0.463296383619,-0.423907607794,-0.390170365572,-0.332612693310,-0.186562597752,-0.276669323444,-0.205478787422,-0.193356931210,-0.324503004551,-0.295196831226,-0.244191557169,-0.048287678510,0.159062117338,0.228587865829,0.380438089371,0.568995952606,0.585481286049,0.502793729305,0.540858387947,0.385257422924,0.247799873352,0.328726589680,0.090648241341,-0.089735910296,-0.206250727177,-0.441320121288,-0.544806778431,-0.703639090061,-0.639445126057,-0.570474803448,-0.539541661739,-0.170848265290,-0.066800229251,-0.100338764489,0.164168283343,0.369276672602,0.436299324036,0.558068692684,0.554568767548,0.498885154724,0.618382036686,0.540155827999,0.469824492931,0.364136695862,-0.065341249108,-0.208062276244,-0.344474285841,-0.525807142258,-0.440739423037,-0.501048326492,-0.501496672630,-0.406882494688,-0.331691980362,-0.350835204124,-0.385970562696,-0.156056776643,-0.046452537179,0.085380956531,0.261584371328,0.398365378380,0.695474207401,0.801109492779,0.952988028526,0.923160493374,0.594160258770,0.533094525337,0.454171061516,0.343182921410,0.128421634436,-0.171840652823,-0.286298781633,-0.381860375404,-0.440763473511,-0.525197207928,-0.543786048889,-0.562188923359,-0.338795334101,0.127721101046,0.068297117949,0.123323164880,0.346724897623,0.249224305153,0.349929124117,0.519685626030,0.584472000599,0.424016386271,0.360835611820,0.344305336475,0.002299153246,-0.011258207262,-0.232203140855,-0.633561968803,-0.596605837345,-0.710471272469,-0.663410067558,-0.538600265980,-0.498068004847,-0.293338000774,-0.292228370905,-0.319435864687,-0.403704166412,-0.350380390882,-0.059226017445,-0.046150598675,0.042528942227,0.189883545041,0.162063404918,0.115490138531,0.097794696689,0.152888238430,-0.019415603951,-0.066213436425,0.020928690210,-0.114257380366,0.010099108331,-0.075462505221,-0.356253713369,-0.322748243809,-0.402322262526,-0.347619175911,-0.277782738209,-0.285162478685,0.015813715756,0.170409590006,0.260703444481,0.462659776211,0.429403156042,0.369347006083,0.530925929546,0.643423318863,0.599371850491,0.672177672386,0.666583776474,0.552014529705,0.525154113770,0.371102333069,0.196875929832,0.013162561692,-0.177000790834,-0.215070486069,-0.128181397915,-0.014705616981,-0.105983637273,-0.174138247967,-0.175421759486,-0.233314424753,-0.261028856039,-0.385791569948,-0.303113549948,-0.013091409579,0.116995856166,0.169409990311,0.394734978676,0.519460558891,0.234831139445,0.223341420293,0.204780206084,-0.090798728168,0.108358845115,0.133618056774,-0.173879444599,-0.291430473328,-0.588807702065,-0.728109240532,-0.521071493626,-0.588679850101,-0.689511537552,-0.275002241135,-0.173179641366,-0.287491947412,0.213715031743,0.193095877767,-0.018791619688,0.342121392488,0.264066070318,0.234370678663,0.512571334839,0.438191294670,0.238234683871,0.125193700194,-0.018332557753,-0.185238301754,-0.228105053306,-0.317329108715,-0.358763158321,-0.319151729345,-0.377692043781,-0.244060516357,-0.148522138596,-0.250731050968,-0.213881060481,-0.150352790952,-0.173796355724,-0.084577545524,0.117718443274,0.240819007158,0.313072562218,0.338728249073,0.387194424868,0.412055015564,0.281040579081,0.330160826445,0.349848002195,0.114558503032,0.013950255699,-0.118398062885,-0.325249195099,-0.376617848873,-0.460951983929,-0.537289083004,-0.535131812096,-0.557031810284,-0.309616744518,0.035014867783,0.100162677467,0.216214403510,0.293933719397,0.294130653143,0.458550244570,0.548082709312,0.506204009056,0.422759085894,0.445621609688,0.451163679361,0.320355296135,0.201973363757,-0.112614013255,-0.318009018898,-0.362020105124,-0.515727221966,-0.361859649420,-0.218380004168,-0.320399045944,-0.309035688639,-0.309119880199,-0.391013145447,-0.454479843378,-0.375858366489,-0.309125006199,-0.226275995374,0.052301280200,0.162933021784,0.313419580460,0.588487565517,0.500004112720,0.432272106409,0.561508297920,0.401906639338,0.167282313108,0.176807761192,0.055252946913,-0.212360143661,-0.341738313437,-0.436911910772,-0.439141184092,-0.445782899857,-0.442795336246,-0.211444437504,-0.112412817776,0.004613229074,0.369040071964,0.581527829170,0.689660787582,0.736375808716,0.766925930977,0.837443709373,0.729058384895,0.682721912861,0.704516589642,0.572570741177,0.395805150270,0.089178331196,-0.156071752310,-0.268497675657,-0.494734197855,-0.531524062157,-0.475138783455,-0.524165391922,-0.304685741663,-0.193014755845,-0.322448700666,-0.205882042646,-0.142066225410,-0.114027701318,0.059114787728,0.061505917460,0.093783892691,0.201251238585,0.219830170274,0.293508321047,0.210366293788,-0.015356940217,-0.087037175894,-0.221949353814,-0.369262337685,-0.390851289034,-0.601300418377,-0.727302789688,-0.626646339893,-0.706677138805,-0.720893800259,-0.607574462891,-0.580074608326,-0.309522449970,0.058240331709,0.184623122215,0.328985035419,0.430543154478,0.382730096579,0.458633065224,0.484111309052,0.396599173546,0.444843858480,0.466016501188,0.416400551796,0.350959450006,0.210373431444,0.066449932754,-0.133960247040,-0.260868251324,-0.266733676195,-0.354094177485,-0.337277501822,-0.256682783365,-0.291227728128,-0.292802721262,-0.268148481846,-0.260940819979,-0.175613850355,-0.055590562522,-0.003639853327,0.221210017800,0.418090462685,0.356783330441,0.446929484606,0.454718023539,0.427039355040,0.406826525927,0.066618427634,0.011338044889,-0.026708146557,-0.345506727695,-0.475709050894,-0.691442430019,-0.677054286003,-0.375222176313,-0.464461863041,-0.507587611675,-0.173031821847,-0.026537477970,-0.015494285151,0.199189916253,0.364464491606,0.487717777491,0.602579414845,0.557034909725,0.533968031406,0.528439223766,0.543733119965,0.539046466351,0.324278146029,0.150879383087,0.079917341471,-0.100140981376,-0.222260236740,-0.324095427990,-0.496819883585,-0.423195868731,-0.370042443275,-0.422449171543,-0.265413939953,-0.303477525711,-0.316726118326,-0.137337520719,-0.105228342116,0.040294572711,0.121952824295,0.182080626488,0.366451352835,0.392104625702,0.418067187071,0.370444357395,0.238199785352,0.087448522449,-0.137762308121,-0.296072244644,-0.462154895067,-0.574132859707,-0.740240454674,-0.846284925938,-0.682269454002,-0.767660379410,-0.765133321285,-0.485294967890,-0.426549881697,-0.217030271888,-0.002772326581,0.149530649185,0.503220796585,0.483275413513,0.400286316872,0.573996126652,0.524206340313,0.512386858463,0.512860655785,0.281134456396,0.137507304549,-0.017479600385,-0.202777847648,-0.237619891763,-0.435351490974,-0.659300029278,-0.549418926239,-0.362882167101,-0.223057582974,-0.182192981243,-0.295074760914,-0.246375381947,-0.078943178058,-0.044539950788,0.051319755614,0.278693318367,0.367651104927,0.295391917229,0.225130677223,0.266189277172,0.430500537157,0.482165008783,0.413325726986,0.272377461195,0.063843712211,0.069864608347,-0.046453323215,-0.413861840963,-0.572090327740,-0.683321297169,-0.682126104832,-0.608469188213,-0.645246267319,-0.398048311472,-0.120934516191,0.067837059498,0.311723709106,0.294300854206,0.316420644522,0.421593189240,0.394066184759,0.484319001436,0.560918390751,0.518071234226,0.409859597683,0.326611876488,0.306781351566,0.152146890759,-0.072623312473,-0.290844142437,-0.396480739117,-0.337364941835,-0.246334612370,-0.144121304154,-0.180794656277,-0.334383368492,-0.320133149624,-0.052687946707,0.067826204002,-0.008731623180,0.177462920547,0.396411657333,0.577757596970,0.770211100578,0.742449998856,0.708676517010,0.554027795792,0.296486169100,0.131869181991,-0.097662694752,-0.164011225104,-0.213868469000,-0.541838705540,-0.733924150467,-0.752300858498,-0.767461538315,-0.598172545433,-0.494726181030,-0.485855221748,-0.257882028818,-0.138280063868,-0.044232551008,0.166701644659,0.182605385780,0.242070004344,0.273305207491,0.246355995536,0.336369454861,0.339541435242,0.345408678055,0.113706074655,-0.204345643520,-0.254777461290,-0.410057455301,-0.449280649424,-0.395011246204,-0.400725722313,-0.313623338938,-0.380757391453,-0.384305775166,-0.397459775209,-0.396744281054,-0.199970215559,-0.294517815113,-0.261183589697,-0.043291937560,0.018057089299,0.228900730610,0.291515707970,0.355842590332,0.572106003761,0.609168231487,0.590381741524,0.539113163948,0.397054314613,0.197414919734,0.201962932944,0.122259192169,-0.206482246518,-0.267094135284,-0.413782954216,-0.482168763876,-0.298191368580,-0.345033735037,-0.232003003359,-0.088364310563,0.041794486344,0.279334455729,0.225198373199,0.295077711344,0.446496397257,0.493466377258,0.640080749989,0.597741663456,0.580325067043,0.594231665134,0.376908957958,0.275047153234,0.239786013961,0.023694276810,-0.236167922616,-0.420699864626,-0.472672611475,-0.406247317791,-0.423365473747,-0.541969418526,-0.591080248356,-0.633208394051,-0.548942327499,-0.300986230373,-0.240893200040,-0.150987744331,0.103863574564,0.217014282942,0.318986207247,0.366360098124,0.289070487022,0.280671954155,0.222741335630,0.102010756731,0.029565770179,-0.001784021384,-0.098620347679,-0.386488199234,-0.673505544662,-0.825811862946,-0.753984928131,-0.538855612278,-0.528985917568,-0.390589147806,-0.110273085535,-0.089381553233,-0.008159748279,0.103929206729,0.139857068658,0.252198219299,0.350349783897,0.506685853004,0.631685078144,0.584261596203,0.508442997932,0.389350831509,0.206133127213,0.087439842522,-0.087426558137,-0.256717920303,-0.313093572855,-0.431300371885,-0.448428660631,-0.381792277098,-0.313840508461,-0.231133714318,-0.209060102701,-0.093160130084,-0.104527115822,-0.108710266650,0.087043061852,0.152540981770,0.339980155230,0.488183498383,0.346973866224,0.275919616222,0.265125215054,0.207356974483,0.082086376846,0.071018867195,0.101973034441,-0.034405883402,-0.213315844536,-0.458064466715,-0.530443310738,-0.550218284130,-0.615091085434,-0.503499090672,-0.557645440102,-0.446573644876,-0.203985154629,-0.149554103613,0.141741767526,0.232468113303,0.202280655503,0.325079947710,0.264503777027,0.346552431583,0.365094929934,0.350252479315,0.460111588240,0.259662181139,0.123761601746,0.002475197427,-0.268930733204,-0.298685133457,-0.316790789366,-0.377576678991,-0.296225219965,-0.263336122036,-0.356427520514,-0.400382310152,-0.449458599091,-0.448936074972,-0.202590703964,-0.061076864600,0.010030868463,0.206595420837,0.302809208632,0.376664191484,0.380629360676,0.370189368725,0.452923953533,0.434374511242,0.325409293175,0.195370599627,0.088607564569,-0.106645092368,-0.247299835086,-0.269906848669,-0.418362945318,-0.412382483482,-0.416126698256,-0.368972897530,0.065032407641,0.194411754608,0.218293786049,0.518700003624,0.544898808002,0.547110438347,0.710861861706,0.717545807362,0.723801255226,0.746271669865,0.605768382549,0.435140907764,0.233634427190,-0.031092032790,-0.161831498146,-0.290129661560,-0.389937967062,-0.395518571138,-0.576652288437,-0.536984622478,-0.324749797583,-0.377504765987,-0.355044066906,-0.335433423519,-0.275231778622,-0.150331124663,-0.220127835870,-0.155679002404,-0.072711393237,0.026974808425,0.162160292268,0.087026149035,0.102230452001,0.054970320314,-0.011779953726,0.027788206935,-0.105326719582,-0.244368538260,-0.373890966177,-0.413937896490,-0.525639832020,-0.763454973698,-0.736579000950,-0.724054872990,-0.613573968410,-0.317032456398,-0.108873151243,0.093757666647,0.189547881484,0.285268038511,0.306414186954,0.374486386776,0.521973371506,0.417959630489,0.538870453835,0.732864618301,0.733288943768,0.640822827816,0.354295551777,0.152954831719,-0.140644222498,-0.297228693962,-0.208279892802,-0.253242969513,-0.218849644065,-0.247471287847,-0.195892632008,-0.139844954014,-0.299320131540,-0.277644157410,-0.262660682201,-0.190618678927,0.010041284375,0.157189354300,0.352580338717,0.489077389240,0.613182425499,0.648091673851,0.627458214760,0.560045957565,0.345989942551,0.244844257832,0.028284996748,-0.231549605727,-0.338785797358,-0.550470829010,-0.712366521358,-0.821007192135,-0.808256983757,-0.651746094227,-0.553278326988,-0.378680020571,-0.134109944105,0.181505575776,0.451203793287,0.476889133453,0.474873632193,0.540277421474,0.564487814903,0.585018694401,0.568026661873,0.442670762539,0.347091615200,0.184142723680,-0.008672378026,-0.081788025796,-0.353010296822,-0.630596160889,-0.684965133667,-0.600171983242,-0.363959878683,-0.308620095253,-0.302251160145,-0.240445047617,-0.320846527815,-0.180674418807,0.135241687298,0.264620274305,0.268851995468,0.310768604279,0.395713955164,0.451607793570,0.484210342169,0.450377225876,0.399701565504,0.307033896446,0.101030103862,-0.081731878221,-0.274947226048,-0.371621727943,-0.416858553886,-0.680636703968,-0.764190495014,-0.627776086330,-0.597085654736,-0.424405544996,-0.199116423726,-0.035526681691,0.234136074781,0.388496518135,0.437338590622,0.480675876141,0.452675491571,0.621351063251,0.730996131897,0.529871106148,0.483684331179,0.328321635723,0.018781885505,0.008581236005,-0.114614397287,-0.261117577553,-0.322409778833,-0.574241816998,-0.466824769974,-0.322220891714,-0.421220749617,-0.117113173008,-0.122613310814,-0.413761705160,-0.055599387735,0.120059907436,-0.053904179484,0.199856206775,0.352210432291,0.195018038154,0.334628373384,0.463876187801,0.366489261389,0.453808158636,0.363881409168,0.092825122178,-0.071844421327,-0.346021771431,-0.378330826759,-0.390226632357,-0.600678682327,-0.639239072800,-0.737307429314,-0.627315580845,-0.419822514057,-0.323739081621,0.022351872176,0.062866240740,0.045493349433,0.333095431328,0.369088709354,0.442171603441,0.555721342564,0.486363351345,0.555218636990,0.547422409058,0.353607445955,0.339002966881,0.233041360974,-0.101245455444,-0.277580946684,-0.458391964436,-0.524870336056,-0.353858739138,-0.292657464743,-0.176933914423,-0.056977178901,-0.041636511683,0.049264591187,0.141625329852,0.193267658353,0.269421130419,0.387318789959,0.479141414165,0.625112831593,0.655592262745,0.520324826241,0.521907746792,0.384520649910,0.154981449246,0.062953248620,-0.046285867691,-0.144517406821,-0.304624974728,-0.470137208700,-0.645110249519,-0.810511350632,-0.762854039669,-0.671819567680,-0.604927480221,-0.477919220924,-0.243045881391,0.010507792234,0.118591904640,0.229292839766,0.311217814684,0.249657899141,0.199498206377,0.259063452482,0.275951951742,0.200946807861,0.263135820627,0.189638122916,-0.082971416414,-0.157930180430,-0.375080734491,-0.520076096058,-0.198446899652,-0.230228602886,-0.460681587458,-0.292089790106,-0.342097908258,-0.451972931623,-0.284129589796,-0.341345906258,-0.328731566668,-0.188666567206,-0.231790557504,0.013943584636,0.322454541922,0.365425020456,0.410838603973,0.415816932917,0.544109165668,0.691914677620,0.653086066246,0.638746023178,0.531070590019,0.240781188011,-0.012835191563,-0.051074169576,-0.272336870432,-0.588253736496,-0.440974026918,-0.420561939478,-0.401341795921,-0.106975980103,-0.078867830336,0.091454908252,0.300057947636,0.310518234968,0.459830254316,0.508222758770,0.577237606049,0.740376055241,0.745151638985,0.604818940163,0.470345407724,0.488676071167,0.365458369255,0.067934148014,-0.160417929292,-0.284618914127,-0.339816123247,-0.458252310753,-0.419952899218,-0.388742715120,-0.545568585396,-0.463495492935,-0.440280139446,-0.503324329853,-0.251114189625,-0.074898920953,0.010011048988,0.197418421507,0.318373501301,0.423556536436,0.434059441090,0.414973109961,0.462100654840,0.349833190441,0.243674740195,0.114452071488,-0.218674376607,-0.464220851660,-0.601163446903,-0.699233233929,-0.790863633156,-0.887011110783,-0.820476591587,-0.685454905033,-0.509862124920,-0.317249864340,-0.175348252058,-0.044359646738,0.096507586539,0.356097787619,0.516063809395,0.594567179680,0.677022278309,0.594293475151,0.597750425339,0.529029011726,0.359602540731,0.215729042888,-0.082805618644,-0.160903975368,-0.252149194479,-0.498158395290,-0.394345670938,-0.388875514269,-0.501869082451,-0.290562897921,-0.210702195764,-0.292162865400,-0.140735790133,0.043204542249,0.137708619237,0.184368118644,0.196107149124,0.371861726046,0.560779452324,0.547969520092,0.597010910511,0.630114555359,0.329624950886,0.197519615293,0.277181804180,-0.098296836019,-0.264736384153,-0.126418232918,-0.472656756639,-0.609187662601,-0.493696451187,-0.649375081062,-0.533585608006,-0.250408023596,-0.142529085279,0.039932701737,0.220540821552,0.356215447187,0.432337194681,0.328565239906,0.375528305769,0.456235617399,0.395648539066,0.430680632591,0.353629678488,0.292663156986,0.194591641426,-0.155079171062,-0.336102843285,-0.463620364666,-0.556903839111,-0.434994339943,-0.447385489941,-0.520068168640,-0.416898906231,-0.287504076958,-0.234123200178,-0.250981569290,-0.328951358795,-0.260801702738,-0.029561966658,0.121613949537,0.301113545895,0.384931087494,0.331882655621,0.455704331398,0.505337238312,0.411623656750,0.257391482592,0.003820474958,-0.157899945974,-0.290925115347,-0.358752697706,-0.467203617096,-0.631841480732,-0.486102759838,-0.326042264700,-0.239676102996,0.009905540384,0.162520781159,0.252295404673,0.466362416744,0.652066171169,0.707570135593,0.720423519611,0.715833425522,0.650531709194,0.597983241081,0.613612711430,0.578511297703,0.394799441099,0.163209915161,-0.024043096229,-0.102773636580,-0.211996629834,-0.438554435968,-0.451917529106,-0.442973196507,-0.528859674931,-0.371109962463,-0.170910909772,-0.165439411998,-0.343527436256,-0.339779675007,-0.188101604581,-0.224948689342,-0.108750514686,0.009094503708,0.004528208636,0.048418711871,0.081327542663,0.151084840298,0.050499178469,-0.052701018751,-0.069817833602,-0.152035772800,-0.210804656148,-0.223869860172,-0.206103801727,-0.466045588255,-0.640301287174,-0.617237567902,-0.747728586197,-0.575283885002,-0.411293566227,-0.351696431637,-0.127649992704,-0.042696952820,0.141450777650,0.268214493990,0.255715042353,0.381948739290,0.431686252356,0.418299198151,0.422901958227,0.473887950182,0.450751304626,0.302741140127,0.166974902153,-0.103834159672,-0.270919442177,-0.220508620143,-0.220348998904,-0.144336864352,-0.063209503889,-0.089746087790,-0.128065377474,-0.157456427813,-0.092723898590,-0.023375757039,0.052453998476,0.168105661869,0.209229663014,0.362522780895,0.528557300568,0.571280062199,0.633996427059,0.537986993790,0.423476457596,0.369556307793,0.185412213206,0.035782609135,-0.165628999472,-0.405514061451,-0.486902326345,-0.480886399746,-0.487614065409,-0.580600500107,-0.600937783718,-0.457344919443,-0.217870324850,-0.024747150019,0.065690107644,0.206630721688,0.242460995913,0.271886765957,0.400474071503,0.469597160816,0.589094758034,0.533408343792,0.407105654478,0.372329175472,0.175603598356,0.043716788292,-0.145957395434,-0.455083042383,-0.570012927055,-0.607174158096,-0.609798491001,-0.541730403900,-0.428762435913,-0.457130640745,-0.495856881142,-0.344397038221,-0.418592005968,-0.426995724440,-0.105384647846,0.049922697246,0.176842421293,0.366504251957,0.372038424015,0.369487583637,0.448000311852,0.417265534401,0.260795265436,0.123847901821,0.023341923952,-0.116364099085,-0.248988553882,-0.371187537909,-0.629277408123,-0.830654799938,-0.715009570122,-0.504235565662,-0.307224661112,-0.101301707327,-0.009428772144,0.064743407071,0.235282793641,0.405684143305,0.522245228291,0.612271547318,0.637431859970,0.620047390461,0.634089767933,0.616448879242,0.486699491739,0.313490241766,0.185766264796,0.006743668579,-0.162066817284,-0.231819286942,-0.324858635664,-0.349528580904,-0.295146584511,-0.283845335245,-0.287858933210,-0.302821099758,-0.392837762833,-0.381171911955,-0.108798280358,0.037028025836,0.092461355031,0.241819545627,0.235761329532,0.324384480715,0.519009888172,0.540885686874,0.489393949509,0.351718604565,0.145335927606,-0.007034831215,-0.171072170138,-0.462065368891,-0.647482931614,-0.785217225552,-1.036023616791,-0.950336039066,-0.796441137791,-0.726750016212,-0.455256253481,-0.348864018917,-0.072055548429,0.319946408272,0.389768302441,0.557504415512,0.607653856277,0.581767618656,0.705277681351,0.633389532566,0.494331151247,0.377803206444,0.257489979267,0.013520500623,-0.284261077642,-0.386360377073,-0.484923392534,-0.468648880720,-0.393376380205,-0.373940855265,-0.270408242941,-0.226527497172,-0.119471974671,-0.086888842285,-0.044629387558,0.203692495823,0.314808279276,0.524498701096,0.625099360943,0.532610356808,0.594514012337,0.438646733761,0.377428680658,0.439831346273,0.276854693890,0.104008182883,-0.154893636703,-0.364040821791,-0.507105052471,-0.589088857174,-0.654258370399,-0.756403326988,-0.679480016232,-0.812062680721,-0.815187275410,-0.583399295807,-0.615159273148,-0.340653181076,-0.126338601112,-0.134416446090,0.111079171300,0.073282361031,0.021114088595,0.159437596798,0.149499595165,0.185616701841,0.198894679546,0.190346926451,0.095877766609,-0.177362367511,-0.343548774719,-0.372564017773,-0.345794051886,-0.412479579449,-0.516721844673,-0.429724693298,-0.344664275646,-0.321048766375,-0.343713372946,-0.355193912983,-0.206808462739,-0.092352479696,0.029824875295,0.166516661644,0.255281746387,0.424619168043,0.475426644087,0.530248284340,0.644358575344,0.563166916370,0.484580427408,0.445801377296,0.296306490898,0.052042111754,-0.139144688845,-0.275597840548,-0.450670123100,-0.549504876137,-0.602736234665,-0.511876523495,-0.316274762154,-0.190324395895,-0.049054857343,0.039406839758,0.243380919099,0.462247341871,0.437254667282,0.490436941385,0.577746272087,0.564920842648,0.598765969276,0.596996128559,0.460526943207,0.236836999655,0.033787723631,-0.133287549019,-0.305531978607,-0.435915768147,-0.424622178078,-0.326331913471,-0.319835662842,-0.411114186049,-0.404574126005,-0.328108221292,-0.443349778652,-0.432201355696,-0.209400132298,-0.136007130146,0.014651901089,0.143480166793,0.249164551497,0.401620447636,0.347783595324,0.428607046604,0.411746174097,0.247496843338,0.270858824253,0.129875332117,-0.007191451732,-0.207854047418,-0.550368070602,-0.667009532452,-0.719787657261,-0.727754294872,-0.688579738140,-0.592719554901,-0.428549140692,-0.309563696384,-0.113863274455,0.023794500157,0.081543013453,0.137705728412,0.164856672287,0.321008473635,0.415914416313,0.409941196442,0.475316733122,0.372372031212,0.155208021402,0.015010932460,-0.099198393524,-0.139904588461,-0.248144596815,-0.350257873535,-0.347619473934,-0.456942200661,-0.420324325562,-0.329642653465,-0.364585250616,-0.341308265924,-0.401081532240,-0.331524461508,-0.210232645273,-0.142147034407,0.047281239182,0.122602574527,0.199467360973,0.236144050956,0.339629709721,0.517550289631,0.384745717049,0.322713792324,0.311335235834,0.262673586607,0.182798802853,-0.125909924507,-0.269923150539,-0.351843088865,-0.454254388809,-0.542883872986,-0.615363717079,-0.419117212296,-0.337177067995,-0.266223967075,-0.020469354466,0.181417062879,0.319216966629,0.287317544222,0.324268132448,0.363904476166,0.477131783962,0.697182595730,0.583195626736,0.431352615356,0.211727052927,-0.036832205951,-0.111857205629,-0.300358295441,-0.297667533159,-0.292877614498,-0.410044372082,-0.402314513922,-0.514307081699,-0.449680060148,-0.377724915743,-0.514346957207,-0.462521851063,-0.312111109495,-0.107914090157,0.079405009747,0.213246554136,0.284595072269,0.315986871719,0.508426189423,0.565403521061,0.361073911190,0.115702062845,-0.008279348724,0.065655663610,0.087898574769,-0.070939436555,-0.333458423615,-0.593639791012,-0.658604979515,-0.554126441479,-0.520143985748,-0.468070745468,-0.294042825699,-0.109958969057,0.100993186235,0.207838863134,0.291689962149,0.377281486988,0.350848823786,0.503134131432,0.595663487911,0.500317811966,0.458385646343,0.376634985209,0.332899451256,0.136575356126,-0.165299504995,-0.288799673319,-0.392308861017,-0.283740580082,-0.101819440722,-0.197135567665,-0.222315326333,-0.254549980164,-0.452290147543,-0.431970715523,-0.423947006464,-0.619760155678,-0.601092338562,-0.420623630285,-0.251198768616,-0.050191491842,0.023800441995,0.006359624211,0.166919082403,0.270787805319,0.120665080845,0.148471236229,0.155240699649,-0.085865728557,-0.117831297219,-0.131206214428,-0.270495533943,-0.408279091120,-0.549831569195,-0.543536186218,-0.490416288376,-0.267951369286,-0.070371367037,-0.102414257824,-0.028443954885,-0.022491527721,0.120160140097,0.312065780163,0.250107020140,0.352671712637,0.417182862759,0.495039820671,0.546075940132,0.373349934816,0.329533964396,0.094489425421,-0.156006336212,-0.194606184959,-0.241508036852,-0.168696835637,-0.181683659554,-0.133501484990,-0.135476142168,-0.197384819388,-0.029609864578,-0.115443870425,-0.196223646402,-0.154040575027,-0.093058742583,0.228475347161,0.316389441490,0.260267943144,0.262446105480,0.292022585869,0.397886067629,0.328953891993,0.266864508390,0.072927989066,-0.145408958197,-0.157125145197,-0.349988102913,-0.464398682117,-0.531671226025,-0.589106798172,-0.493217140436,-0.608471214771,-0.552586734295,-0.315526902676,-0.267362952232,-0.142232194543,0.074781060219,0.323788225651,0.389468550682,0.303467750549,0.366510391235,0.406413614750,0.458081692457,0.513186991215,0.391897231340,0.195865288377,0.054210968316,0.019520455971,-0.109045036137,-0.286048173904,-0.313550978899,-0.368547886610,-0.347139894962,-0.217656746507,-0.215148240328,-0.225226581097,-0.230930119753,-0.268841654062,-0.246507108212,-0.140584230423,0.091099217534,0.235707297921,0.220914557576,0.270974338055,0.325036615133,0.391363412142,0.402814030647,0.199941933155,0.041691143066,-0.063304580748,-0.130356475711,-0.058949589729,-0.221307322383,-0.516242742538,-0.564794600010,-0.468730837107,-0.291028946638,-0.159167140722,-0.136954441667,-0.014609776437,0.188789606094,0.209111854434,0.155469253659,0.295041233301,0.376807034016,0.380892217159,0.436254262924,0.326559722424,0.254973351955,0.290630340576,0.208642289042,0.071903131902,-0.112273655832,-0.265258133411,-0.335701286793,-0.373233854771,-0.341472685337,-0.241422623396,-0.140015497804,-0.187720373273,-0.290061414242,-0.338282525539,-0.274838775396,-0.041874721646,0.029927089810,0.059198722243,0.261697918177,0.350683391094,0.408884793520,0.491950601339,0.441672444344,0.344413489103,0.314270049334,0.213202625513,0.034397862852,-0.004971788265,-0.218999505043,-0.649607896805,-0.780166506767,-0.730056047440,-0.749498128891,-0.644310832024,-0.371589034796,-0.242062151432,-0.169926390052,0.148961961269,0.258376479149,0.196915104985,0.542807221413,0.714724421501,0.560843050480,0.742171823978,0.787067651749,0.491399526596,0.481658369303,0.409234613180,0.039574585855,-0.106771260500,-0.185579732060,-0.323795050383,-0.305412828922,-0.299924969673,-0.273955583572,-0.130846574903,0.021125111729,0.087242513895,-0.009778828360,-0.037413310260,0.072330772877,0.128170073032,0.156950950623,0.126144960523,0.088089048862,0.181702375412,0.288512319326,0.290189772844,0.306932061911,0.326391905546,0.136235922575,-0.072309404612,-0.143870577216,-0.288838148117,-0.472963243723,-0.540425539017,-0.520446717739,-0.602092683315,-0.739409565926,-0.723085999489,-0.643330097198,-0.477632880211,-0.204608306289,-0.071671925485,-0.011095659807,0.136929437518,0.188339963555,0.174159571528,0.279370397329,0.278961718082,0.218517050147,0.329199910164,0.245434612036,0.015892961994,-0.054842822254,-0.183044195175,-0.290421545506,-0.375698208809,-0.516366004944,-0.447464764118,-0.310398191214,-0.251044034958,-0.160350188613,-0.147695630789,-0.132450371981,0.047038510442,0.157545059919,0.254766047001,0.487754344940,0.517355084419,0.449252545834,0.443565368652,0.426194310188,0.577636241913,0.653004825115,0.565614461899,0.377717763186,-0.011572801508,-0.188130006194,-0.222247704864,-0.414006650448,-0.527193188667,-0.573843479156,-0.602424860001,-0.550831794739,-0.441148489714,-0.182445794344,0.065806202590,0.063959226012,0.280752569437,0.624626874924,0.505382895470,0.560358524323,0.747068285942,0.552863299847,0.577905297279,0.610221683979,0.340203285217,0.178519859910,-0.026133991778,-0.177280142903,-0.193116158247,-0.454119563103,-0.595931470394,-0.539446294308,-0.575849235058,-0.391103774309,-0.286985635757,-0.417103439569,-0.338441640139,-0.315566033125,-0.308971822262,0.019694905728,0.150492429733,0.104907520115,0.407321959734,0.480013400316,0.339870363474,0.492520034313,0.451601982117,0.371980965137,0.382697641850,0.213855221868,0.063125029206,-0.258967518806,-0.517334401608,-0.548402786255,-0.745502531528,-0.729410409927,-0.507767081261,-0.448724567890,-0.222518190742,0.032057430595,0.070192053914,0.282381772995,0.415004521608,0.185401022434,0.240842327476,0.461490720510,0.425355464220,0.505986928940,0.477126508951,0.235760807991,0.188952177763,0.066727869213,-0.098404146731,-0.148139908910,-0.277919709682,-0.347832709551,-0.389290869236,-0.334220111370,-0.190382301807,-0.211328834295,-0.140973255038,-0.150438085198,-0.325113654137,-0.182947322726,0.034810248762,0.172601833940,0.312115997076,0.298601239920,0.321108132601,0.386808693409,0.443868696690,0.530926823616,0.424500763416,0.209318831563,0.065750390291,-0.054022472352,-0.188812807202,-0.280610769987,-0.321277827024,-0.441205561161,-0.576092958450,-0.659582436085,-0.618769168854,-0.402715593576,-0.206414148211,-0.004971916787,0.200744405389,0.319580912590,0.417569071054,0.490033596754,0.624459922314,0.737529516220,0.715059638023,0.706602811813,0.539841771126,0.303197294474,0.285225182772,0.112564451993,-0.115678824484,-0.201918438077,-0.431259542704,-0.481715738773,-0.446389436722,-0.465828865767,-0.303181648254,-0.315563201904,-0.254366219044,-0.138506695628,-0.182362988591,0.100205570459,0.265999704599,0.194228544831,0.358882039785,0.485374808311,0.402018994093,0.411971658468,0.505271136761,0.409414976835,0.430234253407,0.447473675013,0.218799188733,0.085432693362,-0.120559886098,-0.292027324438,-0.322590857744,-0.399242669344,-0.260517597198,-0.125212356448,-0.123025938869,-0.018020791933,-0.048405312002,-0.069048598409,0.153380900621,0.249565809965,0.295776546001,0.420645505190,0.334128648043,0.409270703793,0.719114243984,0.641403257847,0.473241955042,0.490774631500,0.312711954117,0.059878345579,-0.152636706829,-0.378168910742,-0.430108696222,-0.403471529484,-0.437024295330,-0.464824587107,-0.548502564430,-0.603580117226,-0.535082221031,-0.552282273769,-0.534325242043,-0.321198791265,-0.244179263711,-0.175836220384,0.078814268112,0.270397931337,0.361891329288,0.242278128862,0.155778810382,0.196353107691,0.091833271086,0.136835873127,0.043149583042,-0.241545319557,-0.350307583809,-0.564298391342,-0.712278902531,-0.726042509079,-0.689447104931,-0.604015886784,-0.471151858568,-0.122139796615,0.053924530745,0.111622422934,0.310389846563,0.457207590342,0.519903302193,0.613525032997,0.935691714287,0.977181553841,0.749686121941,0.770879507065,0.642615437508,0.451727926731,0.262793719769,-0.066274479032,-0.282224178314,-0.432489424944,-0.391232788563,-0.237430974841,-0.282757878304,-0.338152557611,-0.251382350922,-0.326156079769,-0.489902317524,-0.251771539450,-0.040657628328,-0.044967751950,0.235708028078,0.450503438711,0.513074994087,0.704607784748,0.686854004860,0.457065433264,0.374776303768,0.309220165014,0.111560754478,0.005882721860,-0.169340983033,-0.474461287260,-0.601295650005,-0.688855826855,-0.770327210426,-0.790726184845,-0.792626321316,-0.601229846478,-0.335361987352,-0.098269931972,0.140275523067,0.169321358204,0.173928037286,0.341601997614,0.431511431932,0.514082789421,0.606377005577,0.577213943005,0.417222231627,0.275656610727,0.328484028578,0.202932417393,-0.072341114283,-0.321580231190,-0.575486719608,-0.468628853559,-0.315507084131,-0.253296971321,-0.140928700566,-0.128944426775,-0.049838196486,-0.113049946725,-0.089273110032,0.038604963571,-0.037760298699,0.147270977497,0.216888040304,0.190385967493,0.390087813139,0.386229515076,0.373286068439,0.258880823851,0.222875013947,0.358110487461,0.148588210344,0.055131528527,-0.000185520461,-0.273998886347,-0.399284094572,-0.525240123272,-0.598771989346,-0.472332417965,-0.216952562332,-0.043524421751,-0.020436167717,0.104195259511,0.237768113613,0.432259112597,0.520417690277,0.373785644770,0.501617550850,0.483976483345,0.288248896599,0.473031729460,0.410050600767,0.144178286195,0.097223043442,-0.059127215296,-0.267260700464,-0.346339702606,-0.364600062370,-0.494118988514,-0.576268732548,-0.452382653952,-0.365624099970,-0.308782994747,-0.321237325668,-0.350100457668,-0.174406021833,-0.054495923221,-0.017937747762,0.218963637948,0.311971068382,0.201203286648,0.310429275036,0.293665200472,0.204462617636,0.291981548071,0.033244181424,-0.195353597403,-0.228141948581,-0.495488971472,-0.527039289474,-0.494890213013,-0.651658117771,-0.601752161980,-0.624352693558,-0.679341554642,-0.421894013882,-0.114943534136,0.037397637963,0.161604970694,0.296916455030,0.372798830271,0.513692855835,0.589599013329,0.573171317577,0.631564378738,0.501378178596,0.411258608103,0.439286947250,0.274788975716,0.151620045304,-0.014048684388,-0.143871694803,-0.122550807893,-0.206500574946,-0.077212356031,0.150933146477,0.133097022772,0.132510721684,0.068779565394,-0.048587661237,0.072976753116,0.253586769104,0.283578068018,0.281508445740,0.340317487717,0.336455702782,0.336875796318,0.414258271456,0.290733754635,0.136121004820,0.131652384996,0.031999297440,-0.139166370034,-0.308581382036,-0.432104736567,-0.587200820446,-0.703414678574,-0.616485297680,-0.614364027977,-0.617823362350,-0.520222187042,-0.467656672001,-0.295917481184,-0.095346875489,0.013441998512,0.083726808429,0.077833577991,0.020451670513,0.111160814762,0.336035430431,0.352258920670,0.274994343519,0.165889993310,0.031192470342,-0.035956382751,-0.305381923914,-0.445860594511,-0.479279905558,-0.644417166710,-0.547205448151,-0.511631608009,-0.541485607624,-0.372165083885,-0.309118449688,-0.257778763771,-0.123415276408,-0.020335681736,0.057446684688,0.255701065063,0.464729577303,0.525695085526,0.631224870682,0.643369734287,0.592860162258,0.583560943604,0.461220622063,0.375661075115,0.250927835703,-0.002725229366,-0.272587686777,-0.459750503302,-0.576878666878,-0.701442658901,-0.681023120880,-0.647502303123,-0.536419570446,-0.215074345469,0.029274879023,0.267726600170,0.445015102625,0.486030369997,0.555833220482,0.635374128819,0.748299300671,0.777329087257,0.698733448982,0.583856880665,0.409042596817,0.254494875669,-0.014293589629,-0.298977524042,-0.441268444061,-0.604447782040,-0.608880579472,-0.579565107822,-0.624554514885,-0.453621059656,-0.374972522259,-0.387478858232,-0.264212489128,-0.169463708997,-0.031319621950,0.087936989963,0.157553792000,0.230302169919,0.299386262894,0.447904020548,0.487657964230,0.395181536674,0.283665627241,0.156186789274,0.048188477755,-0.161951482296,-0.408571004868,-0.571890175343,-0.667973220348,-0.714625477791,-0.785123884678,-0.810713112354,-0.791173219681,-0.676566779613,-0.405549496412,-0.165630206466,0.067942395806,0.249374419451,0.336070030928,0.497865945101,0.568500161171,0.585860371590,0.680398404598,0.582253694534,0.383940726519,0.341460615396,0.289636701345,0.051215980202,-0.199521094561,-0.356052905321,-0.525890648365,-0.535748541355,-0.406040102243,-0.416258156300,-0.399696290493,-0.233206242323,-0.133413970470,-0.115115381777,-0.024306975305,0.051865044981,0.100318647921,0.256756633520,0.350739091635,0.427769273520,0.612416863441,0.646773636341,0.556216120720,0.448423713446,0.331210494041,0.257205426693,0.097121991217,-0.081626780331,-0.243983566761,-0.530383944511,-0.692839145660,-0.711613059044,-0.827151477337,-0.772216022015,-0.703094124794,-0.722330868244,-0.307666808367,0.015054331161,0.071644037962,0.352496385574,0.432168275118,0.426657557487,0.550027966499,0.587598443031,0.599092245102,0.538596391678,0.475559026003,0.258146733046,-0.059746675193,-0.250099539757,-0.575379371643,-0.783898472786,-0.703694343567,-0.702545285225,-0.653287529945,-0.534538805485,-0.569895327091,-0.454732447863,-0.284221619368,-0.315821290016,-0.146091237664,0.050997611135,0.162819683552,0.341202735901,0.311432421207,0.380217552185,0.468631923199,0.358921468258,0.387690275908,0.368319153786,0.334293842316,0.233911573887,-0.010803504847,-0.027138164267,-0.108282044530,-0.259921669960,-0.232598513365,-0.300729095936,-0.375953197479,-0.330605030060,-0.141734287143,0.122581407428,0.230022430420,0.272776752710,0.366681993008,0.454215228558,0.452214300632,0.471194833517,0.558762013912,0.535051405430,0.488721400499,0.411181658506,0.296246290207,0.242353588343,0.020541723818,-0.197438582778,-0.285007238388,-0.493896126747,-0.522543907166,-0.445437401533,-0.499950170517,-0.410557508469,-0.381151586771,-0.477979719639,-0.579844415188,-0.632070899010,-0.425248473883,-0.245543032885,-0.140994325280,-0.048315051943,-0.081127785146,0.004731077701,0.113353997469,0.252424448729,0.314434140921,0.062477752566,-0.025007331744,-0.030355272815,-0.169138967991,-0.277174711227,-0.454599797726,-0.579249083996,-0.684604465961,-0.783095359802,-0.775475800037,-0.720624387264,-0.478994309902,-0.137457147241,0.062816374004,0.064529702067,0.117123700678,0.324655711651,0.381324142218,0.500925183296,0.695797324181,0.702074944973,0.771669983864,0.683048605919,0.512299299240,0.542498946190,0.334321916103,0.076885715127,-0.071422465146,-0.231059893966,-0.203004971147,-0.205400288105,-0.302718609571,-0.343026757240,-0.281045198441,-0.288845390081,-0.409596711397,-0.308871775866,-0.197336509824,-0.050628580153,